timestamp,users_holding
"2018-08-28 13:40:14",0
"2018-08-28 14:40:14",0
"2018-08-28 15:40:14",1
"2018-08-28 16:40:14",3
"2018-08-28 17:40:15",3
"2018-08-28 18:40:15",8
"2018-08-28 19:40:14",14
"2018-08-28 20:40:14",17
"2018-08-28 21:40:15",17
"2018-08-28 22:40:15",17
"2018-08-28 23:40:14",17
"2018-08-29 00:40:15",17
"2018-08-29 01:40:15",17
"2018-08-29 02:40:14",17
"2018-08-29 03:40:14",17
"2018-08-29 04:40:14",17
"2018-08-29 05:40:15",17
"2018-08-29 06:40:14",17
"2018-08-29 07:40:14",17
"2018-08-29 08:40:14",17
"2018-08-29 09:40:14",17
"2018-08-29 10:40:14",17
"2018-08-29 11:40:14",17
"2018-08-29 12:40:15",17
"2018-08-29 14:03:49",24
"2018-08-29 14:40:14",24
"2018-08-29 15:40:15",26
"2018-08-29 16:40:14",27
"2018-08-29 17:40:15",28
"2018-08-29 18:40:16",29
"2018-08-29 19:40:14",32
"2018-08-29 20:40:14",35
"2018-08-29 21:40:14",35
"2018-08-29 22:40:14",35
"2018-08-29 23:40:15",35
"2018-08-30 00:40:15",35
"2018-08-30 01:40:14",35
"2018-08-30 02:40:14",35
"2018-08-30 03:40:15",35
"2018-08-30 04:40:14",35
"2018-08-30 05:40:15",35
"2018-08-30 06:40:14",35
"2018-08-30 07:40:14",35
"2018-08-30 08:40:14",35
"2018-08-30 09:40:15",35
"2018-08-30 10:40:15",35
"2018-08-30 11:40:15",35
"2018-08-30 12:40:15",35
"2018-08-30 13:40:16",35
"2018-08-30 14:40:15",43
"2018-08-30 15:40:14",45
"2018-08-30 16:40:14",49
"2018-08-30 17:40:14",49
"2018-08-30 18:40:14",50
"2018-08-30 19:40:15",50
"2018-08-30 20:40:14",50
"2018-08-30 21:40:14",50
"2018-08-30 22:40:14",50
"2018-08-30 23:40:15",50
"2018-08-31 00:40:15",50
"2018-08-31 01:40:14",50
"2018-08-31 02:40:14",50
"2018-08-31 03:40:15",50
"2018-08-31 04:40:14",50
"2018-08-31 05:40:14",50
"2018-08-31 06:40:15",50
"2018-08-31 07:40:14",50
"2018-08-31 08:40:14",50
"2018-08-31 09:40:15",50
"2018-08-31 10:40:14",50
"2018-08-31 11:40:15",50
"2018-08-31 12:40:14",50
"2018-08-31 13:40:15",50
"2018-08-31 14:40:14",52
"2018-08-31 15:40:14",53
"2018-08-31 16:40:14",54
"2018-08-31 17:40:15",55
"2018-08-31 18:40:15",57
"2018-08-31 19:40:14",57
"2018-08-31 20:40:14",57
"2018-08-31 21:40:14",57
"2018-08-31 22:40:14",57
"2018-08-31 23:40:14",57
"2018-09-01 00:40:14",57
"2018-09-01 01:40:14",57
"2018-09-01 02:40:14",57
"2018-09-01 03:40:15",57
"2018-09-01 04:40:15",57
"2018-09-01 05:40:15",57
"2018-09-01 06:40:14",57
"2018-09-01 07:40:14",57
"2018-09-01 08:40:15",57
"2018-09-01 09:40:15",57
"2018-09-01 10:40:15",57
"2018-09-01 11:40:14",57
"2018-09-01 12:40:14",57
"2018-09-01 13:40:15",57
"2018-09-01 14:40:15",57
"2018-09-01 15:40:14",57
"2018-09-01 16:40:14",57
"2018-09-01 17:40:14",57
"2018-09-01 18:40:15",57
"2018-09-01 19:40:14",57
"2018-09-01 20:40:14",57
"2018-09-01 21:40:14",57
"2018-09-01 22:40:15",57
"2018-09-01 23:40:14",57
"2018-09-02 00:40:14",57
"2018-09-02 01:40:14",57
"2018-09-02 02:40:15",57
"2018-09-02 03:40:15",57
"2018-09-02 04:40:15",57
"2018-09-02 05:40:15",57
"2018-09-02 06:40:14",57
"2018-09-02 07:40:14",57
"2018-09-02 08:40:15",57
"2018-09-02 09:40:14",57
"2018-09-02 10:40:14",57
"2018-09-02 11:40:15",57
"2018-09-02 12:40:15",57
"2018-09-02 13:40:15",57
"2018-09-02 14:40:15",57
"2018-09-02 15:40:15",57
"2018-09-02 16:40:15",57
"2018-09-02 17:40:15",57
"2018-09-02 18:40:14",57
"2018-09-02 19:40:14",57
"2018-09-02 20:40:14",57
"2018-09-02 21:40:15",57
"2018-09-02 22:40:15",57
"2018-09-02 23:40:15",57
"2018-09-03 00:40:14",57
"2018-09-03 01:40:15",57
"2018-09-03 02:40:15",57
"2018-09-03 03:40:14",57
"2018-09-03 04:40:15",57
"2018-09-03 05:40:14",57
"2018-09-03 06:40:15",57
"2018-09-03 07:40:15",57
"2018-09-03 08:40:18",57
"2018-09-03 09:40:15",57
"2018-09-03 10:40:14",57
"2018-09-03 11:40:15",57
"2018-09-03 12:40:14",57
"2018-09-03 13:40:14",57
"2018-09-03 14:40:14",57
"2018-09-03 15:40:14",57
"2018-09-03 16:40:15",57
"2018-09-03 17:40:14",57
"2018-09-03 18:40:15",57
"2018-09-03 19:40:14",57
"2018-09-03 20:40:15",57
"2018-09-03 21:40:14",57
"2018-09-03 22:40:15",57
"2018-09-03 23:40:14",57
"2018-09-04 00:40:15",57
"2018-09-04 01:40:15",57
"2018-09-04 02:40:14",57
"2018-09-04 03:40:14",57
"2018-09-04 04:40:14",57
"2018-09-04 05:40:14",57
"2018-09-04 06:40:14",57
"2018-09-04 07:40:15",57
"2018-09-04 08:40:15",57
"2018-09-04 09:40:15",57
"2018-09-04 10:40:15",57
"2018-09-04 11:40:14",57
"2018-09-04 12:40:14",57
"2018-09-04 13:40:15",57
"2018-09-04 14:40:15",71
"2018-09-04 15:40:14",71
"2018-09-04 16:40:15",71
"2018-09-04 17:40:15",73
"2018-09-04 18:40:15",73
"2018-09-04 19:40:15",73
"2018-09-04 20:40:15",74
"2018-09-04 21:40:14",74
"2018-09-04 22:40:15",74
"2018-09-04 23:40:14",74
"2018-09-05 00:40:14",74
"2018-09-05 01:40:15",74
"2018-09-05 02:40:14",74
"2018-09-05 03:40:14",74
"2018-09-05 04:40:14",74
"2018-09-05 05:40:14",74
"2018-09-05 06:40:14",74
"2018-09-05 07:40:15",74
"2018-09-05 08:40:15",74
"2018-09-05 09:40:14",74
"2018-09-05 10:40:14",74
"2018-09-05 11:40:18",74
"2018-09-05 12:40:14",74
"2018-09-05 13:40:17",74
"2018-09-05 14:40:15",77
"2018-09-05 15:40:14",78
"2018-09-05 16:40:14",78
"2018-09-05 17:40:15",76
"2018-09-05 18:40:15",75
"2018-09-05 19:40:15",74
"2018-09-05 20:40:15",75
"2018-09-05 21:40:14",75
"2018-09-05 22:40:14",75
"2018-09-05 23:40:15",75
"2018-09-06 00:40:15",75
"2018-09-06 01:40:14",75
"2018-09-06 02:40:14",75
"2018-09-06 03:40:15",75
"2018-09-06 04:40:15",75
"2018-09-06 05:40:14",75
"2018-09-06 06:40:15",75
"2018-09-06 07:40:14",75
"2018-09-06 08:40:15",75
"2018-09-06 09:40:15",75
"2018-09-06 10:40:14",75
"2018-09-06 11:40:15",75
"2018-09-06 13:05:17",75
"2018-09-06 13:40:15",75
"2018-09-06 14:40:14",77
"2018-09-06 15:40:15",77
"2018-09-06 16:40:15",77
"2018-09-06 17:40:15",77
"2018-09-06 18:40:14",76
"2018-09-06 19:40:15",76
"2018-09-06 20:40:14",76
"2018-09-06 21:40:14",76
"2018-09-06 22:40:15",76
"2018-09-06 23:40:15",76
"2018-09-07 00:40:15",76
"2018-09-07 01:40:15",76
"2018-09-07 02:40:15",76
"2018-09-07 03:40:14",76
"2018-09-07 04:40:14",76
"2018-09-07 05:40:15",76
"2018-09-07 06:40:15",76
"2018-09-07 08:40:14",76
"2018-09-07 09:40:14",76
"2018-09-07 10:40:15",76
"2018-09-07 11:40:15",76
"2018-09-07 12:40:14",76
"2018-09-07 13:40:15",76
"2018-09-07 14:40:14",76
"2018-09-07 15:40:15",75
"2018-09-07 16:40:15",75
"2018-09-07 17:40:15",76
"2018-09-07 18:40:14",77
"2018-09-07 19:40:14",77
"2018-09-07 20:40:14",77
"2018-09-07 21:40:14",77
"2018-09-07 22:40:14",77
"2018-09-07 23:40:15",77
"2018-09-08 00:40:15",77
"2018-09-08 01:40:15",77
"2018-09-08 02:40:15",77
"2018-09-08 03:40:14",77
"2018-09-08 04:40:14",77
"2018-09-08 05:40:14",77
"2018-09-08 06:40:15",77
"2018-09-08 07:40:14",77
"2018-09-08 08:40:14",77
"2018-09-08 09:40:14",77
"2018-09-08 10:40:14",77
"2018-09-08 11:40:14",77
"2018-09-08 12:40:15",77
"2018-09-08 13:40:15",77
"2018-09-08 14:40:14",77
"2018-09-08 15:40:14",77
"2018-09-08 16:40:15",77
"2018-09-08 17:40:15",77
"2018-09-08 18:40:15",77
"2018-09-08 19:40:15",77
"2018-09-08 20:40:14",77
"2018-09-08 21:40:14",77
"2018-09-08 22:40:15",77
"2018-09-08 23:40:15",77
"2018-09-09 00:40:14",77
"2018-09-09 01:40:15",77
"2018-09-09 02:40:15",77
"2018-09-09 03:40:14",77
"2018-09-09 04:40:14",77
"2018-09-09 05:40:15",77
"2018-09-09 06:40:15",77
"2018-09-09 07:40:14",77
"2018-09-09 08:40:15",77
"2018-09-09 09:40:14",77
"2018-09-09 10:40:14",77
"2018-09-09 11:40:15",77
"2018-09-09 12:40:15",77
"2018-09-09 13:40:15",77
"2018-09-09 14:40:15",77
"2018-09-09 15:40:15",77
"2018-09-09 16:40:14",77
"2018-09-09 17:40:14",77
"2018-09-09 18:40:15",77
"2018-09-09 19:40:15",77
"2018-09-09 20:40:14",77
"2018-09-09 21:40:15",77
"2018-09-09 22:40:14",77
"2018-09-09 23:40:15",77
"2018-09-10 00:40:15",77
"2018-09-10 01:40:16",77
"2018-09-10 02:40:15",77
"2018-09-10 03:40:15",77
"2018-09-10 04:40:15",77
"2018-09-10 05:40:14",77
"2018-09-10 06:40:14",77
"2018-09-10 07:40:14",77
"2018-09-10 08:40:14",77
"2018-09-10 09:40:14",77
"2018-09-10 10:40:14",77
"2018-09-10 11:40:14",77
"2018-09-10 12:40:15",77
"2018-09-10 13:40:15",77
"2018-09-10 14:40:15",78
"2018-09-10 15:40:15",77
"2018-09-10 16:40:15",76
"2018-09-10 17:40:15",75
"2018-09-10 18:40:15",75
"2018-09-10 19:40:14",75
"2018-09-10 20:40:15",76
"2018-09-10 21:40:14",76
"2018-09-10 22:40:15",76
"2018-09-10 23:40:15",76
"2018-09-11 00:40:15",76
"2018-09-11 01:40:15",76
"2018-09-11 02:40:15",76
"2018-09-11 03:40:15",76
"2018-09-11 04:40:14",76
"2018-09-11 05:40:15",76
"2018-09-11 06:40:15",76
"2018-09-11 07:40:15",76
"2018-09-11 08:40:14",76
"2018-09-11 09:40:15",76
"2018-09-11 10:40:14",76
"2018-09-11 11:40:14",76
"2018-09-11 12:40:15",76
"2018-09-11 13:40:15",76
"2018-09-11 14:40:14",76
"2018-09-11 15:40:14",76
"2018-09-11 16:40:14",77
"2018-09-11 17:40:15",77
"2018-09-11 18:40:15",77
"2018-09-11 19:40:15",78
"2018-09-11 20:40:14",78
"2018-09-11 21:40:14",78
"2018-09-11 22:40:14",78
"2018-09-11 23:40:15",78
"2018-09-12 00:40:15",78
"2018-09-12 01:40:15",78
"2018-09-12 20:40:15",80
"2018-09-12 21:40:15",80
"2018-09-12 22:40:15",80
"2018-09-12 23:40:16",80
"2018-09-13 00:40:15",80
"2018-09-13 01:40:15",80
"2018-09-13 02:40:16",80
"2018-09-13 03:40:15",80
"2018-09-13 04:40:15",80
"2018-09-13 05:40:16",80
"2018-09-13 06:40:16",80
"2018-09-13 07:40:15",80
"2018-09-13 08:40:15",80
"2018-09-13 09:40:15",80
"2018-09-13 10:40:15",80
"2018-09-13 11:40:15",80
"2018-09-13 12:40:16",80
"2018-09-13 13:40:19",80
"2018-09-13 14:40:16",79
"2018-09-13 15:40:15",78
"2018-09-13 16:40:16",79
"2018-09-13 17:40:15",80
"2018-09-13 18:40:16",79
"2018-09-13 19:40:16",80
"2018-09-13 20:40:16",80
"2018-09-13 21:40:15",80
"2018-09-13 22:40:15",80
"2018-09-13 23:40:15",80
"2018-09-14 00:40:16",80
"2018-09-14 01:40:16",80
"2018-09-14 02:40:16",80
"2018-09-14 03:40:15",80
"2018-09-14 04:40:16",80
"2018-09-14 05:40:16",80
"2018-09-14 06:40:15",80
"2018-09-14 07:40:16",80
"2018-09-14 08:40:16",80
"2018-09-14 09:40:16",80
"2018-09-14 10:40:15",80
"2018-09-14 11:40:15",80
"2018-09-14 12:40:15",80
"2018-09-14 13:40:18",80
"2018-09-14 14:40:18",80
"2018-09-14 15:40:17",80
"2018-09-14 16:40:16",81
"2018-09-14 17:40:18",80
"2018-09-14 18:40:17",80
"2018-09-14 19:40:17",80
"2018-09-14 20:40:17",80
"2018-09-14 21:40:16",80
"2018-09-14 22:40:16",80
"2018-09-14 23:40:16",80
"2018-09-15 00:40:17",80
"2018-09-15 01:40:16",80
"2018-09-15 02:40:17",80
"2018-09-15 03:40:17",80
"2018-09-15 04:40:16",80
"2018-09-15 05:40:17",80
"2018-09-15 06:40:16",80
"2018-09-15 07:40:17",80
"2018-09-15 08:40:16",80
"2018-09-15 09:40:17",80
"2018-09-15 10:40:17",80
"2018-09-15 11:40:16",80
"2018-09-15 12:40:17",80
"2018-09-15 13:40:17",80
"2018-09-15 14:40:16",80
"2018-09-15 15:40:16",80
"2018-09-15 16:40:16",80
"2018-09-15 17:40:16",80
"2018-09-15 18:40:16",80
"2018-09-15 19:40:17",80
"2018-09-15 20:40:17",80
"2018-09-15 21:40:16",80
"2018-09-15 22:40:16",80
"2018-09-15 23:40:16",80
"2018-09-16 00:40:17",80
"2018-09-16 01:40:16",80
"2018-09-16 02:40:17",80
"2018-09-16 03:40:16",80
"2018-09-16 04:40:17",80
"2018-09-16 05:40:17",80
"2018-09-16 06:40:17",80
"2018-09-16 07:40:16",80
"2018-09-16 08:40:17",80
"2018-09-16 09:40:17",80
"2018-09-16 10:40:16",80
"2018-09-16 11:40:17",80
"2018-09-16 12:40:16",80
"2018-09-16 13:40:17",80
"2018-09-16 14:40:16",80
"2018-09-16 15:40:17",80
"2018-09-16 16:40:17",80
"2018-09-16 17:40:17",80
"2018-09-16 18:40:17",80
"2018-09-16 19:40:16",80
"2018-09-16 20:40:17",80
"2018-09-16 21:40:16",80
"2018-09-16 22:40:17",80
"2018-09-16 23:40:17",80
"2018-09-17 00:40:17",80
"2018-09-17 01:40:16",80
"2018-09-17 02:40:17",80
"2018-09-17 03:40:17",80
"2018-09-17 04:40:17",80
"2018-09-17 05:40:16",80
"2018-09-17 06:40:17",80
"2018-09-17 07:40:17",80
"2018-09-17 08:40:17",80
"2018-09-17 09:40:16",80
"2018-09-17 10:40:17",80
"2018-09-17 11:40:17",80
"2018-09-17 12:40:16",80
"2018-09-17 13:40:17",80
"2018-09-17 14:40:17",83
"2018-09-17 15:40:22",83
"2018-09-17 16:40:17",84
"2018-09-17 17:40:16",84
"2018-09-17 18:40:16",85
"2018-09-17 19:40:16",85
"2018-09-17 20:40:17",85
"2018-09-17 21:40:17",85
"2018-09-17 22:40:16",85
"2018-09-17 23:40:16",85
"2018-09-18 00:40:16",85
"2018-09-18 01:40:16",85
"2018-09-18 02:40:16",85
"2018-09-18 03:40:16",85
"2018-09-18 04:40:17",85
"2018-09-18 05:40:17",85
"2018-09-18 06:40:17",85
"2018-09-18 07:40:16",85
"2018-09-18 08:40:17",85
"2018-09-18 09:40:16",85
"2018-09-18 10:40:16",85
"2018-09-18 11:40:16",85
"2018-09-18 12:40:17",85
"2018-09-18 13:40:17",85
"2018-09-18 14:40:17",85
"2018-09-18 15:40:16",86
"2018-09-18 16:40:17",87
"2018-09-18 17:40:17",88
"2018-09-18 18:40:17",88
"2018-09-18 19:40:17",89
"2018-09-18 20:40:17",91
"2018-09-18 21:40:16",91
"2018-09-18 22:40:17",91
"2018-09-18 23:40:17",91
"2018-09-19 00:40:17",91
"2018-09-19 01:40:17",91
"2018-09-19 02:40:16",91
"2018-09-19 03:40:16",91
"2018-09-19 04:40:17",91
"2018-09-19 05:40:16",91
"2018-09-19 06:40:17",91
"2018-09-19 07:40:17",91
"2018-09-19 08:40:16",91
"2018-09-19 09:40:17",91
"2018-09-19 10:40:16",91
"2018-09-19 11:40:16",91
"2018-09-19 12:40:16",91
"2018-09-19 13:40:29",91
"2018-09-19 14:40:18",91
"2018-09-19 15:40:18",93
"2018-09-19 16:40:17",92
"2018-09-19 17:40:16",92
"2018-09-19 18:40:17",92
"2018-09-19 19:40:22",90
"2018-09-19 20:40:17",91
"2018-09-19 21:40:17",91
"2018-09-19 22:40:16",91
"2018-09-19 23:40:17",91
"2018-09-20 00:40:17",91
"2018-09-20 01:40:17",91
"2018-09-20 02:40:17",91
"2018-09-20 03:40:22",91
"2018-09-20 04:40:17",91
"2018-09-20 05:40:17",91
"2018-09-20 06:40:17",91
"2018-09-20 07:40:16",91
"2018-09-20 08:40:17",91
"2018-09-20 09:40:17",91
"2018-09-20 10:40:17",91
"2018-09-20 11:40:16",91
"2018-09-20 13:06:20",91
"2018-09-20 14:40:18",92
"2018-09-20 15:40:17",93
"2018-09-20 16:40:17",93
"2018-09-20 17:40:16",93
"2018-09-20 18:40:17",93
"2018-09-20 19:40:17",94
"2018-09-20 20:40:17",94
"2018-09-20 21:40:16",94
"2018-09-20 22:40:16",94
"2018-09-20 23:40:17",94
"2018-09-21 00:40:18",94
"2018-09-21 01:40:17",94
"2018-09-21 02:40:16",94
"2018-09-21 03:40:17",94
"2018-09-21 04:40:17",94
"2018-09-21 05:40:17",94
"2018-09-21 06:40:16",94
"2018-09-21 07:40:17",94
"2018-09-21 08:40:16",94
"2018-09-21 09:40:16",94
"2018-09-21 10:40:16",94
"2018-09-21 11:40:17",94
"2018-09-21 13:07:50",94
"2018-09-21 13:40:20",94
"2018-09-21 14:40:18",94
"2018-09-21 15:40:19",94
"2018-09-21 16:40:18",94
"2018-09-21 17:40:18",96
"2018-09-21 18:40:18",97
"2018-09-21 19:40:18",97
"2018-09-21 20:40:17",97
"2018-09-21 21:40:17",97
"2018-09-21 22:40:17",97
"2018-09-21 23:40:18",97
"2018-09-22 00:40:17",97
"2018-09-22 01:40:17",97
"2018-09-22 02:40:17",97
"2018-09-22 03:40:18",97
"2018-09-22 04:40:18",97
"2018-09-22 05:40:18",97
"2018-09-22 06:40:17",97
"2018-09-22 07:40:17",97
"2018-09-22 08:40:17",97
"2018-09-22 09:40:17",97
"2018-09-22 10:40:17",97
"2018-09-22 11:40:18",97
"2018-09-22 12:40:17",97
"2018-09-22 13:40:19",97
"2018-09-22 14:40:18",97
"2018-09-22 15:40:18",97
"2018-09-22 16:40:17",97
"2018-09-22 17:40:17",97
"2018-09-22 18:40:18",97
"2018-09-22 19:40:18",97
"2018-09-22 20:40:17",97
"2018-09-22 21:40:17",97
"2018-09-22 22:40:18",97
"2018-09-22 23:40:17",97
"2018-09-23 00:40:18",97
"2018-09-23 01:40:18",97
"2018-09-23 02:40:17",97
"2018-09-23 03:40:18",97
"2018-09-23 04:40:18",97
"2018-09-23 05:40:17",97
"2018-09-23 06:40:18",97
"2018-09-23 07:40:18",97
"2018-09-23 08:40:17",97
"2018-09-23 09:40:17",97
"2018-09-23 10:40:18",97
"2018-09-23 11:40:18",97
"2018-09-23 12:40:18",97
"2018-09-23 13:40:18",97
"2018-09-23 14:40:18",97
"2018-09-23 15:40:18",97
"2018-09-23 16:40:18",97
"2018-09-23 17:40:17",97
"2018-09-23 18:40:18",97
"2018-09-23 19:40:17",97
"2018-09-23 20:40:17",97
"2018-09-23 21:40:18",97
"2018-09-23 22:40:18",97
"2018-09-23 23:40:18",97
"2018-09-24 00:40:17",97
"2018-09-24 01:40:18",97
"2018-09-24 02:40:17",97
"2018-09-24 03:40:17",97
"2018-09-24 04:40:18",97
"2018-09-24 05:40:18",97
"2018-09-24 06:40:18",97
"2018-09-24 07:40:18",97
"2018-09-24 08:40:17",97
"2018-09-24 09:40:17",97
"2018-09-24 10:40:17",97
"2018-09-24 11:40:18",97
"2018-09-24 12:40:17",97
"2018-09-24 13:40:19",97
"2018-09-24 14:40:18",100
"2018-09-24 15:40:18",99
"2018-09-24 16:40:17",100
"2018-09-24 17:40:18",100
"2018-09-24 18:40:17",99
"2018-09-24 19:40:18",100
"2018-09-24 20:40:18",100
"2018-09-24 21:40:18",100
"2018-09-24 22:40:18",100
"2018-09-24 23:40:18",100
"2018-09-25 00:40:18",100
"2018-09-25 01:40:17",100
"2018-09-25 02:40:17",100
"2018-09-25 03:40:17",100
"2018-09-25 04:40:18",100
"2018-09-25 05:40:17",100
"2018-09-25 06:40:17",100
"2018-09-25 07:40:18",100
"2018-09-25 08:40:18",100
"2018-09-25 09:40:17",100
"2018-09-25 10:40:18",100
"2018-09-25 11:40:18",100
"2018-09-25 12:40:18",100
"2018-09-25 13:40:18",100
"2018-09-25 14:40:18",100
"2018-09-25 15:40:18",97
"2018-09-25 16:40:18",98
"2018-09-25 17:40:17",98
"2018-09-25 18:40:18",98
"2018-09-25 19:40:17",98
"2018-09-25 20:40:18",98
"2018-09-25 21:40:18",98
"2018-09-25 22:40:18",98
"2018-09-25 23:40:18",98
"2018-09-26 00:40:17",98
"2018-09-26 01:40:18",98
"2018-09-26 02:40:18",98
"2018-09-26 03:40:18",98
"2018-09-26 04:40:18",98
"2018-09-26 05:40:17",98
"2018-09-26 06:40:18",98
"2018-09-26 07:40:18",98
"2018-09-26 08:40:18",98
"2018-09-26 09:40:18",98
"2018-09-26 10:40:17",98
"2018-09-26 11:40:17",98
"2018-09-26 13:06:51",98
"2018-09-26 13:40:19",98
"2018-09-26 14:40:17",99
"2018-09-26 15:40:18",99
"2018-09-26 16:40:18",100
"2018-09-26 17:40:17",102
"2018-09-26 18:40:19",103
"2018-09-26 19:40:18",103
"2018-09-26 20:40:18",103
"2018-09-26 21:40:17",103
"2018-09-26 22:40:17",103
"2018-09-26 23:40:18",103
"2018-09-27 00:40:18",103
"2018-09-27 01:40:17",103
"2018-09-27 02:40:18",103
"2018-09-27 03:40:18",103
"2018-09-27 04:40:18",103
"2018-09-27 05:40:17",103
"2018-09-27 06:40:18",103
"2018-09-27 07:40:18",103
"2018-09-27 08:40:18",103
"2018-09-27 09:40:18",103
"2018-09-27 10:40:18",103
"2018-09-27 11:40:18",103
"2018-09-27 12:40:17",103
"2018-09-27 13:40:18",103
"2018-09-27 14:40:18",101
"2018-09-27 15:40:18",98
"2018-09-27 17:05:51",99
"2018-09-27 17:40:18",99
"2018-09-27 18:40:18",99
"2018-09-27 19:40:18",99
"2018-09-27 20:40:18",99
"2018-09-27 21:40:18",99
"2018-09-27 22:40:18",99
"2018-09-27 23:40:19",99
"2018-09-28 00:40:18",99
"2018-09-28 01:40:17",99
"2018-09-28 02:40:17",99
"2018-09-28 03:40:18",99
"2018-09-28 04:40:18",99
"2018-09-28 05:40:18",99
"2018-09-28 06:40:18",99
"2018-09-28 07:40:18",99
"2018-09-28 08:40:18",99
"2018-09-28 09:40:18",99
"2018-09-28 10:40:18",99
"2018-09-28 11:40:18",99
"2018-09-28 12:40:18",99
"2018-09-28 13:40:19",99
"2018-09-28 14:40:17",100
"2018-09-28 15:40:19",101
"2018-09-28 16:40:18",102
"2018-09-28 17:40:18",102
"2018-09-28 18:40:18",102
"2018-09-28 19:40:18",102
"2018-09-28 20:40:18",102
"2018-09-28 21:40:18",102
"2018-09-28 22:40:18",102
"2018-09-28 23:40:18",102
"2018-09-29 00:40:18",102
"2018-09-29 01:40:17",102
"2018-09-29 02:40:18",102
"2018-09-29 03:40:18",102
"2018-09-29 04:40:17",102
"2018-09-29 05:40:18",102
"2018-09-29 06:40:17",102
"2018-09-29 07:40:18",102
"2018-09-29 08:40:17",102
"2018-09-29 09:40:18",102
"2018-09-29 10:40:18",102
"2018-09-29 11:40:18",102
"2018-09-29 12:40:17",102
"2018-09-29 13:40:18",102
"2018-09-29 14:40:18",102
"2018-09-29 15:40:18",102
"2018-09-29 16:40:17",102
"2018-09-29 17:40:18",102
"2018-09-29 18:40:19",102
"2018-09-29 19:40:17",102
"2018-09-29 20:40:18",102
"2018-09-29 21:40:18",102
"2018-09-29 22:40:18",102
"2018-09-29 23:40:18",102
"2018-09-30 00:40:18",102
"2018-09-30 01:40:18",102
"2018-09-30 02:40:17",102
"2018-09-30 03:40:18",102
"2018-09-30 04:40:18",102
"2018-09-30 05:40:18",102
"2018-09-30 06:40:17",102
"2018-09-30 07:40:17",102
"2018-09-30 08:40:17",102
"2018-09-30 09:40:17",102
"2018-09-30 10:40:17",102
"2018-09-30 11:40:17",102
"2018-09-30 12:40:18",102
"2018-09-30 13:40:18",102
"2018-09-30 14:40:17",102
"2018-09-30 15:40:18",102
"2018-09-30 16:40:18",102
"2018-09-30 17:40:17",102
"2018-09-30 18:40:18",102
"2018-09-30 19:40:18",102
"2018-09-30 20:40:18",102
"2018-09-30 21:40:17",102
"2018-09-30 22:40:17",102
"2018-09-30 23:40:18",102
"2018-10-01 00:40:19",102
"2018-10-01 01:40:18",102
"2018-10-01 02:40:18",102
"2018-10-01 03:40:18",102
"2018-10-01 04:40:18",102
"2018-10-01 05:40:19",102
"2018-10-01 06:40:18",102
"2018-10-01 07:40:17",102
"2018-10-01 08:40:18",102
"2018-10-01 09:40:18",102
"2018-10-01 10:40:17",102
"2018-10-01 11:40:18",102
"2018-10-01 12:40:19",102
"2018-10-01 14:05:30",106
"2018-10-01 14:40:19",106
"2018-10-01 15:40:19",108
"2018-10-01 16:40:19",108
"2018-10-01 17:40:18",108
"2018-10-01 18:40:18",108
"2018-10-01 19:40:19",106
"2018-10-01 20:40:19",106
"2018-10-01 21:40:19",106
"2018-10-01 22:40:18",106
"2018-10-01 23:40:19",106
"2018-10-02 00:40:19",106
"2018-10-02 01:40:18",106
"2018-10-02 02:40:19",106
"2018-10-02 03:40:18",106
"2018-10-02 04:40:19",106
"2018-10-02 05:40:18",106
"2018-10-02 06:40:19",106
"2018-10-02 07:40:19",106
"2018-10-02 08:40:19",106
"2018-10-02 09:40:19",106
"2018-10-02 10:40:19",106
"2018-10-02 11:40:19",106
"2018-10-02 12:40:18",106
"2018-10-02 13:40:19",106
"2018-10-02 14:40:19",108
"2018-10-02 15:40:19",108
"2018-10-02 16:40:19",108
"2018-10-02 17:40:19",108
"2018-10-02 18:40:18",108
"2018-10-02 19:40:19",108
"2018-10-02 20:40:19",109
"2018-10-02 21:40:19",109
"2018-10-02 22:40:19",109
"2018-10-02 23:40:19",109
"2018-10-03 00:40:19",109
"2018-10-03 01:40:18",109
"2018-10-03 02:40:18",109
"2018-10-03 03:40:20",109
"2018-10-03 04:40:20",109
"2018-10-03 05:40:19",109
"2018-10-03 06:40:18",109
"2018-10-03 07:40:19",109
"2018-10-03 08:40:19",109
"2018-10-03 09:40:19",109
"2018-10-03 10:40:19",109
"2018-10-03 11:40:19",109
"2018-10-03 12:40:18",109
"2018-10-03 13:40:21",109
"2018-10-03 15:05:22",109
"2018-10-03 15:40:19",109
"2018-10-03 16:40:18",109
"2018-10-03 17:40:19",107
"2018-10-03 18:40:18",106
"2018-10-03 19:40:19",106
"2018-10-03 20:40:18",106
"2018-10-03 21:40:18",106
"2018-10-03 22:40:20",106
"2018-10-03 23:40:18",106
"2018-10-04 00:40:19",106
"2018-10-04 01:40:20",106
"2018-10-04 02:40:19",106
"2018-10-04 03:40:18",106
"2018-10-04 04:40:19",106
"2018-10-04 05:40:19",106
"2018-10-04 06:40:18",106
"2018-10-04 07:40:19",106
"2018-10-04 08:40:18",106
"2018-10-04 09:40:19",106
"2018-10-04 10:40:19",106
"2018-10-04 11:40:19",106
"2018-10-04 12:40:20",106
"2018-10-04 14:06:25",108
"2018-10-04 14:40:20",108
"2018-10-04 15:40:19",108
"2018-10-04 16:40:21",110
"2018-10-04 17:40:20",110
"2018-10-04 18:40:20",111
"2018-10-04 19:40:20",111
"2018-10-04 20:40:20",112
"2018-10-04 21:40:20",112
"2018-10-04 22:40:20",112
"2018-10-04 23:40:20",112
"2018-10-05 00:40:20",112
"2018-10-05 01:40:20",112
"2018-10-05 02:40:20",112
"2018-10-05 03:40:20",112
"2018-10-05 04:40:20",112
"2018-10-05 05:40:20",112
"2018-10-05 06:40:20",112
"2018-10-05 07:40:20",112
"2018-10-05 08:40:20",112
"2018-10-05 09:40:20",112
"2018-10-05 10:40:20",112
"2018-10-05 11:40:19",112
"2018-10-05 12:40:20",112
"2018-10-05 13:40:21",112
"2018-10-05 14:40:20",111
"2018-10-05 15:40:20",111
"2018-10-05 16:40:20",110
"2018-10-05 17:40:21",110
"2018-10-05 18:40:21",109
"2018-10-05 19:40:20",109
"2018-10-05 20:40:19",109
"2018-10-05 21:40:20",109
"2018-10-05 22:40:20",109
"2018-10-05 23:40:19",109
"2018-10-06 00:40:20",109
"2018-10-06 01:40:20",109
"2018-10-06 02:40:20",109
"2018-10-06 03:40:20",109
"2018-10-06 04:40:20",109
"2018-10-06 05:40:20",109
"2018-10-06 06:40:20",109
"2018-10-06 07:40:20",109
"2018-10-06 08:40:19",109
"2018-10-06 09:40:19",109
"2018-10-06 10:40:20",109
"2018-10-06 11:40:19",109
"2018-10-06 12:40:20",109
"2018-10-06 13:40:19",109
"2018-10-06 14:40:20",109
"2018-10-06 15:40:20",109
"2018-10-06 16:40:20",109
"2018-10-06 17:40:20",109
"2018-10-06 18:40:20",109
"2018-10-06 19:40:20",109
"2018-10-06 20:40:19",109
"2018-10-06 21:40:20",109
"2018-10-06 22:40:20",109
"2018-10-06 23:40:20",109
"2018-10-07 00:40:20",109
"2018-10-07 01:40:20",109
"2018-10-07 02:40:20",109
"2018-10-07 03:40:20",109
"2018-10-07 04:40:20",109
"2018-10-07 05:40:20",109
"2018-10-07 06:40:20",109
"2018-10-07 07:40:19",109
"2018-10-07 08:40:19",109
"2018-10-07 09:40:19",109
"2018-10-07 10:40:19",109
"2018-10-07 11:40:19",109
"2018-10-07 12:40:19",109
"2018-10-07 13:40:20",109
"2018-10-07 14:40:20",109
"2018-10-07 15:40:20",109
"2018-10-07 16:40:20",109
"2018-10-07 17:40:20",109
"2018-10-07 18:40:20",109
"2018-10-07 19:40:20",109
"2018-10-07 20:40:20",109
"2018-10-07 21:40:20",109
"2018-10-07 22:40:19",109
"2018-10-07 23:40:20",109
"2018-10-08 00:40:20",109
"2018-10-08 01:40:20",109
"2018-10-08 02:40:21",109
"2018-10-08 03:40:20",109
"2018-10-08 04:40:20",109
"2018-10-08 05:40:19",109
"2018-10-08 06:40:20",109
"2018-10-08 07:40:20",109
"2018-10-08 08:40:20",109
"2018-10-08 09:40:20",109
"2018-10-08 10:40:19",109
"2018-10-08 11:40:19",109
"2018-10-08 12:40:20",109
"2018-10-08 13:40:21",109
"2018-10-08 14:40:20",114
"2018-10-08 15:40:20",114
"2018-10-08 16:40:19",114
"2018-10-08 17:40:20",114
"2018-10-08 18:40:20",114
"2018-10-08 19:40:20",114
"2018-10-08 20:40:20",114
"2018-10-08 21:40:20",114
"2018-10-08 22:40:20",114
"2018-10-08 23:40:20",114
"2018-10-09 00:40:19",114
"2018-10-09 01:40:19",114
"2018-10-09 02:40:18",114
"2018-10-09 03:40:23",114
"2018-10-09 04:40:19",114
"2018-10-09 05:40:19",114
"2018-10-09 06:40:19",114
"2018-10-09 07:40:19",114
"2018-10-09 08:40:19",114
"2018-10-09 09:40:18",114
"2018-10-09 10:40:19",114
"2018-10-09 11:40:19",114
"2018-10-09 12:40:19",114
"2018-10-09 13:40:19",114
"2018-10-09 14:40:18",114
"2018-10-09 15:40:19",115
"2018-10-09 16:40:19",116
"2018-10-09 17:40:19",116
"2018-10-09 18:40:19",115
"2018-10-09 19:40:18",115
"2018-10-09 20:40:19",116
"2018-10-09 21:40:18",116
"2018-10-09 22:40:19",116
"2018-10-09 23:40:19",116
"2018-10-10 00:40:18",116
"2018-10-10 01:40:19",116
"2018-10-10 02:40:19",116
"2018-10-10 03:40:20",116
"2018-10-10 04:40:19",116
"2018-10-10 05:40:18",116
"2018-10-10 06:40:18",116
"2018-10-10 07:40:19",116
"2018-10-10 08:40:19",116
"2018-10-10 09:40:18",116
"2018-10-10 10:40:19",116
"2018-10-10 11:40:19",116
"2018-10-10 12:40:19",116
"2018-10-10 13:40:20",116
"2018-10-10 14:40:19",117
"2018-10-10 15:40:19",114
"2018-10-10 16:40:19",115
"2018-10-10 17:40:18",115
"2018-10-10 18:40:19",115
"2018-10-10 19:40:20",115
"2018-10-10 20:40:19",115
"2018-10-10 21:40:18",115
"2018-10-10 22:40:19",115
"2018-10-10 23:40:19",115
"2018-10-11 00:40:19",115
"2018-10-11 01:40:19",115
"2018-10-11 02:40:19",115
"2018-10-11 03:40:18",115
"2018-10-11 04:40:18",115
"2018-10-11 05:40:18",115
"2018-10-11 06:40:19",115
"2018-10-11 07:40:18",115
"2018-10-11 08:40:19",115
"2018-10-11 09:40:19",115
"2018-10-11 10:40:19",115
"2018-10-11 11:40:19",115
"2018-10-11 12:40:18",115
"2018-10-11 13:40:21",115
"2018-10-11 14:40:19",115
"2018-10-11 15:40:21",115
"2018-10-11 16:40:20",116
"2018-10-11 17:40:20",117
"2018-10-11 18:40:20",117
"2018-10-11 19:40:19",117
"2018-10-11 20:40:20",117
"2018-10-11 21:40:20",117
"2018-10-11 22:40:19",117
"2018-10-11 23:40:20",117
"2018-10-12 00:40:19",117
"2018-10-12 01:40:20",117
"2018-10-12 02:40:20",117
"2018-10-12 03:40:19",117
"2018-10-12 04:40:21",117
"2018-10-12 05:40:19",117
"2018-10-12 06:40:19",117
"2018-10-12 07:40:19",117
"2018-10-12 08:40:20",117
"2018-10-12 09:40:20",117
"2018-10-12 10:40:20",117
"2018-10-12 11:40:20",117
"2018-10-12 12:40:19",117
"2018-10-12 13:40:21",117
"2018-10-12 14:40:19",117
"2018-10-12 15:40:20",118
"2018-10-12 16:40:20",118
"2018-10-12 17:40:20",117
"2018-10-12 18:40:20",117
"2018-10-12 19:40:20",117
"2018-10-12 20:40:20",116
"2018-10-12 21:40:20",116
"2018-10-12 22:40:19",116
"2018-10-12 23:40:20",116
"2018-10-13 00:40:19",116
"2018-10-13 01:40:19",116
"2018-10-13 02:40:20",116
"2018-10-13 03:40:20",116
"2018-10-13 04:40:20",116
"2018-10-13 05:40:20",116
"2018-10-13 06:40:20",116
"2018-10-13 07:40:20",116
"2018-10-13 08:40:20",116
"2018-10-13 09:40:20",116
"2018-10-13 10:40:19",116
"2018-10-13 11:40:19",116
"2018-10-13 12:40:19",116
"2018-10-13 13:40:20",116
"2018-10-13 14:40:20",116
"2018-10-13 15:40:20",116
"2018-10-13 16:40:19",116
"2018-10-13 17:40:20",116
"2018-10-13 18:40:20",116
"2018-10-13 19:40:20",116
"2018-10-13 20:40:20",116
"2018-10-13 21:40:20",116
"2018-10-13 22:40:20",116
"2018-10-13 23:40:20",116
"2018-10-14 00:40:19",116
"2018-10-14 01:40:19",116
"2018-10-14 02:40:19",116
"2018-10-14 03:40:19",116
"2018-10-14 04:40:20",116
"2018-10-14 05:40:20",116
"2018-10-14 06:40:20",116
"2018-10-14 07:40:20",116
"2018-10-14 08:40:19",116
"2018-10-14 09:40:20",116
"2018-10-14 10:40:19",116
"2018-10-14 11:40:20",116
"2018-10-14 12:40:19",116
"2018-10-14 13:40:19",116
"2018-10-14 14:40:19",116
"2018-10-14 15:40:20",116
"2018-10-14 16:40:19",116
"2018-10-14 17:40:19",116
"2018-10-14 18:40:19",116
"2018-10-14 19:40:20",116
"2018-10-14 20:40:19",116
"2018-10-14 21:40:20",116
"2018-10-14 22:40:19",116
"2018-10-14 23:40:20",116
"2018-10-15 00:40:20",116
"2018-10-15 01:40:19",116
"2018-10-15 02:40:19",116
"2018-10-15 03:40:20",116
"2018-10-15 04:40:19",116
"2018-10-15 05:40:20",116
"2018-10-15 06:40:20",116
"2018-10-15 07:40:20",116
"2018-10-15 08:40:20",116
"2018-10-15 09:40:19",116
"2018-10-15 10:40:20",116
"2018-10-15 11:40:20",116
"2018-10-15 12:40:20",116
"2018-10-15 13:40:21",116
"2018-10-15 14:40:21",117
"2018-10-15 15:40:20",118
"2018-10-15 16:40:21",118
"2018-10-15 17:40:20",118
"2018-10-15 18:40:20",118
"2018-10-15 19:40:20",118
"2018-10-15 20:40:21",117
"2018-10-15 21:40:21",117
"2018-10-15 22:40:20",117
"2018-10-15 23:40:20",117
"2018-10-16 00:40:20",117
"2018-10-16 01:40:21",117
"2018-10-16 02:40:20",117
"2018-10-16 03:40:20",117
"2018-10-16 04:40:20",117
"2018-10-16 09:40:19",117
"2018-10-16 10:40:20",117
"2018-10-16 11:40:19",117
"2018-10-16 12:40:20",117
"2018-10-16 13:40:21",117
"2018-10-16 14:40:20",117
"2018-10-16 15:40:19",117
"2018-10-16 16:40:20",116
"2018-10-16 17:40:20",116
"2018-10-16 18:40:21",116
"2018-10-16 19:40:20",116
"2018-10-16 20:40:19",116
"2018-10-16 21:40:20",116
"2018-10-16 22:40:20",116
"2018-10-16 23:40:21",116
"2018-10-17 00:40:20",116
"2018-10-17 01:40:20",116
"2018-10-17 02:40:19",116
"2018-10-17 03:40:20",116
"2018-10-17 04:40:19",116
"2018-10-17 05:40:20",116
"2018-10-17 06:40:20",116
"2018-10-17 07:40:20",116
"2018-10-17 08:40:20",116
"2018-10-17 09:40:20",116
"2018-10-17 10:40:19",116
"2018-10-17 11:40:19",116
"2018-10-17 12:40:20",116
"2018-10-17 14:06:23",119
"2018-10-17 14:40:20",119
"2018-10-17 15:40:20",119
"2018-10-17 16:40:20",119
"2018-10-17 17:40:20",119
"2018-10-17 18:40:20",119
"2018-10-17 19:40:20",119
"2018-10-17 20:40:19",119
"2018-10-17 21:40:20",119
"2018-10-17 22:40:20",119
"2018-10-17 23:40:20",119
"2018-10-18 00:40:20",119
"2018-10-18 01:40:19",119
"2018-10-18 02:40:20",119
"2018-10-18 03:40:21",119
"2018-10-18 04:40:19",119
"2018-10-18 05:40:20",119
"2018-10-18 06:40:20",119
"2018-10-18 07:40:19",119
"2018-10-18 08:40:20",119
"2018-10-18 09:40:19",119
"2018-10-18 10:40:19",119
"2018-10-18 11:40:19",119
"2018-10-18 13:05:24",119
"2018-10-18 13:40:20",119
"2018-10-18 14:40:21",120
"2018-10-18 15:40:20",120
"2018-10-18 16:40:21",121
"2018-10-18 17:40:21",121
"2018-10-18 18:40:20",120
"2018-10-18 19:40:21",120
"2018-10-18 20:40:21",121
"2018-10-18 21:40:21",121
"2018-10-18 22:40:20",121
"2018-10-18 23:40:20",121
"2018-10-19 00:40:21",121
"2018-10-19 01:40:21",121
"2018-10-19 02:40:21",121
"2018-10-19 03:40:21",121
"2018-10-19 04:40:20",121
"2018-10-19 05:40:20",121
"2018-10-19 06:40:20",121
"2018-10-19 07:40:21",121
"2018-10-19 08:40:21",121
"2018-10-19 09:40:20",121
"2018-10-19 10:40:21",121
"2018-10-19 11:40:21",121
"2018-10-19 13:04:53",121
"2018-10-19 13:40:23",121
"2018-10-19 14:40:20",121
"2018-10-19 15:40:21",121
"2018-10-19 16:40:20",120
"2018-10-19 17:40:20",120
"2018-10-19 18:40:21",121
"2018-10-19 19:40:21",122
"2018-10-19 20:40:21",122
"2018-10-19 21:40:20",122
"2018-10-19 22:40:20",122
"2018-10-19 23:40:20",122
"2018-10-20 00:40:21",122
"2018-10-20 01:40:21",122
"2018-10-20 02:40:20",122
"2018-10-20 03:40:20",122
"2018-10-20 04:40:21",122
"2018-10-20 05:40:20",122
"2018-10-20 06:40:21",122
"2018-10-20 07:40:20",122
"2018-10-20 08:40:21",122
"2018-10-20 09:40:21",122
"2018-10-20 10:40:20",122
"2018-10-20 11:40:21",122
"2018-10-20 12:40:20",122
"2018-10-20 13:40:21",122
"2018-10-20 14:40:21",122
"2018-10-20 15:40:21",122
"2018-10-20 16:40:21",122
"2018-10-20 17:40:21",122
"2018-10-20 18:40:21",122
"2018-10-20 19:40:21",122
"2018-10-20 20:40:21",122
"2018-10-20 21:40:21",122
"2018-10-20 22:40:21",122
"2018-10-20 23:40:21",122
"2018-10-21 00:40:21",122
"2018-10-21 01:40:21",122
"2018-10-21 02:40:21",122
"2018-10-21 03:40:21",122
"2018-10-21 04:40:20",122
"2018-10-21 05:40:21",122
"2018-10-21 06:40:21",122
"2018-10-21 07:40:26",122
"2018-10-21 08:40:20",122
"2018-10-21 09:40:20",122
"2018-10-21 10:40:20",122
"2018-10-21 11:40:20",122
"2018-10-21 12:40:20",122
"2018-10-21 13:40:22",122
"2018-10-21 14:40:21",122
"2018-10-21 15:40:21",122
"2018-10-21 16:40:20",122
"2018-10-21 17:40:21",122
"2018-10-21 18:40:20",122
"2018-10-21 19:40:20",122
"2018-10-21 20:40:21",122
"2018-10-21 21:40:21",122
"2018-10-21 22:40:21",122
"2018-10-21 23:40:21",122
"2018-10-22 00:40:21",122
"2018-10-22 01:40:20",122
"2018-10-22 02:40:21",122
"2018-10-22 03:40:21",122
"2018-10-22 04:40:21",122
"2018-10-22 05:40:20",122
"2018-10-22 06:40:21",122
"2018-10-22 07:40:21",122
"2018-10-22 08:40:21",122
"2018-10-22 09:40:21",122
"2018-10-22 10:40:21",122
"2018-10-22 11:40:20",122
"2018-10-22 12:40:20",122
"2018-10-22 13:40:21",122
"2018-10-22 14:40:22",121
"2018-10-22 15:40:21",121
"2018-10-22 16:40:20",122
"2018-10-22 17:40:21",124
"2018-10-22 18:40:20",124
"2018-10-22 19:40:21",122
"2018-10-22 20:40:21",123
"2018-10-22 21:40:21",123
"2018-10-22 22:40:20",123
"2018-10-22 23:40:21",123
"2018-10-23 00:40:21",123
"2018-10-23 01:40:21",123
"2018-10-23 02:40:20",123
"2018-10-23 03:40:21",123
"2018-10-23 04:40:21",123
"2018-10-23 05:40:21",123
"2018-10-23 06:40:21",123
"2018-10-23 07:40:24",123
"2018-10-23 08:40:20",123
"2018-10-23 09:40:21",123
"2018-10-23 10:40:21",123
"2018-10-23 11:40:21",123
"2018-10-23 12:40:20",123
"2018-10-23 13:40:22",123
"2018-10-23 14:40:21",125
"2018-10-23 15:40:20",124
"2018-10-23 16:40:20",124
"2018-10-23 17:40:21",124
"2018-10-23 18:40:21",124
"2018-10-23 19:40:20",124
"2018-10-23 20:40:21",124
"2018-10-23 21:40:21",124
"2018-10-23 22:40:20",124
"2018-10-23 23:40:20",124
"2018-10-24 00:40:20",124
"2018-10-24 01:40:21",124
"2018-10-24 02:40:21",124
"2018-10-24 03:40:21",124
"2018-10-24 04:40:20",124
"2018-10-24 05:40:21",124
"2018-10-24 06:40:21",124
"2018-10-24 07:40:21",124
"2018-10-24 08:40:21",124
"2018-10-24 09:40:20",124
"2018-10-24 10:40:21",124
"2018-10-24 11:40:21",124
"2018-10-24 12:40:20",124
"2018-10-24 13:40:21",124
"2018-10-24 14:40:21",124
"2018-10-24 15:40:21",122
"2018-10-24 16:40:21",122
"2018-10-24 17:40:21",122
"2018-10-24 18:40:22",122
"2018-10-24 19:40:21",122
"2018-10-24 20:40:21",123
"2018-10-24 21:40:21",123
"2018-10-24 22:40:21",123
"2018-10-24 23:40:21",123
"2018-10-25 00:40:21",123
"2018-10-25 01:40:21",123
"2018-10-25 02:40:21",123
"2018-10-25 03:40:20",123
"2018-10-25 04:40:21",123
"2018-10-25 05:40:21",123
"2018-10-25 06:40:20",123
"2018-10-25 07:40:21",123
"2018-10-25 08:40:20",123
"2018-10-25 09:40:20",123
"2018-10-25 10:40:20",123
"2018-10-25 11:40:22",123
"2018-10-25 14:06:25",123
"2018-10-25 14:40:21",123
"2018-10-25 15:40:21",123
"2018-10-25 16:40:21",123
"2018-10-25 17:40:21",124
"2018-10-25 18:40:22",124
"2018-10-25 19:40:21",124
"2018-10-25 20:40:21",124
"2018-10-25 21:40:21",124
"2018-10-25 22:40:21",124
"2018-10-25 23:40:22",124
"2018-10-26 00:40:21",124
"2018-10-26 01:40:20",124
"2018-10-26 02:40:21",124
"2018-10-26 03:40:21",124
"2018-10-26 04:40:21",124
"2018-10-26 05:40:20",124
"2018-10-26 06:40:21",124
"2018-10-26 07:40:20",124
"2018-10-26 08:40:20",124
"2018-10-26 09:40:20",124
"2018-10-26 10:40:21",124
"2018-10-26 11:40:21",124
"2018-10-26 12:40:22",124
"2018-10-26 13:40:22",124
"2018-10-26 14:40:22",125
"2018-10-26 15:40:21",125
"2018-10-26 16:40:22",125
"2018-10-26 17:40:22",124
"2018-10-26 18:40:22",124
"2018-10-26 19:40:22",124
"2018-10-26 20:40:22",124
"2018-10-26 21:40:21",124
"2018-10-26 22:40:21",124
"2018-10-26 23:40:22",124
"2018-10-27 00:40:21",124
"2018-10-27 01:40:22",124
"2018-10-27 02:40:21",124
"2018-10-27 03:40:21",124
"2018-10-27 04:40:21",124
"2018-10-27 05:40:22",124
"2018-10-27 06:40:22",124
"2018-10-27 07:40:22",124
"2018-10-27 08:40:22",124
"2018-10-27 09:40:22",124
"2018-10-27 10:40:23",124
"2018-10-27 11:40:21",124
"2018-10-27 12:40:21",124
"2018-10-27 13:40:21",124
"2018-10-27 14:40:22",124
"2018-10-27 15:40:22",124
"2018-10-27 16:40:22",124
"2018-10-27 17:40:22",124
"2018-10-27 18:40:21",124
"2018-10-27 19:40:22",124
"2018-10-27 20:40:22",124
"2018-10-27 21:40:22",124
"2018-10-27 22:40:22",124
"2018-10-27 23:40:21",124
"2018-10-28 00:40:22",124
"2018-10-28 01:40:22",124
"2018-10-28 02:40:21",124
"2018-10-28 03:40:22",124
"2018-10-28 04:40:22",124
"2018-10-28 05:40:21",124
"2018-10-28 06:40:22",124
"2018-10-28 07:40:21",124
"2018-10-28 08:40:22",124
"2018-10-28 09:40:22",124
"2018-10-28 10:40:21",124
"2018-10-28 11:40:21",124
"2018-10-28 12:40:21",124
"2018-10-28 13:40:23",124
"2018-10-28 14:40:22",124
"2018-10-28 15:40:22",124
"2018-10-28 16:40:22",124
"2018-10-28 17:40:22",124
"2018-10-28 18:40:22",124
"2018-10-28 19:40:21",124
"2018-10-28 20:40:21",124
"2018-10-28 21:40:21",124
"2018-10-28 22:40:22",124
"2018-10-28 23:40:21",124
"2018-10-29 00:40:22",124
"2018-10-29 01:40:22",124
"2018-10-29 02:40:22",124
"2018-10-29 03:40:21",124
"2018-10-29 04:40:22",124
"2018-10-29 05:40:22",124
"2018-10-29 06:40:22",124
"2018-10-29 07:40:22",124
"2018-10-29 08:40:21",124
"2018-10-29 09:40:21",124
"2018-10-29 10:40:22",124
"2018-10-29 11:40:21",124
"2018-10-29 12:40:22",124
"2018-10-29 13:40:22",124
"2018-10-29 14:40:22",124
"2018-10-29 15:40:22",125
"2018-10-29 16:40:22",125
"2018-10-29 17:40:21",125
"2018-10-29 18:40:22",126
"2018-10-29 19:40:22",126
"2018-10-29 20:40:22",125
"2018-10-29 21:40:22",125
"2018-10-29 22:40:22",125
"2018-10-29 23:40:21",125
"2018-10-30 00:40:22",125
"2018-10-30 01:40:21",125
"2018-10-30 02:40:22",125
"2018-10-30 03:40:22",125
"2018-10-30 04:40:22",125
"2018-10-30 05:40:21",125
"2018-10-30 06:40:22",125
"2018-10-30 07:40:21",125
"2018-10-30 08:40:21",125
"2018-10-30 09:40:22",125
"2018-10-30 10:40:22",125
"2018-10-30 11:40:22",125
"2018-10-30 12:40:21",125
"2018-10-30 13:40:22",125
"2018-10-30 14:40:23",123
"2018-10-30 15:40:22",123
"2018-10-30 16:40:22",123
"2018-10-30 17:40:21",123
"2018-10-30 18:40:22",123
"2018-10-30 19:40:22",123
"2018-10-30 20:40:22",123
"2018-10-30 21:40:22",123
"2018-10-30 22:40:22",123
"2018-10-30 23:40:21",123
"2018-10-31 00:40:22",123
"2018-10-31 01:40:22",123
"2018-10-31 02:40:22",123
"2018-10-31 03:40:21",123
"2018-10-31 04:40:22",123
"2018-10-31 05:40:22",123
"2018-10-31 06:40:22",123
"2018-10-31 07:40:21",123
"2018-10-31 08:40:22",123
"2018-10-31 09:40:21",123
"2018-10-31 10:40:22",123
"2018-10-31 11:40:22",123
"2018-10-31 12:40:22",123
"2018-10-31 14:06:55",123
"2018-10-31 14:40:22",123
"2018-10-31 15:40:22",123
"2018-10-31 16:40:22",123
"2018-10-31 17:40:21",123
"2018-10-31 18:40:21",124
"2018-10-31 19:40:21",124
"2018-10-31 20:40:22",124
"2018-10-31 21:40:21",124
"2018-10-31 22:40:21",124
"2018-10-31 23:40:22",124
"2018-11-01 00:40:21",124
"2018-11-01 01:40:22",124
"2018-11-01 02:40:22",124
"2018-11-01 03:40:21",124
"2018-11-01 04:40:22",124
"2018-11-01 05:40:22",124
"2018-11-01 06:40:22",124
"2018-11-01 07:40:22",124
"2018-11-01 08:40:22",124
"2018-11-01 09:40:21",124
"2018-11-01 10:40:22",124
"2018-11-01 11:40:21",124
"2018-11-01 12:40:21",124
"2018-11-01 13:40:22",124
"2018-11-01 14:40:22",123
"2018-11-01 15:40:22",123
"2018-11-01 16:40:22",125
"2018-11-01 17:40:22",125
"2018-11-01 18:40:22",124
"2018-11-01 19:40:22",124
"2018-11-01 20:40:22",125
"2018-11-01 21:40:22",125
"2018-11-01 22:40:22",125
"2018-11-01 23:40:22",125
"2018-11-02 00:40:22",125
"2018-11-02 01:40:22",125
"2018-11-02 02:40:22",125
"2018-11-02 03:40:23",125
"2018-11-02 04:40:22",125
"2018-11-02 05:40:22",125
"2018-11-02 06:40:22",125
"2018-11-02 07:40:21",125
"2018-11-02 08:40:22",125
"2018-11-02 09:40:23",125
"2018-11-02 10:40:22",125
"2018-11-02 11:40:21",125
"2018-11-02 12:40:22",125
"2018-11-02 14:04:56",128
"2018-11-02 14:40:23",128
"2018-11-02 15:40:23",128
"2018-11-02 16:40:23",128
"2018-11-02 17:40:23",128
"2018-11-02 18:40:23",129
"2018-11-02 19:40:23",129
"2018-11-02 20:40:23",129
"2018-11-02 21:40:23",129
"2018-11-02 22:40:23",129
"2018-11-02 23:40:23",129
"2018-11-03 00:40:23",129
"2018-11-03 01:40:23",129
"2018-11-03 02:40:24",129
"2018-11-03 03:40:22",129
"2018-11-03 04:40:23",129
"2018-11-03 05:40:23",129
"2018-11-03 06:40:22",129
"2018-11-03 07:40:22",129
"2018-11-03 08:40:23",129
"2018-11-03 09:40:24",129
"2018-11-03 10:40:22",129
"2018-11-03 11:40:23",129
"2018-11-03 12:40:23",129
"2018-11-03 13:40:23",129
"2018-11-03 14:40:23",129
"2018-11-03 15:40:23",129
"2018-11-03 16:40:22",129
"2018-11-03 17:40:23",129
"2018-11-03 18:40:23",129
"2018-11-03 19:40:24",129
"2018-11-03 20:40:23",129
"2018-11-03 21:40:30",129
"2018-11-03 22:40:23",129
"2018-11-03 23:40:23",129
"2018-11-04 00:40:23",129
"2018-11-04 01:40:23",129
"2018-11-04 02:40:23",129
"2018-11-04 03:40:23",129
"2018-11-04 04:40:23",129
"2018-11-04 05:40:23",129
"2018-11-04 06:40:23",129
"2018-11-04 07:40:23",129
"2018-11-04 08:40:23",129
"2018-11-04 09:40:22",129
"2018-11-04 10:40:22",129
"2018-11-04 11:40:23",129
"2018-11-04 12:40:23",129
"2018-11-04 13:40:23",129
"2018-11-04 14:40:22",129
"2018-11-04 15:40:22",129
"2018-11-04 16:40:22",129
"2018-11-04 17:40:23",129
"2018-11-04 18:40:23",129
"2018-11-04 19:40:23",129
"2018-11-04 20:40:22",129
"2018-11-04 21:40:23",129
"2018-11-04 22:40:23",129
"2018-11-04 23:40:23",129
"2018-11-05 00:40:23",129
"2018-11-05 01:40:22",129
"2018-11-05 02:40:22",129
"2018-11-05 03:40:24",129
"2018-11-05 04:40:24",129
"2018-11-05 05:40:24",129
"2018-11-05 06:40:23",129
"2018-11-05 07:40:22",129
"2018-11-05 08:40:23",129
"2018-11-05 09:40:23",129
"2018-11-05 10:40:23",129
"2018-11-05 11:40:22",129
"2018-11-05 12:40:22",129
"2018-11-05 13:40:23",129
"2018-11-05 14:40:24",129
"2018-11-05 15:40:23",128
"2018-11-05 16:40:23",128
"2018-11-05 17:40:22",128
"2018-11-05 18:40:22",129
"2018-11-05 19:40:22",129
"2018-11-05 20:40:23",130
"2018-11-05 21:40:24",130
"2018-11-05 22:40:23",130
"2018-11-05 23:40:23",130
"2018-11-06 00:40:23",130
"2018-11-06 01:40:23",130
"2018-11-06 02:40:23",130
"2018-11-06 03:40:24",130
"2018-11-06 04:40:24",130
"2018-11-06 05:40:24",130
"2018-11-06 06:40:24",130
"2018-11-06 07:40:25",130
"2018-11-06 08:40:25",130
"2018-11-06 09:40:24",130
"2018-11-06 10:40:24",130
"2018-11-06 11:40:24",130
"2018-11-06 12:40:24",130
"2018-11-06 13:40:25",130
"2018-11-06 14:40:25",130
"2018-11-06 15:40:24",129
"2018-11-06 16:40:25",129
"2018-11-06 17:40:25",129
"2018-11-06 18:40:24",129
"2018-11-06 19:40:24",130
"2018-11-06 20:40:25",130
"2018-11-06 21:40:25",130
"2018-11-06 22:40:25",130
"2018-11-06 23:40:24",130
"2018-11-07 00:40:25",130
"2018-11-07 01:40:25",130
"2018-11-07 02:40:25",130
"2018-11-07 03:40:25",130
"2018-11-07 04:40:24",130
"2018-11-07 05:40:24",130
"2018-11-07 06:40:24",130
"2018-11-07 07:40:24",130
"2018-11-07 08:40:24",130
"2018-11-07 09:40:24",130
"2018-11-07 10:40:24",130
"2018-11-07 11:40:24",130
"2018-11-07 12:40:25",130
"2018-11-07 13:40:24",130
"2018-11-07 14:40:26",130
"2018-11-07 15:40:25",129
"2018-11-07 16:40:24",128
"2018-11-07 17:40:24",128
"2018-11-07 18:40:25",128
"2018-11-07 19:40:25",128
"2018-11-07 20:40:25",128
"2018-11-07 21:40:24",128
"2018-11-07 22:40:25",128
"2018-11-07 23:40:24",128
"2018-11-08 00:40:24",128
"2018-11-08 01:40:25",128
"2018-11-08 02:40:24",128
"2018-11-08 03:40:24",128
"2018-11-08 04:40:24",128
"2018-11-08 05:40:24",128
"2018-11-08 06:40:24",128
"2018-11-08 07:40:24",128
"2018-11-08 08:40:25",128
"2018-11-08 09:40:24",128
"2018-11-08 10:40:24",128
"2018-11-08 11:40:24",128
"2018-11-08 12:40:25",128
"2018-11-08 13:40:24",128
"2018-11-08 14:40:25",128
"2018-11-08 15:40:24",129
"2018-11-08 16:40:24",129
"2018-11-08 17:40:24",128
"2018-11-08 18:40:24",128
"2018-11-08 19:40:24",127
"2018-11-08 20:40:25",127
"2018-11-08 21:40:25",127
"2018-11-08 22:40:24",127
"2018-11-08 23:40:25",127
"2018-11-09 00:40:25",127
"2018-11-09 01:40:25",127
"2018-11-09 02:40:24",127
"2018-11-09 03:40:25",127
"2018-11-09 04:40:24",127
"2018-11-09 05:40:24",127
"2018-11-09 06:40:24",127
"2018-11-09 07:40:25",127
"2018-11-09 08:40:25",127
"2018-11-09 09:40:25",127
"2018-11-09 10:40:24",127
"2018-11-09 11:40:24",127
"2018-11-09 12:40:24",127
"2018-11-09 13:40:23",127
"2018-11-09 15:04:28",127
"2018-11-09 15:40:26",127
"2018-11-09 16:40:25",127
"2018-11-09 17:40:25",127
"2018-11-09 18:40:26",127
"2018-11-09 19:40:27",127
"2018-11-09 20:40:26",127
"2018-11-09 21:40:25",127
"2018-11-09 22:40:26",127
"2018-11-09 23:40:25",127
"2018-11-10 00:40:25",127
"2018-11-10 01:40:25",127
"2018-11-10 02:40:25",127
"2018-11-10 03:40:26",127
"2018-11-10 04:40:26",127
"2018-11-10 05:40:25",127
"2018-11-10 06:40:25",127
"2018-11-10 07:40:25",127
"2018-11-10 08:40:25",127
"2018-11-10 09:40:26",127
"2018-11-10 10:40:24",127
"2018-11-10 11:40:25",127
"2018-11-10 12:40:25",127
"2018-11-10 13:40:25",127
"2018-11-10 14:40:25",127
"2018-11-10 15:40:26",127
"2018-11-10 16:40:25",127
"2018-11-10 17:40:26",127
"2018-11-10 18:40:25",127
"2018-11-10 19:40:26",127
"2018-11-10 20:40:25",127
"2018-11-10 21:40:26",127
"2018-11-10 22:40:25",127
"2018-11-10 23:40:26",127
"2018-11-11 00:40:26",127
"2018-11-11 01:40:26",127
"2018-11-11 02:40:24",127
"2018-11-11 03:40:26",127
"2018-11-11 04:40:25",127
"2018-11-11 05:40:26",127
"2018-11-11 06:40:25",127
"2018-11-11 07:40:26",127
"2018-11-11 08:40:25",127
"2018-11-11 09:40:25",127
"2018-11-11 10:40:26",127
"2018-11-11 11:40:26",127
"2018-11-11 12:40:26",127
"2018-11-11 13:40:25",127
"2018-11-11 14:40:26",127
"2018-11-11 15:40:26",127
"2018-11-11 16:40:25",127
"2018-11-11 17:40:25",127
"2018-11-11 18:40:26",127
"2018-11-11 19:40:25",127
"2018-11-11 20:40:26",127
"2018-11-11 21:40:25",127
"2018-11-11 22:40:26",127
"2018-11-11 23:40:25",127
"2018-11-12 00:40:25",127
"2018-11-12 01:40:25",127
"2018-11-12 02:40:25",127
"2018-11-12 03:40:26",127
"2018-11-12 04:40:25",127
"2018-11-12 05:40:25",127
"2018-11-12 06:40:26",127
"2018-11-12 07:40:26",127
"2018-11-12 08:40:26",127
"2018-11-12 09:40:26",127
"2018-11-12 10:40:25",127
"2018-11-12 11:40:26",127
"2018-11-12 12:40:25",127
"2018-11-12 13:40:25",127
"2018-11-12 14:40:26",127
"2018-11-12 15:40:25",127
"2018-11-12 16:40:26",127
"2018-11-12 17:40:24",127
"2018-11-12 18:40:25",127
"2018-11-12 19:40:26",127
"2018-11-12 20:40:25",127
"2018-11-12 21:40:25",127
"2018-11-12 22:40:25",127
"2018-11-12 23:40:25",127
"2018-11-13 00:40:25",127
"2018-11-13 01:40:25",127
"2018-11-13 02:40:26",127
"2018-11-13 03:40:25",127
"2018-11-13 04:40:25",127
"2018-11-13 05:40:25",127
"2018-11-13 06:40:25",127
"2018-11-13 07:40:26",127
"2018-11-13 08:40:26",127
"2018-11-13 09:40:25",127
"2018-11-13 10:40:26",127
"2018-11-13 11:40:26",127
"2018-11-13 12:40:26",127
"2018-11-13 13:40:25",127
"2018-11-13 14:40:27",127
"2018-11-13 15:40:25",126
"2018-11-13 16:40:25",126
"2018-11-13 17:40:26",126
"2018-11-13 18:40:25",126
"2018-11-13 19:40:25",127
"2018-11-13 20:40:25",127
"2018-11-13 21:40:25",127
"2018-11-13 22:40:25",127
"2018-11-13 23:40:26",127
"2018-11-14 00:40:25",127
"2018-11-14 01:40:26",127
"2018-11-14 02:40:25",127
"2018-11-14 03:40:25",127
"2018-11-14 04:40:26",127
"2018-11-14 05:40:25",127
"2018-11-14 06:40:25",127
"2018-11-14 07:40:26",127
"2018-11-14 08:40:25",127
"2018-11-14 09:40:26",127
"2018-11-14 10:40:25",127
"2018-11-14 11:40:26",127
"2018-11-14 12:40:25",127
"2018-11-14 13:40:26",127
"2018-11-14 14:40:26",127
"2018-11-14 15:40:25",127
"2018-11-14 16:40:26",127
"2018-11-14 17:40:26",127
"2018-11-14 18:40:26",127
"2018-11-14 19:40:26",127
"2018-11-14 20:40:26",127
"2018-11-14 21:40:26",127
"2018-11-14 22:40:25",127
"2018-11-14 23:40:25",127
"2018-11-15 00:40:25",127
"2018-11-15 01:40:25",127
"2018-11-15 02:40:26",127
"2018-11-15 03:40:26",127
"2018-11-15 04:40:25",127
"2018-11-15 05:40:26",127
"2018-11-15 06:40:25",127
"2018-11-15 07:40:25",127
"2018-11-15 08:40:25",127
"2018-11-15 09:40:26",127
"2018-11-15 10:40:26",127
"2018-11-15 11:40:25",127
"2018-11-15 12:40:25",127
"2018-11-15 13:40:26",127
"2018-11-15 14:40:26",127
"2018-11-15 15:40:26",128
"2018-11-15 16:40:25",130
"2018-11-15 17:40:26",130
"2018-11-15 18:40:26",130
"2018-11-15 19:40:25",130
"2018-11-15 20:40:26",130
"2018-11-15 21:40:26",129
"2018-11-15 22:40:25",129
"2018-11-15 23:40:25",129
"2018-11-16 00:40:26",129
"2018-11-16 01:40:25",129
"2018-11-16 02:40:25",129
"2018-11-16 03:40:25",129
"2018-11-16 04:40:25",129
"2018-11-16 05:40:25",129
"2018-11-16 06:40:25",129
"2018-11-16 07:40:26",129
"2018-11-16 08:40:25",129
"2018-11-16 09:40:25",129
"2018-11-16 10:40:26",129
"2018-11-16 11:40:25",129
"2018-11-16 12:40:25",129
"2018-11-16 13:40:25",129
"2018-11-16 14:40:26",129
"2018-11-16 15:40:26",129
"2018-11-16 16:40:26",129
"2018-11-16 17:40:26",129
"2018-11-16 18:40:25",129
"2018-11-16 19:40:25",129
"2018-11-16 20:40:26",129
"2018-11-16 21:40:26",129
"2018-11-16 22:40:26",129
"2018-11-16 23:40:26",129
"2018-11-17 00:40:26",129
"2018-11-17 01:40:26",129
"2018-11-17 02:40:25",129
"2018-11-17 03:40:30",129
"2018-11-17 04:40:26",129
"2018-11-17 05:40:26",129
"2018-11-17 06:40:27",129
"2018-11-17 07:40:25",129
"2018-11-17 08:40:26",129
"2018-11-17 09:40:26",129
"2018-11-17 10:40:26",129
"2018-11-17 11:40:26",129
"2018-11-17 12:40:25",129
"2018-11-17 13:40:25",129
"2018-11-17 14:40:26",129
"2018-11-17 15:40:25",129
"2018-11-17 16:40:25",129
"2018-11-17 17:40:26",129
"2018-11-17 18:40:26",129
"2018-11-17 19:40:26",129
"2018-11-17 20:40:26",129
"2018-11-17 21:40:26",129
"2018-11-17 22:40:25",129
"2018-11-17 23:40:25",129
"2018-11-18 00:40:25",129
"2018-11-18 01:40:25",129
"2018-11-18 02:40:26",129
"2018-11-18 03:40:26",129
"2018-11-18 04:40:25",129
"2018-11-18 05:40:25",129
"2018-11-18 06:40:26",129
"2018-11-18 07:40:25",129
"2018-11-18 08:40:25",129
"2018-11-18 09:40:26",129
"2018-11-18 10:40:25",129
"2018-11-18 11:40:25",129
"2018-11-18 12:40:25",129
"2018-11-18 13:40:25",129
"2018-11-18 14:40:26",129
"2018-11-18 15:40:26",129
"2018-11-18 16:40:25",129
"2018-11-18 17:40:26",129
"2018-11-18 18:40:26",129
"2018-11-18 19:40:25",129
"2018-11-18 20:40:26",129
"2018-11-18 21:40:26",129
"2018-11-18 22:40:25",129
"2018-11-18 23:40:26",129
"2018-11-19 00:40:26",129
"2018-11-19 01:40:26",129
"2018-11-19 02:40:25",129
"2018-11-19 03:40:26",129
"2018-11-19 04:40:25",129
"2018-11-19 05:40:25",129
"2018-11-19 06:40:25",129
"2018-11-19 07:40:25",129
"2018-11-19 08:40:25",129
"2018-11-19 09:40:25",129
"2018-11-19 10:40:26",129
"2018-11-19 11:40:26",129
"2018-11-19 12:40:26",129
"2018-11-19 13:40:25",129
"2018-11-19 14:40:26",129
"2018-11-19 15:40:25",132
"2018-11-19 16:40:26",133
"2018-11-19 17:40:25",133
"2018-11-19 18:40:25",133
"2018-11-19 19:40:25",133
"2018-11-19 20:40:25",133
"2018-11-19 21:40:25",133
"2018-11-19 22:40:25",133
"2018-11-19 23:40:25",133
"2018-11-20 00:40:26",133
"2018-11-20 01:40:26",133
"2018-11-20 02:40:26",133
"2018-11-20 03:40:26",133
"2018-11-20 04:40:25",133
"2018-11-20 05:40:25",133
"2018-11-20 06:40:25",133
"2018-11-20 07:40:26",133
"2018-11-20 08:40:26",133
"2018-11-20 09:40:26",133
"2018-11-20 10:40:25",133
"2018-11-20 11:40:25",133
"2018-11-20 12:40:25",133
"2018-11-20 13:40:26",133
"2018-11-20 14:40:26",133
"2018-11-20 15:40:25",133
"2018-11-20 16:40:24",132
"2018-11-20 17:40:25",132
"2018-11-20 18:40:26",132
"2018-11-20 19:40:25",132
"2018-11-20 20:40:25",133
"2018-11-20 21:40:26",133
"2018-11-20 22:40:25",133
"2018-11-20 23:40:25",133
"2018-11-21 00:40:24",133
"2018-11-21 01:40:24",133
"2018-11-21 02:40:24",133
"2018-11-21 03:40:25",133
"2018-11-21 04:40:25",133
"2018-11-21 05:40:24",133
"2018-11-21 06:40:25",133
"2018-11-21 07:40:25",133
"2018-11-21 08:40:25",133
"2018-11-21 09:40:25",133
"2018-11-21 10:40:25",133
"2018-11-21 11:40:24",133
"2018-11-21 12:40:24",133
"2018-11-21 13:40:24",133
"2018-11-21 14:40:26",133
"2018-11-21 16:40:24",134
"2018-11-21 17:40:26",134
"2018-11-21 18:40:25",134
"2018-11-21 19:40:25",134
"2018-11-21 20:40:26",134
"2018-11-21 21:40:25",134
"2018-11-21 22:40:24",134
"2018-11-21 23:40:25",134
"2018-11-22 00:40:24",134
"2018-11-22 01:40:25",134
"2018-11-22 02:40:25",134
"2018-11-22 03:40:25",134
"2018-11-22 04:40:25",134
"2018-11-22 05:40:25",134
"2018-11-22 06:40:25",134
"2018-11-22 07:40:25",134
"2018-11-22 08:40:25",134
"2018-11-22 09:40:25",134
"2018-11-22 10:40:25",134
"2018-11-22 11:40:25",134
"2018-11-22 12:40:25",134
"2018-11-22 13:40:25",134
"2018-11-22 14:40:25",134
"2018-11-22 15:40:26",134
"2018-11-22 16:40:24",134
"2018-11-22 17:40:25",134
"2018-11-22 18:40:24",134
"2018-11-22 19:40:25",134
"2018-11-22 20:40:25",134
"2018-11-22 21:40:26",134
"2018-11-22 22:40:25",134
"2018-11-22 23:40:25",134
"2018-11-23 00:40:25",134
"2018-11-23 01:40:24",134
"2018-11-23 02:40:25",134
"2018-11-23 03:40:25",134
"2018-11-23 04:40:25",134
"2018-11-23 05:40:25",134
"2018-11-23 06:40:25",134
"2018-11-23 07:40:25",134
"2018-11-23 08:40:25",134
"2018-11-23 09:40:25",134
"2018-11-23 10:40:25",134
"2018-11-23 11:40:25",134
"2018-11-23 12:40:25",134
"2018-11-23 13:40:25",134
"2018-11-23 14:40:24",134
"2018-11-23 15:40:26",134
"2018-11-23 16:40:24",134
"2018-11-23 17:40:25",134
"2018-11-23 18:40:24",134
"2018-11-23 19:40:25",134
"2018-11-23 20:40:26",134
"2018-11-23 21:40:26",134
"2018-11-23 22:40:26",134
"2018-11-23 23:40:26",134
"2018-11-24 00:40:25",134
"2018-11-24 01:40:27",134
"2018-11-24 02:40:27",134
"2018-11-24 03:40:26",134
"2018-11-24 04:40:26",134
"2018-11-24 05:40:27",134
"2018-11-24 06:40:26",134
"2018-11-24 07:40:26",134
"2018-11-24 08:40:26",134
"2018-11-24 09:40:25",134
"2018-11-24 10:40:25",134
"2018-11-24 11:40:26",134
"2018-11-24 12:40:26",134
"2018-11-24 13:40:25",134
"2018-11-24 14:40:26",134
"2018-11-24 15:40:26",134
"2018-11-24 16:40:25",134
"2018-11-24 17:40:26",134
"2018-11-24 18:40:25",134
"2018-11-24 19:40:25",134
"2018-11-24 20:40:26",134
"2018-11-24 21:40:25",134
"2018-11-24 22:40:25",134
"2018-11-24 23:40:26",134
"2018-11-25 00:40:26",134
"2018-11-25 01:40:26",134
"2018-11-25 02:40:26",134
"2018-11-25 03:40:25",134
"2018-11-25 04:40:26",134
"2018-11-25 05:40:26",134
"2018-11-25 06:40:25",134
"2018-11-25 07:40:26",134
"2018-11-25 08:40:25",134
"2018-11-25 09:40:26",134
"2018-11-25 10:40:25",134
"2018-11-25 11:40:26",134
"2018-11-25 12:40:25",134
"2018-11-25 13:40:26",134
"2018-11-25 14:40:25",134
"2018-11-25 15:40:25",134
"2018-11-25 16:40:26",134
"2018-11-25 17:40:26",134
"2018-11-25 18:40:26",134
"2018-11-25 19:40:26",134
"2018-11-25 20:40:26",134
"2018-11-25 21:40:25",134
"2018-11-25 22:40:26",134
"2018-11-25 23:40:26",134
"2018-11-26 00:40:26",134
"2018-11-26 01:40:26",134
"2018-11-26 02:40:27",134
"2018-11-26 03:40:25",134
"2018-11-26 04:40:25",134
"2018-11-26 05:40:26",134
"2018-11-26 06:40:25",134
"2018-11-26 07:40:25",134
"2018-11-26 08:40:26",134
"2018-11-26 09:40:26",134
"2018-11-26 10:40:26",134
"2018-11-26 11:40:26",134
"2018-11-26 12:40:26",134
"2018-11-26 13:40:24",134
"2018-11-26 14:40:26",134
"2018-11-26 15:40:24",134
"2018-11-26 16:40:25",134
"2018-11-26 17:40:25",136
"2018-11-26 18:40:25",136
"2018-11-26 19:40:25",136
"2018-11-26 20:40:26",135
"2018-11-26 21:40:25",135
"2018-11-26 22:40:25",135
"2018-11-26 23:40:25",135
"2018-11-27 00:40:25",135
"2018-11-27 01:40:25",135
"2018-11-27 02:40:25",135
"2018-11-27 03:40:25",135
"2018-11-27 04:40:25",135
"2018-11-27 05:40:25",135
"2018-11-27 06:40:25",135
"2018-11-27 07:40:25",135
"2018-11-27 08:40:25",135
"2018-11-27 09:40:25",135
"2018-11-27 10:40:25",135
"2018-11-27 11:40:25",135
"2018-11-27 12:40:25",135
"2018-11-27 13:40:25",135
"2018-11-27 14:40:26",135
"2018-11-27 15:40:26",136
"2018-11-27 16:40:27",136
"2018-11-27 17:40:26",136
"2018-11-27 18:40:25",136
"2018-11-27 19:40:26",137
"2018-11-27 20:40:26",137
"2018-11-27 21:40:26",137
"2018-11-27 22:40:26",137
"2018-11-27 23:40:26",137
"2018-11-28 00:40:26",137
"2018-11-28 01:40:25",137
"2018-11-28 02:40:26",137
"2018-11-28 03:40:27",137
"2018-11-28 04:40:26",137
"2018-11-28 05:40:26",137
"2018-11-28 06:40:26",137
"2018-11-28 07:40:25",137
"2018-11-28 08:40:25",137
"2018-11-28 09:40:27",137
"2018-11-28 10:40:26",137
"2018-11-28 11:40:26",137
"2018-11-28 12:40:26",137
"2018-11-28 14:05:28",137
"2018-11-28 14:40:27",137
"2018-11-28 15:40:27",137
"2018-11-28 16:40:26",138
"2018-11-28 17:40:27",137
"2018-11-28 18:40:25",136
"2018-11-28 19:40:26",136
"2018-11-28 20:40:26",136
"2018-11-28 21:40:26",136
"2018-11-28 22:40:26",136
"2018-11-28 23:40:26",136
"2018-11-29 00:40:26",136
"2018-11-29 01:40:26",136
"2018-11-29 02:40:26",136
"2018-11-29 03:40:26",136
"2018-11-29 04:40:26",136
"2018-11-29 05:40:26",136
"2018-11-29 06:40:26",136
"2018-11-29 07:40:25",136
"2018-11-29 08:40:25",136
"2018-11-29 09:40:26",136
"2018-11-29 10:40:27",136
"2018-11-29 11:40:25",136
"2018-11-29 12:40:26",136
"2018-11-29 13:40:26",136
"2018-11-29 15:05:28",134
"2018-11-29 15:40:26",134
"2018-11-29 16:40:26",134
"2018-11-29 17:40:27",133
"2018-11-29 18:40:27",133
"2018-11-29 19:40:26",133
"2018-11-29 20:40:25",133
"2018-11-29 21:40:26",133
"2018-11-29 22:40:26",133
"2018-11-29 23:40:27",133
"2018-11-30 00:40:27",133
"2018-11-30 01:40:27",133
"2018-11-30 02:40:26",133
"2018-11-30 03:40:27",133
"2018-11-30 04:40:26",133
"2018-11-30 05:40:26",133
"2018-11-30 06:40:25",133
"2018-11-30 07:40:26",133
"2018-11-30 08:40:26",133
"2018-11-30 09:40:26",133
"2018-11-30 10:40:26",133
"2018-11-30 11:40:26",133
"2018-11-30 12:40:26",133
"2018-11-30 13:40:26",133
"2018-11-30 14:40:27",133
"2018-11-30 15:40:26",133
"2018-11-30 16:40:27",134
"2018-11-30 17:40:26",134
"2018-11-30 18:40:26",135
"2018-11-30 19:40:26",135
"2018-11-30 20:40:26",135
"2018-11-30 21:40:25",135
"2018-11-30 22:40:27",135
"2018-11-30 23:40:26",135
"2018-12-01 00:40:26",135
"2018-12-01 01:40:26",135
"2018-12-01 02:40:26",135
"2018-12-01 03:40:26",135
"2018-12-01 04:40:26",135
"2018-12-01 05:40:26",135
"2018-12-01 06:40:26",135
"2018-12-01 07:40:26",135
"2018-12-01 08:40:26",135
"2018-12-01 09:40:26",135
"2018-12-01 10:40:26",135
"2018-12-01 11:40:27",135
"2018-12-01 12:40:26",135
"2018-12-01 13:40:26",135
"2018-12-01 14:40:25",135
"2018-12-01 15:40:26",135
"2018-12-01 16:40:26",135
"2018-12-01 17:40:26",135
"2018-12-01 18:40:25",135
"2018-12-01 19:40:25",135
"2018-12-01 20:40:26",135
"2018-12-01 21:40:26",135
"2018-12-01 22:40:26",135
"2018-12-01 23:40:26",135
"2018-12-02 00:40:25",135
"2018-12-02 01:40:26",135
"2018-12-02 02:40:26",135
"2018-12-02 03:40:26",135
"2018-12-02 04:40:26",135
"2018-12-02 05:40:26",135
"2018-12-02 06:40:26",135
"2018-12-02 07:40:26",135
"2018-12-02 08:40:27",135
"2018-12-02 09:40:25",135
"2018-12-02 10:40:27",135
"2018-12-02 11:40:26",135
"2018-12-02 12:40:25",135
"2018-12-02 13:40:26",135
"2018-12-02 14:40:25",135
"2018-12-02 15:40:27",135
"2018-12-02 16:40:26",135
"2018-12-02 17:40:26",135
"2018-12-02 18:40:26",135
"2018-12-02 19:40:26",135
"2018-12-02 20:40:26",135
"2018-12-02 21:40:25",135
"2018-12-02 22:40:25",135
"2018-12-02 23:40:26",135
"2018-12-03 00:40:26",135
"2018-12-03 01:40:25",135
"2018-12-03 02:40:26",135
"2018-12-03 03:40:26",135
"2018-12-03 04:40:27",135
"2018-12-03 05:40:25",135
"2018-12-03 06:40:25",135
"2018-12-03 07:40:25",135
"2018-12-03 08:40:26",135
"2018-12-03 09:40:26",135
"2018-12-03 10:40:26",135
"2018-12-03 11:40:27",135
"2018-12-03 12:40:25",135
"2018-12-03 13:40:25",135
"2018-12-03 14:40:28",135
"2018-12-03 15:40:26",136
"2018-12-03 16:40:26",137
"2018-12-03 17:40:26",136
"2018-12-03 18:40:26",136
"2018-12-03 19:40:25",136
"2018-12-03 20:40:26",136
"2018-12-03 21:40:26",137
"2018-12-03 22:40:26",137
"2018-12-03 23:40:26",137
"2018-12-04 00:40:26",137
"2018-12-04 01:40:26",137
"2018-12-04 02:40:26",137
"2018-12-04 03:40:26",137
"2018-12-04 04:40:26",137
"2018-12-04 05:40:26",137
"2018-12-04 06:40:26",137
"2018-12-04 07:40:25",137
"2018-12-04 08:40:27",137
"2018-12-04 09:40:26",137
"2018-12-04 10:40:25",137
"2018-12-04 11:40:25",137
"2018-12-04 12:40:26",137
"2018-12-04 13:40:26",137
"2018-12-04 15:07:00",136
"2018-12-04 15:40:27",136
"2018-12-04 16:40:26",136
"2018-12-04 17:40:26",136
"2018-12-04 18:40:26",136
"2018-12-04 19:40:26",136
"2018-12-04 20:40:26",136
"2018-12-04 21:40:26",136
"2018-12-04 22:40:27",136
"2018-12-04 23:40:26",136
"2018-12-05 00:40:26",136
"2018-12-05 01:40:26",136
"2018-12-05 02:40:27",136
"2018-12-05 03:40:26",136
"2018-12-05 04:40:27",136
"2018-12-05 05:40:28",136
"2018-12-05 06:40:26",136
"2018-12-05 07:40:26",136
"2018-12-05 08:40:25",136
"2018-12-05 09:40:25",136
"2018-12-05 10:40:26",136
"2018-12-05 11:40:26",136
"2018-12-05 12:40:26",136
"2018-12-05 13:40:25",136
"2018-12-05 14:40:26",136
"2018-12-05 15:40:26",136
"2018-12-05 16:40:25",136
"2018-12-05 17:40:26",136
"2018-12-05 18:40:26",136
"2018-12-05 19:40:26",136
"2018-12-05 20:40:25",136
"2018-12-05 21:40:27",136
"2018-12-05 22:40:26",136
"2018-12-05 23:40:26",136
"2018-12-06 00:40:26",136
"2018-12-06 01:40:26",136
"2018-12-06 02:40:26",136
"2018-12-06 03:40:27",136
"2018-12-06 04:40:25",136
"2018-12-06 05:40:26",136
"2018-12-06 06:40:26",136
"2018-12-06 07:40:25",136
"2018-12-06 08:40:27",136
"2018-12-06 09:40:26",136
"2018-12-06 10:40:26",136
"2018-12-06 11:40:26",136
"2018-12-06 12:40:25",136
"2018-12-06 13:40:26",136
"2018-12-06 14:40:26",136
"2018-12-06 15:40:26",134
"2018-12-06 16:40:27",134
"2018-12-06 17:40:27",134
"2018-12-06 18:40:26",134
"2018-12-06 19:40:26",136
"2018-12-06 20:40:26",136
"2018-12-06 21:40:26",136
"2018-12-06 22:40:26",136
"2018-12-06 23:40:26",136
"2018-12-07 00:40:27",136
"2018-12-07 01:40:27",136
"2018-12-07 02:40:27",136
"2018-12-07 03:40:27",136
"2018-12-07 04:40:27",136
"2018-12-07 05:40:28",136
"2018-12-07 06:40:27",136
"2018-12-07 07:40:27",136
"2018-12-07 08:40:27",136
"2018-12-07 09:40:27",136
"2018-12-07 10:40:27",136
"2018-12-07 11:40:27",136
"2018-12-07 12:40:28",136
"2018-12-07 14:05:28",136
"2018-12-07 14:40:28",136
"2018-12-07 16:05:29",135
"2018-12-07 16:40:27",135
"2018-12-07 17:40:29",135
"2018-12-07 18:40:28",135
"2018-12-07 19:40:29",135
"2018-12-07 20:40:28",135
"2018-12-07 21:40:28",135
"2018-12-07 22:40:29",135
"2018-12-07 23:40:29",135
"2018-12-08 00:40:28",135
"2018-12-08 01:40:28",135
"2018-12-08 02:41:43",135
"2018-12-08 03:40:28",135
"2018-12-08 04:40:29",135
"2018-12-08 05:40:28",135
"2018-12-08 06:40:27",135
"2018-12-08 07:40:29",135
"2018-12-08 08:40:28",135
"2018-12-08 09:40:28",135
"2018-12-08 10:40:29",135
"2018-12-08 11:40:28",135
"2018-12-08 12:40:28",135
"2018-12-08 13:40:27",135
"2018-12-08 14:40:28",135
"2018-12-08 15:40:28",135
"2018-12-08 16:40:29",135
"2018-12-08 17:40:28",135
"2018-12-08 18:40:27",135
"2018-12-08 19:40:29",135
"2018-12-08 20:40:29",135
"2018-12-08 21:40:28",135
"2018-12-08 22:40:28",135
"2018-12-08 23:40:28",135
"2018-12-09 00:40:28",135
"2018-12-09 01:40:29",135
"2018-12-09 02:40:28",135
"2018-12-09 03:40:28",135
"2018-12-09 04:40:28",135
"2018-12-09 05:40:28",135
"2018-12-09 06:40:28",135
"2018-12-09 07:40:28",135
"2018-12-09 08:40:28",135
"2018-12-09 09:40:29",135
"2018-12-09 10:40:28",135
"2018-12-09 11:40:28",135
"2018-12-09 12:40:28",135
"2018-12-09 13:40:28",135
"2018-12-09 14:40:28",135
"2018-12-09 15:40:29",135
"2018-12-09 16:40:28",135
"2018-12-09 17:40:28",135
"2018-12-09 18:40:28",135
"2018-12-09 19:40:27",135
"2018-12-09 20:40:28",135
"2018-12-09 21:40:28",135
"2018-12-09 22:40:28",135
"2018-12-09 23:40:28",135
"2018-12-10 00:40:29",135
"2018-12-10 01:40:28",135
"2018-12-10 02:40:28",135
"2018-12-10 03:40:28",135
"2018-12-10 04:40:29",135
"2018-12-10 05:40:28",135
"2018-12-10 06:40:29",135
"2018-12-10 07:40:29",135
"2018-12-10 08:40:28",135
"2018-12-10 09:40:29",135
"2018-12-10 10:40:29",135
"2018-12-10 11:40:28",135
"2018-12-10 12:40:28",135
"2018-12-10 13:40:28",135
"2018-12-10 15:04:00",134
"2018-12-10 15:40:26",134
"2018-12-10 16:40:27",136
"2018-12-10 17:40:28",136
"2018-12-10 18:40:28",136
"2018-12-10 19:40:28",136
"2018-12-10 20:40:27",136
"2018-12-10 21:40:27",136
"2018-12-10 22:40:28",136
"2018-12-10 23:40:28",136
"2018-12-11 00:40:27",136
"2018-12-11 01:40:27",136
"2018-12-11 02:40:27",136
"2018-12-11 03:40:27",136
"2018-12-11 04:40:27",136
"2018-12-11 05:40:28",136
"2018-12-11 06:40:27",136
"2018-12-11 07:40:27",136
"2018-12-11 08:40:27",136
"2018-12-11 09:40:27",136
"2018-12-11 10:40:27",136
"2018-12-11 11:40:28",136
"2018-12-11 12:40:28",136
"2018-12-11 13:40:27",136
"2018-12-11 15:05:00",135
"2018-12-11 15:40:28",135
"2018-12-11 16:40:28",136
"2018-12-11 17:40:28",136
"2018-12-11 18:40:28",135
"2018-12-11 19:40:27",135
"2018-12-11 20:40:27",136
"2018-12-11 21:40:29",136
"2018-12-11 22:40:28",136
"2018-12-11 23:40:27",136
"2018-12-12 00:40:27",136
"2018-12-12 01:40:27",136
"2018-12-12 02:40:28",136
"2018-12-12 03:40:28",136
"2018-12-12 04:40:27",136
"2018-12-12 05:40:26",136
"2018-12-12 06:40:27",136
"2018-12-12 07:40:27",136
"2018-12-12 08:40:28",136
"2018-12-12 09:40:27",136
"2018-12-12 10:40:27",136
"2018-12-12 11:40:28",136
"2018-12-12 12:40:29",136
"2018-12-12 14:06:01",136
"2018-12-12 14:40:28",136
"2018-12-12 15:40:27",136
"2018-12-12 16:40:28",135
"2018-12-12 17:40:27",135
"2018-12-12 18:40:27",135
"2018-12-12 19:40:28",135
"2018-12-12 20:40:27",134
"2018-12-12 21:40:28",134
"2018-12-12 22:40:27",134
"2018-12-12 23:40:28",134
"2018-12-13 00:40:27",134
"2018-12-13 01:40:27",134
"2018-12-13 02:40:28",134
"2018-12-13 03:40:27",134
"2018-12-13 04:40:28",134
"2018-12-13 05:40:28",134
"2018-12-13 06:40:28",134
"2018-12-13 07:40:27",134
"2018-12-13 08:40:27",134
"2018-12-13 09:40:27",134
"2018-12-13 10:40:27",134
"2018-12-13 11:40:27",134
"2018-12-13 12:40:27",134
"2018-12-13 14:04:30",134
"2018-12-13 14:40:28",134
"2018-12-13 15:40:28",135
"2018-12-13 16:40:27",135
"2018-12-13 17:40:27",135
"2018-12-13 18:40:27",135
"2018-12-13 19:40:27",135
"2018-12-13 20:40:28",136
"2018-12-13 21:40:27",136
"2018-12-13 22:40:27",136
"2018-12-13 23:40:28",136
"2018-12-14 00:40:28",136
"2018-12-14 01:40:28",136
"2018-12-14 02:40:27",136
"2018-12-14 03:40:27",136
"2018-12-14 04:40:28",136
"2018-12-14 05:40:27",136
"2018-12-14 06:40:27",136
"2018-12-14 07:40:27",136
"2018-12-14 08:40:28",136
"2018-12-14 09:40:27",136
"2018-12-14 10:40:28",136
"2018-12-14 11:40:27",136
"2018-12-14 12:40:28",136
"2018-12-14 14:04:30",136
"2018-12-14 14:40:29",136
"2018-12-14 15:40:29",136
"2018-12-14 16:40:28",136
"2018-12-14 17:40:28",136
"2018-12-14 18:40:29",136
"2018-12-14 19:40:29",136
"2018-12-14 20:40:28",136
"2018-12-14 21:40:28",135
"2018-12-14 22:40:29",135
"2018-12-14 23:40:29",135
"2018-12-15 00:40:28",135
"2018-12-15 01:40:29",135
"2018-12-15 02:40:28",135
"2018-12-15 03:40:28",135
"2018-12-15 04:40:28",135
"2018-12-15 05:40:29",135
"2018-12-15 06:40:29",135
"2018-12-15 07:40:29",135
"2018-12-15 08:40:28",135
"2018-12-15 09:40:28",135
"2018-12-15 10:40:29",135
"2018-12-15 11:40:29",135
"2018-12-15 12:40:29",135
"2018-12-15 13:40:28",135
"2018-12-15 14:40:28",135
"2018-12-15 15:40:29",135
"2018-12-15 16:40:28",135
"2018-12-15 17:40:29",135
"2018-12-15 18:40:28",135
"2018-12-15 19:40:29",135
"2018-12-15 20:40:28",135
"2018-12-15 21:40:28",135
"2018-12-15 22:40:29",135
"2018-12-15 23:40:28",135
"2018-12-16 00:40:29",135
"2018-12-16 01:40:29",135
"2018-12-16 02:40:28",135
"2018-12-16 03:40:28",135
"2018-12-16 04:40:29",135
"2018-12-16 05:40:28",135
"2018-12-16 06:40:29",135
"2018-12-16 07:40:28",135
"2018-12-16 08:40:28",135
"2018-12-16 09:40:28",135
"2018-12-16 10:40:28",135
"2018-12-16 11:40:28",135
"2018-12-16 12:40:28",135
"2018-12-16 13:40:28",135
"2018-12-16 14:40:28",135
"2018-12-16 15:40:28",135
"2018-12-16 16:40:28",135
"2018-12-16 17:40:29",135
"2018-12-16 18:40:28",135
"2018-12-16 19:40:29",135
"2018-12-16 20:40:29",135
"2018-12-16 21:40:28",135
"2018-12-16 22:40:28",135
"2018-12-16 23:40:29",135
"2018-12-17 00:40:29",135
"2018-12-17 01:40:28",135
"2018-12-17 02:40:28",135
"2018-12-17 03:40:29",135
"2018-12-17 04:40:29",135
"2018-12-17 05:40:28",135
"2018-12-17 06:40:29",135
"2018-12-17 07:40:29",135
"2018-12-17 08:40:29",135
"2018-12-17 09:40:29",135
"2018-12-17 10:40:29",135
"2018-12-17 11:40:28",135
"2018-12-17 12:40:28",135
"2018-12-17 13:40:29",135
"2018-12-17 14:40:30",135
"2018-12-17 15:40:29",133
"2018-12-17 16:40:29",134
"2018-12-17 17:40:29",134
"2018-12-17 18:40:29",134
"2018-12-17 20:06:01",135
"2018-12-17 20:40:29",135
"2018-12-17 21:40:29",135
"2018-12-17 22:40:28",135
"2018-12-17 23:40:28",135
"2018-12-18 00:40:28",135
"2018-12-18 01:40:29",135
"2018-12-18 02:40:28",135
"2018-12-18 03:40:29",135
"2018-12-18 04:40:28",135
"2018-12-18 05:40:29",135
"2018-12-18 06:40:29",135
"2018-12-18 07:40:29",135
"2018-12-18 08:40:29",135
"2018-12-18 09:40:28",135
"2018-12-18 10:40:29",135
"2018-12-18 11:40:28",135
"2018-12-18 12:40:29",135
"2018-12-18 13:40:28",135
"2018-12-18 14:40:28",135
"2018-12-18 15:40:28",135
"2018-12-18 16:40:28",135
"2018-12-18 17:40:28",134
"2018-12-18 18:40:28",134
"2018-12-18 19:40:28",133
"2018-12-18 20:40:29",133
"2018-12-18 21:40:28",133
"2018-12-18 22:40:29",133
"2018-12-18 23:40:29",133
"2018-12-19 00:40:28",133
"2018-12-19 01:40:29",133
"2018-12-19 02:40:28",133
"2018-12-19 03:40:29",133
"2018-12-19 04:40:28",133
"2018-12-19 05:40:30",133
"2018-12-19 06:40:29",133
"2018-12-19 07:40:28",133
"2018-12-19 08:40:29",133
"2018-12-19 09:40:29",133
"2018-12-19 11:40:29",133
"2018-12-19 12:40:29",133
"2018-12-19 13:40:28",133
"2018-12-19 14:40:28",133
"2018-12-19 15:40:28",132
"2018-12-19 16:40:28",132
"2018-12-19 17:40:27",132
"2018-12-19 18:40:28",132
"2018-12-19 19:40:28",132
"2018-12-19 20:40:28",132
"2018-12-19 21:40:29",133
"2018-12-19 22:40:30",133
"2018-12-19 23:40:29",133
"2018-12-20 00:40:30",133
"2018-12-20 01:40:29",133
"2018-12-20 02:40:28",133
"2018-12-20 03:40:29",133
"2018-12-20 04:40:28",133
"2018-12-20 05:40:29",133
"2018-12-20 06:40:28",133
"2018-12-20 07:40:29",133
"2018-12-20 08:40:29",133
"2018-12-20 09:40:28",133
"2018-12-20 10:40:29",133
"2018-12-20 11:40:29",133
"2018-12-20 12:40:28",133
"2018-12-20 13:40:29",133
"2018-12-20 14:40:29",133
"2018-12-20 15:40:29",133
"2018-12-20 16:40:29",133
"2018-12-20 17:40:29",133
"2018-12-20 18:40:28",133
"2018-12-20 19:40:29",133
"2018-12-20 20:40:28",133
"2018-12-20 21:40:28",133
"2018-12-20 22:40:29",133
"2018-12-20 23:40:29",133
"2018-12-21 00:40:29",133
"2018-12-21 01:40:29",133
"2018-12-21 02:40:29",133
"2018-12-21 03:40:28",133
"2018-12-21 04:40:29",133
"2018-12-21 05:40:28",133
"2018-12-21 06:40:29",133
"2018-12-21 07:40:28",133
"2018-12-21 08:40:29",133
"2018-12-21 09:40:29",133
"2018-12-21 10:40:28",133
"2018-12-21 11:40:29",133
"2018-12-21 12:40:29",133
"2018-12-21 13:40:28",133
"2018-12-21 14:40:29",133
"2018-12-21 15:40:29",133
"2018-12-21 16:40:29",133
"2018-12-21 17:40:28",132
"2018-12-21 18:40:30",132
"2018-12-21 19:40:28",132
"2018-12-21 20:40:30",132
"2018-12-21 21:40:29",132
"2018-12-21 22:40:29",132
"2018-12-21 23:40:28",132
"2018-12-22 00:40:29",132
"2018-12-22 01:40:28",132
"2018-12-22 02:40:29",132
"2018-12-22 03:40:27",132
"2018-12-22 04:40:30",132
"2018-12-22 05:40:28",132
"2018-12-22 06:40:29",132
"2018-12-22 07:40:29",132
"2018-12-22 08:40:28",132
"2018-12-22 09:40:28",132
"2018-12-22 10:40:28",132
"2018-12-22 11:40:28",132
"2018-12-22 12:40:28",132
"2018-12-22 13:40:28",132
"2018-12-22 14:40:29",132
"2018-12-22 15:40:28",132
"2018-12-22 16:40:28",132
"2018-12-22 17:40:28",132
"2018-12-22 18:40:29",132
"2018-12-22 19:40:29",132
"2018-12-22 20:40:29",132
"2018-12-22 21:40:29",132
"2018-12-22 22:40:29",132
"2018-12-22 23:40:29",132
"2018-12-23 00:40:29",132
"2018-12-23 01:40:29",132
"2018-12-23 02:40:28",132
"2018-12-23 03:40:29",132
"2018-12-23 04:40:29",132
"2018-12-23 05:40:29",132
"2018-12-23 06:40:29",132
"2018-12-23 07:40:28",132
"2018-12-23 08:40:29",132
"2018-12-23 09:40:29",132
"2018-12-23 10:40:29",132
"2018-12-23 11:40:29",132
"2018-12-23 12:40:28",132
"2018-12-23 13:40:29",132
"2018-12-23 14:40:29",132
"2018-12-23 15:40:29",132
"2018-12-23 16:40:29",132
"2018-12-23 17:40:30",132
"2018-12-23 18:40:28",132
"2018-12-23 19:40:29",132
"2018-12-23 20:40:29",132
"2018-12-23 21:40:29",132
"2018-12-23 22:40:28",132
"2018-12-23 23:40:28",132
"2018-12-24 00:40:28",132
"2018-12-24 01:40:30",132
"2018-12-24 02:40:30",132
"2018-12-24 03:40:30",132
"2018-12-24 04:40:28",132
"2018-12-24 05:40:28",132
"2018-12-24 06:40:29",132
"2018-12-24 07:40:29",132
"2018-12-24 08:40:28",132
"2018-12-24 09:40:30",132
"2018-12-24 10:40:29",132
"2018-12-24 11:40:29",132
"2018-12-24 12:40:28",132
"2018-12-24 13:40:28",132
"2018-12-24 15:04:02",133
"2018-12-24 15:40:30",133
"2018-12-24 16:40:29",133
"2018-12-24 17:40:29",133
"2018-12-24 18:40:30",133
"2018-12-24 19:40:29",133
"2018-12-24 20:40:29",133
"2018-12-24 21:40:28",133
"2018-12-24 22:40:28",133
"2018-12-24 23:40:28",133
"2018-12-25 00:40:29",133
"2018-12-25 01:40:28",133
"2018-12-25 02:40:29",133
"2018-12-25 03:40:28",133
"2018-12-25 04:40:29",133
"2018-12-25 05:40:28",133
"2018-12-25 06:40:29",133
"2018-12-25 07:40:29",133
"2018-12-25 08:40:28",133
"2018-12-25 09:40:28",133
"2018-12-25 10:40:28",133
"2018-12-25 11:40:28",133
"2018-12-25 12:40:29",133
"2018-12-25 13:40:29",133
"2018-12-25 14:40:29",133
"2018-12-25 15:40:29",133
"2018-12-25 16:40:28",133
"2018-12-25 17:40:28",133
"2018-12-25 18:40:29",133
"2018-12-25 19:40:29",133
"2018-12-25 20:40:28",133
"2018-12-25 21:40:29",133
"2018-12-25 22:40:28",133
"2018-12-25 23:40:28",133
"2018-12-26 00:40:28",133
"2018-12-26 01:40:29",133
"2018-12-26 02:40:28",133
"2018-12-26 03:40:28",133
"2018-12-26 04:40:28",133
"2018-12-26 05:40:28",133
"2018-12-26 06:40:29",133
"2018-12-26 07:40:28",133
"2018-12-26 08:40:29",133
"2018-12-26 09:40:28",133
"2018-12-26 10:40:28",133
"2018-12-26 11:40:28",133
"2018-12-26 12:40:29",133
"2018-12-26 13:40:30",133
"2018-12-26 15:05:34",132
"2018-12-26 15:40:30",132
"2018-12-26 16:40:30",132
"2018-12-26 17:40:30",132
"2018-12-26 18:40:29",133
"2018-12-26 19:40:30",135
"2018-12-26 20:40:29",135
"2018-12-26 21:40:30",135
"2018-12-26 22:40:30",135
"2018-12-26 23:40:30",135
"2018-12-27 00:40:30",135
"2018-12-27 01:40:30",135
"2018-12-27 02:40:30",135
"2018-12-27 03:40:30",135
"2018-12-27 04:40:29",135
"2018-12-27 05:40:30",135
"2018-12-27 06:40:29",135
"2018-12-27 07:40:29",135
"2018-12-27 08:40:30",135
"2018-12-27 09:40:30",135
"2018-12-27 10:40:29",135
"2018-12-27 11:40:30",135
"2018-12-27 12:40:29",135
"2018-12-27 13:40:29",135
"2018-12-27 14:40:29",135
"2018-12-27 15:40:29",137
"2018-12-27 16:40:30",136
"2018-12-27 17:40:30",136
"2018-12-27 18:40:30",136
"2018-12-27 19:40:30",136
"2018-12-27 20:40:29",136
"2018-12-27 21:40:30",136
"2018-12-27 22:40:32",136
"2018-12-27 23:40:32",136
"2018-12-28 00:40:30",136
"2018-12-28 01:40:30",136
"2018-12-28 02:40:30",136
"2018-12-28 03:40:29",136
"2018-12-28 04:40:30",136
"2018-12-28 05:40:30",136
"2018-12-28 06:40:30",136
"2018-12-28 07:40:31",136
"2018-12-28 08:40:30",136
"2018-12-28 09:40:30",136
"2018-12-28 10:40:29",136
"2018-12-28 11:40:30",136
"2018-12-28 12:40:29",136
"2018-12-28 13:40:29",136
"2018-12-28 14:40:30",136
"2018-12-28 16:06:03",137
"2018-12-28 16:40:30",137
"2018-12-28 17:40:30",137
"2018-12-28 18:40:30",137
"2018-12-28 19:40:30",137
"2018-12-28 20:40:30",137
"2018-12-28 21:40:30",137
"2018-12-28 22:40:29",137
"2018-12-28 23:40:31",137
"2018-12-29 00:40:29",137
"2018-12-29 01:40:29",137
"2018-12-29 02:40:30",137
"2018-12-29 03:40:29",137
"2018-12-29 04:40:30",137
"2018-12-29 05:40:30",137
"2018-12-29 06:40:29",137
"2018-12-29 07:40:30",137
"2018-12-29 08:40:31",137
"2018-12-29 09:40:30",137
"2018-12-29 10:40:30",137
"2018-12-29 11:40:30",137
"2018-12-29 12:40:30",137
"2018-12-29 13:40:29",137
"2018-12-29 14:40:29",137
"2018-12-29 15:40:29",137
"2018-12-29 16:40:30",137
"2018-12-29 17:40:30",137
"2018-12-29 18:40:29",137
"2018-12-29 19:40:30",137
"2018-12-29 20:40:29",137
"2018-12-29 21:40:31",137
"2018-12-29 22:40:30",137
"2018-12-29 23:40:30",137
"2018-12-30 00:40:30",137
"2018-12-30 01:40:30",137
"2018-12-30 02:40:29",137
"2018-12-30 03:40:29",137
"2018-12-30 04:40:29",137
"2018-12-30 05:40:29",137
"2018-12-30 06:40:29",137
"2018-12-30 07:40:29",137
"2018-12-30 08:40:29",137
"2018-12-30 09:40:29",137
"2018-12-30 10:40:29",137
"2018-12-30 11:40:30",137
"2018-12-30 12:40:30",137
"2018-12-30 13:40:30",137
"2018-12-30 14:40:29",137
"2018-12-30 15:40:29",137
"2018-12-30 16:40:29",137
"2018-12-30 17:40:30",137
"2018-12-30 18:40:29",137
"2018-12-30 19:40:30",137
"2018-12-30 20:40:29",137
"2018-12-30 21:40:30",137
"2018-12-30 22:40:30",137
"2018-12-30 23:40:29",137
"2018-12-31 00:40:29",137
"2018-12-31 01:40:30",137
"2018-12-31 02:40:29",137
"2018-12-31 03:40:30",137
"2018-12-31 04:40:30",137
"2018-12-31 05:40:29",137
"2018-12-31 06:40:29",137
"2018-12-31 07:40:29",137
"2018-12-31 08:40:29",137
"2018-12-31 09:40:30",137
"2018-12-31 10:40:30",137
"2018-12-31 11:40:30",137
"2018-12-31 12:40:29",137
"2018-12-31 13:40:29",137
"2018-12-31 14:40:31",137
"2018-12-31 15:40:30",138
"2018-12-31 16:40:29",139
"2018-12-31 17:40:30",139
"2018-12-31 18:40:29",139
"2018-12-31 19:40:30",139
"2018-12-31 20:40:30",139
"2018-12-31 21:40:30",139
"2018-12-31 22:40:30",139
"2018-12-31 23:40:30",139
"2019-01-01 00:40:30",139
"2019-01-01 01:40:30",139
"2019-01-01 02:40:30",139
"2019-01-01 03:40:29",139
"2019-01-01 04:40:30",139
"2019-01-01 05:40:29",139
"2019-01-01 06:40:30",139
"2019-01-01 07:40:29",139
"2019-01-01 08:40:30",139
"2019-01-01 09:40:29",139
"2019-01-01 10:40:29",139
"2019-01-01 11:40:30",139
"2019-01-01 12:40:29",139
"2019-01-01 13:40:29",139
"2019-01-01 14:40:30",139
"2019-01-01 15:40:30",139
"2019-01-01 16:40:30",139
"2019-01-01 17:40:30",139
"2019-01-01 18:40:29",139
"2019-01-01 19:40:30",139
"2019-01-01 20:40:30",139
"2019-01-01 21:40:29",139
"2019-01-01 22:40:31",139
"2019-01-01 23:40:29",139
"2019-01-02 00:40:30",139
"2019-01-02 01:40:29",139
"2019-01-02 02:40:29",139
"2019-01-02 03:40:30",139
"2019-01-02 04:40:30",139
"2019-01-02 05:40:30",139
"2019-01-02 06:40:30",139
"2019-01-02 07:40:30",139
"2019-01-02 08:40:29",139
"2019-01-02 09:40:30",139
"2019-01-02 10:40:30",139
"2019-01-02 11:40:29",139
"2019-01-02 12:40:29",139
"2019-01-02 13:40:30",139
"2019-01-02 15:05:35",138
"2019-01-02 15:40:31",138
"2019-01-02 16:40:30",139
"2019-01-02 17:40:30",139
"2019-01-02 18:40:31",139
"2019-01-02 19:40:30",139
"2019-01-02 20:40:31",140
"2019-01-02 21:40:30",139
"2019-01-02 22:40:30",139
"2019-01-02 23:40:31",139
"2019-01-03 00:40:31",139
"2019-01-03 01:40:31",139
"2019-01-03 02:40:31",139
"2019-01-03 03:40:31",139
"2019-01-03 05:40:31",139
"2019-01-03 06:40:31",139
"2019-01-03 07:40:31",139
"2019-01-03 08:40:31",139
"2019-01-03 09:40:31",139
"2019-01-03 10:40:31",139
"2019-01-03 11:40:30",139
"2019-01-03 12:40:31",139
"2019-01-03 13:40:30",139
"2019-01-03 14:40:31",139
"2019-01-03 15:40:31",139
"2019-01-03 16:40:32",139
"2019-01-03 17:40:32",139
"2019-01-03 18:40:31",139
"2019-01-03 19:40:32",138
"2019-01-03 20:40:31",138
"2019-01-03 21:40:31",138
"2019-01-03 22:40:31",138
"2019-01-03 23:40:30",138
"2019-01-04 00:40:31",138
"2019-01-04 01:40:31",138
"2019-01-04 02:40:32",138
"2019-01-04 03:40:31",138
"2019-01-04 04:40:30",138
"2019-01-04 05:40:31",138
"2019-01-04 06:40:30",138
"2019-01-04 07:40:31",138
"2019-01-04 08:40:30",138
"2019-01-04 09:40:30",138
"2019-01-04 10:40:30",138
"2019-01-04 11:40:31",138
"2019-01-04 12:40:31",138
"2019-01-04 13:40:31",138
"2019-01-04 15:05:05",138
"2019-01-04 15:40:31",138
"2019-01-04 16:40:31",137
"2019-01-04 17:40:30",136
"2019-01-04 18:40:31",137
"2019-01-04 19:40:31",137
"2019-01-04 20:40:31",138
"2019-01-04 21:40:31",137
"2019-01-04 22:40:30",137
"2019-01-04 23:40:31",137
"2019-01-05 00:40:32",137
"2019-01-05 01:40:31",137
"2019-01-05 02:40:32",137
"2019-01-05 03:40:31",137
"2019-01-05 04:40:31",137
"2019-01-05 05:40:31",137
"2019-01-05 06:40:30",137
"2019-01-05 07:40:30",137
"2019-01-05 08:40:31",137
"2019-01-05 09:40:30",137
"2019-01-05 10:40:31",137
"2019-01-05 11:40:30",137
"2019-01-05 12:40:31",137
"2019-01-05 13:40:31",137
"2019-01-05 14:40:31",137
"2019-01-05 15:40:30",137
"2019-01-05 16:40:31",137
"2019-01-05 17:40:31",137
"2019-01-05 18:40:31",137
"2019-01-05 19:40:31",137
"2019-01-05 20:40:30",137
"2019-01-05 21:40:32",137
"2019-01-05 22:40:30",137
"2019-01-05 23:40:31",137
"2019-01-06 00:40:31",137
"2019-01-06 01:40:31",137
"2019-01-06 02:40:30",137
"2019-01-06 03:40:30",137
"2019-01-06 04:40:31",137
"2019-01-06 05:40:31",137
"2019-01-06 06:40:30",137
"2019-01-06 07:40:31",137
"2019-01-06 08:40:30",137
"2019-01-06 09:40:30",137
"2019-01-06 10:40:30",137
"2019-01-06 11:40:30",137
"2019-01-06 12:40:31",137
"2019-01-06 13:40:30",137
"2019-01-06 14:40:30",137
"2019-01-06 15:40:31",137
"2019-01-06 16:40:31",137
"2019-01-06 17:40:31",137
"2019-01-06 18:40:30",137
"2019-01-06 19:40:30",137
"2019-01-06 20:40:30",137
"2019-01-06 21:40:30",137
"2019-01-06 22:40:30",137
"2019-01-06 23:40:30",137
"2019-01-07 00:40:30",137
"2019-01-07 01:40:30",137
"2019-01-07 02:40:31",137
"2019-01-07 03:40:31",137
"2019-01-07 04:40:31",137
"2019-01-07 05:40:30",137
"2019-01-07 06:40:31",137
"2019-01-07 07:40:30",137
"2019-01-07 08:40:30",137
"2019-01-07 09:40:31",137
"2019-01-07 10:40:31",137
"2019-01-07 11:40:30",137
"2019-01-07 12:40:32",137
"2019-01-07 14:06:03",137
"2019-01-07 14:40:31",137
"2019-01-07 15:40:31",139
"2019-01-07 16:40:31",138
"2019-01-07 17:40:32",138
"2019-01-07 18:40:31",138
"2019-01-07 19:40:30",139
"2019-01-07 20:40:31",139
"2019-01-07 21:40:32",139
"2019-01-07 22:40:31",139
"2019-01-07 23:40:31",139
"2019-01-08 00:40:30",139
"2019-01-08 01:40:31",139
"2019-01-08 02:40:31",139
"2019-01-08 03:40:31",139
"2019-01-08 04:40:31",139
"2019-01-08 05:40:31",139
"2019-01-08 06:40:31",139
"2019-01-08 07:40:31",139
"2019-01-08 08:40:31",139
"2019-01-08 09:40:30",139
"2019-01-08 10:40:31",139
"2019-01-08 11:40:30",139
"2019-01-08 12:40:30",139
"2019-01-08 13:40:31",139
"2019-01-08 14:40:32",139
"2019-01-08 15:40:31",138
"2019-01-08 16:40:30",138
"2019-01-08 17:40:31",138
"2019-01-08 18:40:31",138
"2019-01-08 19:40:31",138
"2019-01-08 20:40:30",138
"2019-01-08 21:40:31",138
"2019-01-08 22:40:30",138
"2019-01-08 23:40:31",138
"2019-01-09 00:40:31",138
"2019-01-09 01:40:31",138
"2019-01-09 02:40:32",138
"2019-01-09 03:40:35",138
"2019-01-09 04:40:31",138
"2019-01-09 05:40:31",138
"2019-01-09 06:40:31",138
"2019-01-09 07:40:31",138
"2019-01-09 08:40:31",138
"2019-01-09 09:40:31",138
"2019-01-09 10:40:31",138
"2019-01-09 11:40:31",138
"2019-01-09 12:40:30",138
"2019-01-09 14:06:03",138
"2019-01-09 14:40:31",138
"2019-01-09 15:40:30",139
"2019-01-09 16:40:31",139
"2019-01-09 17:40:30",139
"2019-01-09 18:40:31",139
"2019-01-09 19:40:31",138
"2019-01-09 20:40:32",138
"2019-01-09 21:40:31",139
"2019-01-09 22:40:31",139
"2019-01-09 23:40:31",139
"2019-01-10 00:40:30",139
"2019-01-10 01:40:30",139
"2019-01-10 02:40:31",139
"2019-01-10 03:40:30",139
"2019-01-10 04:40:30",139
"2019-01-10 05:40:30",139
"2019-01-10 06:40:30",139
"2019-01-10 07:40:31",139
"2019-01-10 08:40:31",139
"2019-01-10 09:40:31",139
"2019-01-10 10:40:31",139
"2019-01-10 11:40:30",139
"2019-01-10 12:40:30",139
"2019-01-10 13:40:31",139
"2019-01-10 15:05:05",141
"2019-01-10 15:40:32",141
"2019-01-10 16:40:30",141
"2019-01-10 17:40:31",141
"2019-01-10 18:40:31",141
"2019-01-10 19:40:30",141
"2019-01-10 20:40:31",140
"2019-01-10 21:40:31",140
"2019-01-10 22:40:30",140
"2019-01-10 23:40:31",140
"2019-01-11 00:40:31",140
"2019-01-11 01:40:30",140
"2019-01-11 02:40:30",140
"2019-01-11 03:40:31",140
"2019-01-11 04:40:30",140
"2019-01-11 05:40:31",140
"2019-01-11 06:40:30",140
"2019-01-11 07:40:32",140
"2019-01-11 08:40:31",140
"2019-01-11 09:40:30",140
"2019-01-11 10:40:30",140
"2019-01-11 11:40:31",140
"2019-01-11 12:40:32",140
"2019-01-11 13:40:30",140
"2019-01-11 14:40:32",140
"2019-01-11 15:40:31",141
"2019-01-11 16:40:30",141
"2019-01-11 17:40:30",140
"2019-01-11 18:40:31",140
"2019-01-11 19:40:31",140
"2019-01-11 20:40:31",140
"2019-01-11 21:40:30",140
"2019-01-11 22:40:31",140
"2019-01-11 23:40:30",140
"2019-01-12 00:40:31",140
"2019-01-12 01:40:32",140
"2019-01-12 02:40:30",140
"2019-01-12 03:40:31",140
"2019-01-12 04:40:30",140
"2019-01-12 05:40:30",140
"2019-01-12 06:40:31",140
"2019-01-12 07:40:30",140
"2019-01-12 08:40:31",140
"2019-01-12 09:40:31",140
"2019-01-12 10:40:31",140
"2019-01-12 11:40:31",140
"2019-01-12 12:40:30",140
"2019-01-12 13:40:30",140
"2019-01-12 14:40:31",140
"2019-01-12 15:40:30",140
"2019-01-12 16:40:30",140
"2019-01-12 17:40:31",140
"2019-01-12 18:40:30",140
"2019-01-12 19:40:31",140
"2019-01-12 20:40:31",140
"2019-01-12 21:40:31",140
"2019-01-12 22:40:31",140
"2019-01-12 23:40:32",140
"2019-01-13 00:40:31",140
"2019-01-13 01:40:30",140
"2019-01-13 02:40:31",140
"2019-01-13 03:40:31",140
"2019-01-13 04:40:32",140
"2019-01-13 05:40:31",140
"2019-01-13 06:40:30",140
"2019-01-13 07:40:31",140
"2019-01-13 08:40:30",140
"2019-01-13 09:40:31",140
"2019-01-13 10:40:32",140
"2019-01-13 11:40:31",140
"2019-01-13 12:40:30",140
"2019-01-13 13:40:31",140
"2019-01-13 14:40:30",140
"2019-01-13 15:40:31",140
"2019-01-13 16:40:30",140
"2019-01-13 17:40:31",140
"2019-01-13 18:40:30",140
"2019-01-13 19:40:31",140
"2019-01-13 20:40:30",140
"2019-01-13 21:40:30",140
"2019-01-13 22:40:30",140
"2019-01-13 23:40:31",140
"2019-01-14 00:40:30",140
"2019-01-14 01:40:30",140
"2019-01-14 02:40:30",140
"2019-01-14 03:40:30",140
"2019-01-14 04:40:31",140
"2019-01-14 05:40:31",140
"2019-01-14 06:40:30",140
"2019-01-14 07:40:30",140
"2019-01-14 08:40:30",140
"2019-01-14 09:40:31",140
"2019-01-14 10:40:31",140
"2019-01-14 11:40:31",140
"2019-01-14 12:40:31",140
"2019-01-14 13:40:30",140
"2019-01-14 14:40:30",140
"2019-01-14 15:40:31",139
"2019-01-14 16:40:31",139
"2019-01-14 17:40:30",140
"2019-01-14 18:40:30",140
"2019-01-14 19:40:31",140
"2019-01-14 20:40:30",140
"2019-01-14 21:40:30",140
"2019-01-14 22:40:30",140
"2019-01-14 23:40:30",140
"2019-01-15 00:40:31",140
"2019-01-15 01:40:30",140
"2019-01-15 02:40:30",140
"2019-01-15 03:40:30",140
"2019-01-15 04:40:31",140
"2019-01-15 05:40:30",140
"2019-01-15 06:40:30",140
"2019-01-15 07:40:31",140
"2019-01-15 08:40:30",140
"2019-01-15 09:40:30",140
"2019-01-15 10:40:30",140
"2019-01-15 11:40:30",140
"2019-01-15 12:40:30",140
"2019-01-15 13:40:30",140
"2019-01-15 14:40:32",140
"2019-01-15 15:40:31",140
"2019-01-15 16:40:30",140
"2019-01-15 17:40:30",140
"2019-01-15 18:40:31",139
"2019-01-15 19:40:30",138
"2019-01-15 20:40:31",138
"2019-01-15 21:40:31",137
"2019-01-15 22:40:31",137
"2019-01-15 23:40:31",137
"2019-01-16 00:40:30",137
"2019-01-16 01:40:32",137
"2019-01-16 02:40:31",137
"2019-01-16 03:40:30",137
"2019-01-16 04:40:31",137
"2019-01-16 05:40:30",137
"2019-01-16 06:40:30",137
"2019-01-16 07:40:30",137
"2019-01-16 08:40:30",137
"2019-01-16 09:40:31",137
"2019-01-16 10:40:30",137
"2019-01-16 11:40:30",137
"2019-01-16 12:40:30",137
"2019-01-16 14:07:03",137
"2019-01-16 15:06:05",137
"2019-01-16 15:40:32",137
"2019-01-16 16:40:32",136
"2019-01-16 17:40:31",136
"2019-01-16 18:40:32",136
"2019-01-16 19:40:32",136
"2019-01-16 20:40:32",136
"2019-01-16 21:40:32",136
"2019-01-16 22:40:31",136
"2019-01-16 23:40:31",136
"2019-01-17 00:40:31",136
"2019-01-17 01:40:32",136
"2019-01-17 02:40:32",136
"2019-01-17 03:40:31",136
"2019-01-17 04:40:32",136
"2019-01-17 05:40:31",136
"2019-01-17 06:40:32",136
"2019-01-17 07:40:31",136
"2019-01-17 08:40:31",136
"2019-01-17 09:40:32",136
"2019-01-17 10:40:32",136
"2019-01-17 11:40:31",136
"2019-01-17 12:40:31",136
"2019-01-17 13:40:31",136
"2019-01-17 15:06:36",136
"2019-01-17 15:40:32",136
"2019-01-17 16:40:31",136
"2019-01-17 17:40:31",136
"2019-01-17 18:40:32",136
"2019-01-17 19:40:32",136
"2019-01-17 20:40:31",136
"2019-01-17 21:40:31",136
"2019-01-17 22:40:31",136
"2019-01-17 23:40:31",136
"2019-01-18 00:40:31",136
"2019-01-18 01:40:31",136
"2019-01-18 02:40:31",136
"2019-01-18 03:40:32",136
"2019-01-18 04:40:31",136
"2019-01-18 05:40:31",136
"2019-01-18 06:40:31",136
"2019-01-18 07:40:32",136
"2019-01-18 08:40:31",136
"2019-01-18 09:40:32",136
"2019-01-18 10:40:31",136
"2019-01-18 11:40:30",136
"2019-01-18 12:40:32",136
"2019-01-18 13:40:31",136
"2019-01-18 14:40:33",136
"2019-01-18 15:40:32",136
"2019-01-18 16:40:32",136
"2019-01-18 17:40:33",134
"2019-01-18 18:40:32",134
"2019-01-18 19:40:30",134
"2019-01-18 20:40:32",134
"2019-01-18 21:40:31",134
"2019-01-18 22:40:31",134
"2019-01-18 23:40:31",134
"2019-01-19 00:40:31",134
"2019-01-19 01:40:31",134
"2019-01-19 02:40:32",134
"2019-01-19 03:40:32",134
"2019-01-19 04:40:32",134
"2019-01-19 05:40:31",134
"2019-01-19 06:40:31",134
"2019-01-19 07:40:31",134
"2019-01-19 08:40:31",134
"2019-01-19 09:40:32",134
"2019-01-19 10:40:32",134
"2019-01-19 11:40:31",134
"2019-01-19 12:40:30",134
"2019-01-19 13:40:32",134
"2019-01-19 14:40:31",134
"2019-01-19 15:40:32",134
"2019-01-19 16:40:32",134
"2019-01-19 17:40:31",134
"2019-01-19 18:40:30",134
"2019-01-19 19:40:31",134
"2019-01-19 20:40:31",134
"2019-01-19 21:40:31",134
"2019-01-19 22:40:31",134
"2019-01-19 23:40:32",134
"2019-01-20 00:40:32",134
"2019-01-20 01:40:31",134
"2019-01-20 02:40:32",134
"2019-01-20 03:40:31",134
"2019-01-20 04:40:32",134
"2019-01-20 05:40:32",134
"2019-01-20 06:40:31",134
"2019-01-20 07:40:32",134
"2019-01-20 08:40:31",134
"2019-01-20 09:40:31",134
"2019-01-20 10:40:31",134
"2019-01-20 11:40:32",134
"2019-01-20 12:40:31",134
"2019-01-20 13:40:31",134
"2019-01-20 14:40:31",134
"2019-01-20 15:40:32",134
"2019-01-20 16:40:32",134
"2019-01-20 17:40:32",134
"2019-01-20 18:40:31",134
"2019-01-20 19:40:31",134
"2019-01-20 20:40:31",134
"2019-01-20 21:40:31",134
"2019-01-20 22:40:32",134
"2019-01-20 23:40:32",134
"2019-01-21 00:40:31",134
"2019-01-21 01:40:32",134
"2019-01-21 02:40:32",134
"2019-01-21 03:40:32",134
"2019-01-21 04:40:32",134
"2019-01-21 05:40:32",134
"2019-01-21 06:40:31",134
"2019-01-21 07:40:31",134
"2019-01-21 08:40:31",134
"2019-01-21 09:40:32",134
"2019-01-21 10:40:32",134
"2019-01-21 11:40:31",134
"2019-01-21 12:40:32",134
"2019-01-21 13:40:31",134
"2019-01-21 14:40:31",134
"2019-01-21 15:40:30",134
"2019-01-21 16:40:31",134
"2019-01-21 17:40:31",134
"2019-01-21 18:40:31",134
"2019-01-21 19:40:31",134
"2019-01-21 20:40:31",134
"2019-01-21 21:40:31",134
"2019-01-21 22:40:32",134
"2019-01-21 23:40:31",134
"2019-01-22 00:40:31",134
"2019-01-22 01:40:30",134
"2019-01-22 02:40:32",134
"2019-01-22 03:40:31",134
"2019-01-22 04:40:32",134
"2019-01-22 05:40:32",134
"2019-01-22 06:40:31",134
"2019-01-22 07:40:31",134
"2019-01-22 08:40:31",134
"2019-01-22 09:40:31",134
"2019-01-22 10:40:31",134
"2019-01-22 11:40:31",134
"2019-01-22 12:40:31",134
"2019-01-22 13:40:31",134
"2019-01-22 14:40:31",134
"2019-01-22 15:40:31",135
"2019-01-22 16:40:31",136
"2019-01-22 17:40:31",136
"2019-01-22 18:40:31",137
"2019-01-22 19:40:32",137
"2019-01-22 20:40:32",137
"2019-01-22 21:40:32",137
"2019-01-22 22:40:31",137
"2019-01-22 23:40:31",137
"2019-01-23 00:40:31",137
"2019-01-23 01:40:31",137
"2019-01-23 02:40:31",137
"2019-01-23 03:40:32",137
"2019-01-23 04:40:32",137
"2019-01-23 05:40:32",137
"2019-01-23 06:40:32",137
"2019-01-23 07:40:31",137
"2019-01-23 08:40:32",137
"2019-01-23 09:40:32",137
"2019-01-23 10:40:31",137
"2019-01-23 11:40:31",137
"2019-01-23 12:40:32",137
"2019-01-23 13:40:32",137
"2019-01-23 15:04:34",137
"2019-01-23 15:40:31",137
"2019-01-23 16:40:30",138
"2019-01-23 17:40:31",138
"2019-01-23 18:40:31",138
"2019-01-23 19:40:31",138
"2019-01-23 20:40:31",138
"2019-01-23 21:40:31",138
"2019-01-23 22:40:31",138
"2019-01-23 23:40:31",138
"2019-01-30 08:06:57",144
"2019-01-30 08:09:13",144
"2019-01-30 08:12:30",144
"2019-01-30 08:18:35",144
"2019-01-30 08:41:06",144
"2019-01-30 08:41:11",144
"2019-01-30 09:41:04",144
"2019-01-30 09:41:09",144
"2019-01-30 10:41:05",144
"2019-01-30 10:41:10",144
"2019-01-30 11:41:06",144
"2019-01-30 11:41:11",144
"2019-01-30 12:41:07",144
"2019-01-30 12:41:12",144
"2019-01-30 13:41:06",144
"2019-01-30 13:41:11",144
"2019-01-30 14:41:07",144
"2019-01-30 14:41:12",144
"2019-01-30 15:41:05",144
"2019-01-30 15:41:10",144
"2019-01-30 16:41:06",144
"2019-01-30 16:41:11",144
"2019-01-30 17:41:07",145
"2019-01-30 17:41:12",145
"2019-01-30 18:41:05",145
"2019-01-30 18:41:10",145
"2019-01-30 19:41:08",145
"2019-01-30 19:41:13",145
"2019-01-30 20:41:05",145
"2019-01-30 20:41:10",145
"2019-01-30 21:41:07",145
"2019-01-30 21:41:12",145
"2019-01-30 22:41:04",145
"2019-01-30 22:41:10",145
"2019-01-30 23:41:06",145
"2019-01-30 23:41:11",145
"2019-01-31 00:41:09",145
"2019-01-31 00:41:14",145
"2019-01-31 01:41:04",145
"2019-01-31 01:41:09",145
"2019-01-31 02:41:07",145
"2019-01-31 02:41:12",145
"2019-01-31 03:41:06",145
"2019-01-31 03:41:11",145
"2019-01-31 04:41:05",145
"2019-01-31 04:41:10",145
"2019-01-31 05:41:05",145
"2019-01-31 05:41:10",145
"2019-01-31 06:41:10",145
"2019-01-31 06:41:11",145
"2019-01-31 08:09:25",145
"2019-01-31 08:14:01",145
"2019-01-31 08:40:37",145
"2019-01-31 10:04:10",145
"2019-01-31 10:40:37",145
"2019-01-31 11:40:36",145
"2019-01-31 12:40:36",145
"2019-01-31 13:40:37",145
"2019-01-31 15:40:36",145
"2019-01-31 16:40:40",144
"2019-01-31 17:40:37",144
"2019-01-31 18:40:37",144
"2019-01-31 19:40:39",144
"2019-01-31 20:40:37",145
"2019-01-31 21:40:37",145
"2019-01-31 22:40:36",145
"2019-01-31 23:40:36",145
"2019-02-01 00:40:37",145
"2019-02-01 01:40:37",145
"2019-02-01 02:40:39",145
"2019-02-01 03:40:37",145
"2019-02-01 04:40:37",145
"2019-02-01 05:40:36",145
"2019-02-01 06:40:36",145
"2019-02-01 07:40:37",145
"2019-02-01 08:40:37",145
"2019-02-01 09:40:36",145
"2019-02-01 10:40:37",145
"2019-02-01 11:40:37",145
"2019-02-01 12:40:36",145
"2019-02-01 13:40:37",145
"2019-02-01 14:40:37",145
"2019-02-01 15:40:37",146
"2019-02-01 16:40:37",146
"2019-02-01 17:40:36",147
"2019-02-01 18:40:38",147
"2019-02-01 19:40:38",147
"2019-02-01 20:40:36",148
"2019-02-01 21:40:38",148
"2019-02-01 22:40:38",148
"2019-02-02 00:05:39",148
"2019-02-02 00:40:38",148
"2019-02-02 01:40:37",148
"2019-02-02 02:40:38",148
"2019-02-02 03:40:36",148
"2019-02-02 04:40:36",148
"2019-02-02 05:40:36",148
"2019-02-02 06:40:36",148
"2019-02-02 07:40:36",148
"2019-02-02 08:40:36",148
"2019-02-02 09:40:37",148
"2019-02-02 10:40:36",148
"2019-02-02 11:40:37",148
"2019-02-02 12:40:37",148
"2019-02-02 13:40:37",148
"2019-02-02 14:40:38",148
"2019-02-02 15:40:36",148
"2019-02-02 16:40:38",148
"2019-02-02 17:40:37",148
"2019-02-02 18:40:38",148
"2019-02-02 19:40:36",148
"2019-02-02 20:40:38",148
"2019-02-02 21:40:36",148
"2019-02-02 22:40:37",148
"2019-02-02 23:40:37",148
"2019-02-03 00:40:38",148
"2019-02-03 01:40:37",148
"2019-02-03 02:40:37",148
"2019-02-03 03:40:37",148
"2019-02-03 04:40:38",148
"2019-02-03 05:40:35",148
"2019-02-03 06:40:37",148
"2019-02-03 07:40:36",148
"2019-02-03 08:40:36",148
"2019-02-03 09:40:37",148
"2019-02-03 10:40:36",148
"2019-02-03 11:40:37",148
"2019-02-03 12:40:37",148
"2019-02-03 13:40:37",148
"2019-02-03 14:40:39",148
"2019-02-03 15:40:36",148
"2019-02-03 16:40:37",148
"2019-02-03 17:40:38",148
"2019-02-03 18:40:39",148
"2019-02-03 19:40:36",148
"2019-02-03 20:40:37",148
"2019-02-03 21:40:37",148
"2019-02-03 22:40:39",148
"2019-02-03 23:40:39",148
"2019-02-04 00:40:38",148
"2019-02-04 01:40:37",148
"2019-02-04 02:40:37",148
"2019-02-04 03:40:37",148
"2019-02-04 04:40:38",148
"2019-02-04 05:40:36",148
"2019-02-04 06:40:36",148
"2019-02-04 07:40:37",148
"2019-02-04 08:40:37",148
"2019-02-04 09:40:36",148
"2019-02-04 10:40:38",148
"2019-02-04 11:40:37",148
"2019-02-04 12:40:35",148
"2019-02-04 13:40:37",148
"2019-02-04 14:40:38",148
"2019-02-04 15:40:38",146
"2019-02-04 16:40:38",147
"2019-02-04 17:40:37",147
"2019-02-04 18:40:38",147
"2019-02-04 19:40:37",147
"2019-02-04 20:40:39",147
"2019-02-04 21:40:37",147
"2019-02-04 22:40:38",147
"2019-02-04 23:40:40",147
"2019-02-05 00:40:39",147
"2019-02-05 01:40:39",147
"2019-02-05 02:40:38",147
"2019-02-05 03:40:37",147
"2019-02-05 04:40:38",147
"2019-02-05 05:40:38",147
"2019-02-05 06:40:39",147
"2019-02-05 07:40:37",147
"2019-02-05 08:40:37",147
"2019-02-05 09:40:37",147
"2019-02-05 10:40:38",147
"2019-02-05 11:40:37",147
"2019-02-05 12:40:36",147
"2019-02-05 13:40:37",147
"2019-02-05 14:40:37",147
"2019-02-05 15:40:37",146
"2019-02-05 16:40:39",146
"2019-02-05 17:40:37",147
"2019-02-05 18:40:38",147
"2019-02-05 19:40:38",147
"2019-02-05 20:40:37",148
"2019-02-05 21:40:37",148
"2019-02-05 22:40:38",148
"2019-02-05 23:40:41",148
"2019-02-06 00:40:39",148
"2019-02-06 01:40:37",148
"2019-02-06 02:40:38",148
"2019-02-06 03:40:37",148
"2019-02-06 04:40:37",148
"2019-02-06 05:40:37",148
"2019-02-06 06:40:38",148
"2019-02-06 07:40:39",148
"2019-02-06 08:40:34",148
"2019-02-06 09:40:34",148
"2019-02-07 02:40:39",148
"2019-02-07 03:40:36",148
"2019-02-07 04:40:37",148
"2019-02-07 05:40:38",148
"2019-02-07 06:40:36",148
"2019-02-07 07:40:36",148
"2019-02-07 08:40:37",148
"2019-02-07 09:40:36",148
"2019-02-07 10:40:38",148
"2019-02-07 11:40:39",148
"2019-02-07 12:40:38",148
"2019-02-07 13:40:37",148
"2019-02-07 15:04:09",148
"2019-02-07 15:40:39",148
"2019-02-07 16:40:42",149
"2019-02-07 17:40:38",149
"2019-02-07 18:40:40",150
"2019-02-07 19:40:40",150
"2019-02-07 20:40:39",150
"2019-02-07 21:40:39",150
"2019-02-07 22:40:38",150
"2019-02-07 23:40:39",150
"2019-02-08 00:40:39",150
"2019-02-08 01:40:39",150
"2019-02-08 02:40:39",150
"2019-02-08 03:40:41",150
"2019-02-08 04:40:38",150
"2019-02-08 05:40:37",150
"2019-02-08 06:40:37",150
"2019-02-08 07:40:38",150
"2019-02-08 08:40:37",150
"2019-02-08 09:40:38",150
"2019-02-08 10:40:39",150
"2019-02-08 11:40:38",150
"2019-02-08 12:40:39",150
"2019-02-08 13:40:39",150
"2019-02-08 15:05:13",150
"2019-02-08 15:40:38",150
"2019-02-08 16:40:39",150
"2019-02-08 17:40:40",150
"2019-02-08 18:40:42",150
"2019-02-08 19:40:40",150
"2019-02-08 20:40:41",151
"2019-02-08 21:40:40",151
"2019-02-08 22:40:38",151
"2019-02-08 23:40:38",151
"2019-02-09 00:40:40",151
"2019-02-09 01:40:39",151
"2019-02-09 02:40:39",151
"2019-02-09 03:40:38",151
"2019-02-09 04:40:40",151
"2019-02-09 05:40:39",151
"2019-02-09 06:40:39",151
"2019-02-09 07:40:39",151
"2019-02-09 08:40:38",151
"2019-02-09 09:40:39",151
"2019-02-09 10:40:39",151
"2019-02-09 11:40:38",151
"2019-02-09 12:40:40",151
"2019-02-09 13:40:39",151
"2019-02-09 14:40:39",151
"2019-02-09 15:40:41",151
"2019-02-09 16:40:39",151
"2019-02-09 17:40:41",151
"2019-02-09 18:40:39",151
"2019-02-09 19:40:39",151
"2019-02-09 20:40:39",151
"2019-02-09 21:40:41",151
"2019-02-09 22:40:39",151
"2019-02-09 23:40:40",151
"2019-02-10 00:40:38",151
"2019-02-10 01:40:40",151
"2019-02-10 02:40:39",151
"2019-02-10 03:40:38",151
"2019-02-10 04:40:41",151
"2019-02-10 05:40:41",151
"2019-02-10 06:40:39",151
"2019-02-10 07:40:38",151
"2019-02-10 08:40:39",151
"2019-02-10 09:40:38",151
"2019-02-10 10:40:39",151
"2019-02-10 11:40:38",151
"2019-02-10 12:40:39",151
"2019-02-10 13:40:40",151
"2019-02-10 14:40:40",151
"2019-02-10 15:40:41",151
"2019-02-10 16:40:41",151
"2019-02-10 17:40:38",151
"2019-02-10 18:40:38",151
"2019-02-10 19:40:41",151
"2019-02-10 20:40:40",151
"2019-02-10 21:40:38",151
"2019-02-10 22:40:40",151
"2019-02-10 23:40:41",151
"2019-02-11 00:40:40",151
"2019-02-11 01:40:41",151
"2019-02-11 02:40:41",151
"2019-02-11 03:40:40",151
"2019-02-11 04:40:42",151
"2019-02-11 05:40:39",151
"2019-02-11 06:40:40",151
"2019-02-11 07:40:38",151
"2019-02-11 08:40:39",151
"2019-02-11 09:40:40",151
"2019-02-11 10:40:40",151
"2019-02-11 11:40:38",151
"2019-02-11 12:40:39",151
"2019-02-11 13:40:39",151
"2019-02-11 14:40:38",151
"2019-02-11 15:40:39",150
"2019-02-11 16:40:39",150
"2019-02-11 17:40:40",150
"2019-02-11 18:40:39",151
"2019-02-11 19:40:39",151
"2019-02-11 20:40:39",151
"2019-02-11 21:40:38",151
"2019-02-11 22:40:38",151
"2019-02-11 23:40:40",151
"2019-02-12 00:40:39",151
"2019-02-12 01:40:38",151
"2019-02-12 02:40:43",151
"2019-02-12 03:40:39",151
"2019-02-12 04:40:40",151
"2019-02-12 05:40:38",151
"2019-02-12 06:40:39",151
"2019-02-12 07:40:37",151
"2019-02-12 08:40:37",151
"2019-02-12 09:40:38",151
"2019-02-12 10:40:38",151
"2019-02-12 11:40:39",151
"2019-02-12 12:40:38",151
"2019-02-12 13:40:38",151
"2019-02-12 14:40:38",151
"2019-02-12 15:40:40",152
"2019-02-12 16:40:38",151
"2019-02-12 17:40:38",151
"2019-02-12 18:40:39",152
"2019-02-12 19:40:38",151
"2019-02-12 20:40:38",151
"2019-02-12 21:40:40",151
"2019-02-12 22:40:38",151
"2019-02-12 23:40:38",151
"2019-02-13 00:40:39",151
"2019-02-13 01:40:41",151
"2019-02-13 02:40:38",151
"2019-02-13 03:40:38",151
"2019-02-13 04:40:40",151
"2019-02-13 05:40:39",151
"2019-02-13 06:40:39",151
"2019-02-13 07:40:39",151
"2019-02-13 08:40:39",151
"2019-02-13 09:40:39",151
"2019-02-13 10:40:40",151
"2019-02-13 11:40:38",151
"2019-02-13 12:40:40",151
"2019-02-13 13:40:38",151
"2019-02-13 14:40:37",151
"2019-02-13 15:40:39",154
"2019-02-13 16:40:38",153
"2019-02-13 17:40:41",153
"2019-02-13 18:40:38",153
"2019-02-13 19:40:38",153
"2019-02-13 20:40:39",152
"2019-02-13 21:40:39",152
"2019-02-13 22:40:39",152
"2019-02-13 23:40:39",152
"2019-02-14 00:40:38",152
"2019-02-14 01:40:39",152
"2019-02-14 02:40:39",152
"2019-02-14 03:40:41",152
"2019-02-14 04:40:38",152
"2019-02-14 05:40:42",152
"2019-02-14 06:40:38",152
"2019-02-14 07:40:38",152
"2019-02-14 08:40:38",152
"2019-02-14 09:40:39",152
"2019-02-14 10:40:40",152
"2019-02-14 11:40:39",152
"2019-02-14 12:40:38",152
"2019-02-14 13:40:39",152
"2019-02-14 14:40:39",152
"2019-02-14 15:40:41",152
"2019-02-14 16:40:38",151
"2019-02-14 17:40:39",149
"2019-02-14 18:40:39",149
"2019-02-14 19:40:38",149
"2019-02-14 20:40:40",149
"2019-02-14 21:40:38",149
"2019-02-14 22:40:39",149
"2019-02-15 00:40:39",149
"2019-02-15 01:40:39",149
"2019-02-15 02:40:41",149
"2019-02-15 03:40:41",149
"2019-02-15 04:40:43",149
"2019-02-15 05:40:38",149
"2019-02-15 06:40:38",149
"2019-02-15 07:40:39",149
"2019-02-15 08:40:40",148
"2019-02-15 09:40:39",148
"2019-02-15 10:40:40",148
"2019-02-15 11:40:40",148
"2019-02-15 12:40:38",148
"2019-02-15 14:05:41",148
"2019-02-15 14:40:41",148
"2019-02-15 15:40:44",148
"2019-02-15 16:40:42",149
"2019-02-15 17:40:38",149
"2019-02-15 18:40:42",149
"2019-02-15 19:40:40",150
"2019-02-15 20:40:39",150
"2019-02-15 21:40:41",150
"2019-02-15 22:40:39",150
"2019-02-15 23:40:40",150
"2019-02-16 00:40:40",150
"2019-02-16 01:40:46",150
"2019-02-16 02:40:43",150
"2019-02-16 03:40:42",150
"2019-02-16 04:40:38",150
"2019-02-16 05:40:40",150
"2019-02-16 06:40:39",150
"2019-02-16 07:40:38",150
"2019-02-16 08:40:39",150
"2019-02-16 09:40:41",150
"2019-02-16 10:40:41",150
"2019-02-16 11:40:38",150
"2019-02-16 12:40:40",150
"2019-02-16 13:40:40",150
"2019-02-16 14:40:38",150
"2019-02-16 15:40:43",150
"2019-02-16 16:40:38",150
"2019-02-16 17:40:38",150
"2019-02-16 18:40:40",150
"2019-02-16 19:40:38",150
"2019-02-16 20:40:40",150
"2019-02-16 21:40:40",150
"2019-02-16 22:40:40",150
"2019-02-16 23:40:38",150
"2019-02-17 00:40:41",150
"2019-02-17 01:40:40",150
"2019-02-17 02:40:38",150
"2019-02-17 03:40:39",150
"2019-02-17 04:40:38",150
"2019-02-17 05:40:39",150
"2019-02-17 06:40:38",150
"2019-02-17 07:40:40",150
"2019-02-17 08:40:39",150
"2019-02-17 09:40:38",150
"2019-02-17 10:40:39",150
"2019-02-17 11:40:40",150
"2019-02-17 12:40:38",150
"2019-02-17 13:40:40",150
"2019-02-17 14:40:38",150
"2019-02-17 15:40:40",150
"2019-02-17 16:40:40",150
"2019-02-17 17:40:39",150
"2019-02-17 18:40:40",150
"2019-02-17 19:40:39",150
"2019-02-17 20:40:40",150
"2019-02-17 21:40:38",150
"2019-02-17 22:40:39",150
"2019-02-17 23:40:40",150
"2019-02-18 00:40:39",150
"2019-02-18 01:40:40",150
"2019-02-18 02:40:42",150
"2019-02-18 03:40:40",150
"2019-02-18 04:40:38",150
"2019-02-18 05:40:39",150
"2019-02-18 06:40:38",150
"2019-02-18 07:40:39",150
"2019-02-18 08:40:39",150
"2019-02-18 09:40:41",150
"2019-02-18 10:40:39",150
"2019-02-18 11:40:39",150
"2019-02-18 12:40:40",150
"2019-02-18 13:40:43",150
"2019-02-18 14:40:38",150
"2019-02-18 15:40:40",150
"2019-02-18 16:40:40",150
"2019-02-18 17:40:40",150
"2019-02-18 18:40:40",150
"2019-02-18 19:40:40",150
"2019-02-18 20:40:39",150
"2019-02-18 21:40:39",150
"2019-02-18 22:40:37",150
"2019-02-18 23:40:39",150
"2019-02-19 00:40:38",150
"2019-02-19 01:40:42",150
"2019-02-19 02:40:40",150
"2019-02-19 03:40:40",150
"2019-02-19 04:40:40",150
"2019-02-19 05:40:38",150
"2019-02-19 06:40:39",150
"2019-02-19 07:40:39",150
"2019-02-19 08:40:39",150
"2019-02-19 09:40:38",150
"2019-02-19 10:40:38",150
"2019-02-19 11:40:37",150
"2019-02-19 12:40:37",150
"2019-02-19 14:05:11",150
"2019-02-19 14:40:40",150
"2019-02-19 15:40:41",150
"2019-02-19 16:40:40",150
"2019-02-19 17:40:40",150
"2019-02-19 18:40:42",151
"2019-02-19 19:40:40",151
"2019-02-19 20:40:41",151
"2019-02-19 21:40:40",151
"2019-02-19 22:40:39",151
"2019-02-19 23:40:39",151
"2019-02-20 00:40:44",151
"2019-02-20 01:40:40",151
"2019-02-20 02:40:40",151
"2019-02-20 03:40:44",151
"2019-02-20 04:40:42",151
"2019-02-20 05:40:40",151
"2019-02-20 06:40:41",151
"2019-02-20 07:40:38",151
"2019-02-20 08:40:40",151
"2019-02-20 09:40:40",151
"2019-02-20 10:40:40",151
"2019-02-20 11:40:42",151
"2019-02-20 12:40:39",151
"2019-02-20 13:40:39",151
"2019-02-20 14:40:40",151
"2019-02-20 15:40:40",152
"2019-02-20 16:40:40",152
"2019-02-20 17:40:41",152
"2019-02-20 18:40:40",150
"2019-02-20 19:40:40",150
"2019-02-20 20:40:40",151
"2019-02-20 21:40:42",151
"2019-02-20 22:40:41",151
"2019-02-20 23:40:38",151
"2019-02-21 00:40:40",151
"2019-02-21 01:40:42",151
"2019-02-21 02:40:42",151
"2019-02-21 03:40:40",151
"2019-02-21 04:40:39",151
"2019-02-21 05:40:41",151
"2019-02-21 06:40:39",151
"2019-02-21 07:40:40",151
"2019-02-21 08:40:38",151
"2019-02-21 09:40:40",151
"2019-02-21 10:40:40",151
"2019-02-21 11:40:40",151
"2019-02-21 12:40:37",151
"2019-02-21 13:40:39",151
"2019-02-21 14:40:40",151
"2019-02-21 15:40:42",150
"2019-02-21 17:04:41",150
"2019-02-21 17:40:38",150
"2019-02-21 18:40:38",150
"2019-02-21 19:40:38",150
"2019-02-21 20:40:42",150
"2019-02-21 21:40:38",150
"2019-02-21 22:40:38",150
"2019-02-21 23:40:38",150
"2019-02-22 00:40:39",150
"2019-02-22 01:40:41",150
"2019-02-22 02:40:39",150
"2019-02-22 03:40:40",150
"2019-02-22 04:40:39",150
"2019-02-22 05:40:38",150
"2019-02-22 06:40:39",150
"2019-02-22 07:40:41",150
"2019-02-22 08:40:41",150
"2019-02-22 09:40:39",150
"2019-02-22 10:40:38",150
"2019-02-22 11:40:40",150
"2019-02-22 12:40:39",150
"2019-02-22 13:40:38",150
"2019-02-22 14:40:39",150
"2019-02-22 15:40:41",150
"2019-02-22 16:40:39",149
"2019-02-22 17:40:39",149
"2019-02-22 18:40:39",149
"2019-02-22 19:40:38",149
"2019-02-22 20:40:37",148
"2019-02-22 21:40:42",148
"2019-02-22 22:40:39",148
"2019-02-22 23:40:41",148
"2019-02-23 00:40:38",148
"2019-02-23 01:40:40",148
"2019-02-23 02:40:41",148
"2019-02-23 03:40:41",148
"2019-02-23 04:40:39",148
"2019-02-23 05:40:40",148
"2019-02-23 06:40:38",148
"2019-02-23 07:40:37",148
"2019-02-23 08:40:39",148
"2019-02-23 09:40:39",148
"2019-02-23 10:40:39",148
"2019-02-23 11:40:40",148
"2019-02-23 12:40:38",148
"2019-02-23 13:40:37",148
"2019-02-23 14:40:39",148
"2019-02-23 15:40:39",148
"2019-02-23 16:40:38",148
"2019-02-23 17:40:38",148
"2019-02-23 18:40:39",148
"2019-02-23 19:40:38",148
"2019-02-23 20:40:39",148
"2019-02-23 21:40:40",148
"2019-02-23 22:40:38",148
"2019-02-23 23:40:38",148
"2019-02-24 00:40:40",148
"2019-02-24 01:40:39",148
"2019-02-24 02:40:39",148
"2019-02-24 03:40:39",148
"2019-02-24 04:40:39",148
"2019-02-24 05:40:39",148
"2019-02-24 06:40:38",148
"2019-02-24 07:40:40",148
"2019-02-24 08:40:38",148
"2019-02-24 09:40:39",148
"2019-02-24 10:40:38",148
"2019-02-24 11:40:38",148
"2019-02-24 12:40:38",148
"2019-02-24 13:40:38",148
"2019-02-24 14:40:38",148
"2019-02-24 15:40:40",148
"2019-02-24 16:40:39",148
"2019-02-24 17:40:40",148
"2019-02-24 18:40:41",148
"2019-02-24 19:40:40",148
"2019-02-24 20:40:39",148
"2019-02-24 21:40:38",148
"2019-02-24 22:40:39",148
"2019-02-24 23:37:40",148
"2019-02-24 23:40:38",148
"2019-02-25 00:40:40",148
"2019-02-25 01:40:39",148
"2019-02-25 02:40:38",148
"2019-02-25 03:40:40",148
"2019-02-25 04:40:39",148
"2019-02-25 05:40:39",148
"2019-02-25 06:40:38",148
"2019-02-25 07:40:39",148
"2019-02-25 08:40:38",148
"2019-02-25 09:40:40",148
"2019-02-25 10:40:39",148
"2019-02-25 11:40:40",148
"2019-02-25 12:40:38",148
"2019-02-25 14:05:43",148
"2019-02-25 14:40:41",148
"2019-02-25 15:40:41",148
"2019-02-25 16:40:40",148
"2019-02-25 17:40:41",147
"2019-02-25 18:40:43",147
"2019-02-25 19:40:39",146
"2019-02-25 20:40:41",147
"2019-02-25 21:40:41",147
"2019-02-25 22:40:40",147
"2019-02-25 23:40:41",147
"2019-02-26 00:40:41",147
"2019-02-26 01:40:41",147
"2019-02-26 02:40:41",147
"2019-02-26 03:40:42",147
"2019-02-26 04:40:43",147
"2019-02-26 05:40:40",147
"2019-02-26 06:40:41",147
"2019-02-26 07:40:41",147
"2019-02-26 08:40:40",147
"2019-02-26 09:40:42",147
"2019-02-26 10:40:39",147
"2019-02-26 11:40:41",147
"2019-02-26 12:40:40",147
"2019-02-26 13:40:40",147
"2019-02-26 14:40:41",147
"2019-02-26 15:40:43",149
"2019-02-26 16:40:41",150
"2019-02-26 17:40:40",150
"2019-02-26 18:40:40",150
"2019-02-26 19:40:43",150
"2019-02-26 20:40:41",149
"2019-02-26 21:40:40",150
"2019-02-26 22:40:43",150
"2019-02-26 23:40:41",150
"2019-02-27 00:40:43",150
"2019-02-27 01:40:43",150
"2019-02-27 02:40:41",150
"2019-02-27 03:40:50",150
"2019-02-27 04:40:43",150
"2019-02-27 05:40:41",150
"2019-02-27 06:40:44",150
"2019-02-27 07:40:43",150
"2019-02-27 08:40:43",150
"2019-02-27 09:40:39",150
"2019-02-27 10:40:40",150
"2019-02-27 11:40:44",150
"2019-02-27 12:40:45",150
"2019-02-27 13:40:41",150
"2019-02-27 14:40:42",150
"2019-02-27 15:40:44",150
"2019-02-27 16:40:40",150
"2019-02-27 17:40:41",151
"2019-02-27 18:40:43",151
"2019-02-27 19:40:43",150
"2019-02-27 20:40:42",150
"2019-02-27 21:40:42",150
"2019-02-27 22:40:43",150
"2019-02-27 23:40:41",150
"2019-02-28 00:40:41",150
"2019-02-28 01:40:40",150
"2019-02-28 02:40:42",150
"2019-02-28 03:41:17",150
"2019-02-28 04:40:41",150
"2019-02-28 05:40:41",150
"2019-02-28 06:40:39",150
"2019-02-28 07:40:41",150
"2019-02-28 08:40:41",150
"2019-02-28 09:40:40",150
"2019-02-28 10:40:41",150
"2019-02-28 11:40:41",150
"2019-02-28 12:40:42",150
"2019-02-28 13:40:41",150
"2019-02-28 15:04:45",149
"2019-02-28 15:40:39",149
"2019-02-28 16:40:43",150
"2019-02-28 17:40:40",149
"2019-02-28 18:40:43",150
"2019-02-28 19:40:42",150
"2019-02-28 20:40:40",150
"2019-02-28 21:40:41",150
"2019-02-28 22:40:42",150
"2019-02-28 23:40:40",150
"2019-03-01 00:40:41",150
"2019-03-01 01:40:42",150
"2019-03-01 02:40:42",150
"2019-03-01 03:40:43",150
"2019-03-01 04:40:42",150
"2019-03-01 05:40:43",150
"2019-03-01 06:40:41",150
"2019-03-01 07:40:42",150
"2019-03-01 08:40:41",150
"2019-03-01 09:40:39",150
"2019-03-01 10:40:42",150
"2019-03-01 11:40:40",150
"2019-03-01 12:40:40",150
"2019-03-01 13:40:45",150
"2019-03-01 14:40:42",150
"2019-03-01 15:40:41",151
"2019-03-01 16:40:41",150
"2019-03-01 17:40:41",150
"2019-03-01 18:40:42",150
"2019-03-01 19:40:43",150
"2019-03-01 20:40:44",150
"2019-03-01 21:40:42",150
"2019-03-01 22:40:42",150
"2019-03-01 23:40:42",150
"2019-03-02 07:40:40",150
"2019-03-02 08:40:42",150
"2019-03-02 09:40:40",150
"2019-03-02 10:40:41",150
"2019-03-02 11:40:42",150
"2019-03-02 15:40:45",150
"2019-03-02 16:40:41",150
"2019-03-02 17:40:42",150
"2019-03-04 02:40:41",150
"2019-03-04 07:40:43",150
"2019-03-04 10:40:39",150
"2019-03-04 11:40:41",150
"2019-03-04 12:40:40",150
"2019-03-04 13:40:39",150
"2019-03-04 14:40:42",150
"2019-03-04 15:40:40",153
"2019-03-04 16:40:42",153
"2019-03-04 17:40:42",153
"2019-03-04 18:40:40",154
"2019-03-04 19:40:41",154
"2019-03-04 20:40:41",154
"2019-03-04 21:40:41",154
"2019-03-04 22:40:42",154
"2019-03-04 23:40:41",154
"2019-03-05 00:40:43",154
"2019-03-05 01:40:42",154
"2019-03-05 02:40:43",154
"2019-03-05 03:40:42",154
"2019-03-05 04:40:41",154
"2019-03-05 05:40:41",154
"2019-03-05 06:40:40",154
"2019-03-05 07:40:40",154
"2019-03-05 08:40:40",154
"2019-03-05 09:40:42",154
"2019-03-05 10:40:41",154
"2019-03-05 11:40:39",154
"2019-03-05 12:40:41",154
"2019-03-05 14:05:46",154
"2019-03-05 14:40:42",154
"2019-03-05 15:40:43",155
"2019-03-05 16:40:42",155
"2019-03-05 17:40:43",154
"2019-03-05 18:40:43",154
"2019-03-05 19:40:42",154
"2019-03-05 20:40:44",154
"2019-03-05 21:40:41",155
"2019-03-05 22:40:45",155
"2019-03-05 23:40:44",155
"2019-03-06 00:40:43",155
"2019-03-06 01:40:43",155
"2019-03-06 02:40:42",155
"2019-03-06 03:40:43",155
"2019-03-06 04:40:43",155
"2019-03-06 05:40:41",155
"2019-03-06 06:40:46",155
"2019-03-06 07:40:41",155
"2019-03-06 08:40:40",155
"2019-03-06 09:40:41",155
"2019-03-06 10:40:42",155
"2019-03-06 11:41:06",155
"2019-03-06 12:40:47",155
"2019-03-06 14:05:22",155
"2019-03-06 14:40:57",155
"2019-03-06 15:40:53",154
"2019-03-06 16:40:41",154
"2019-03-06 17:40:46",154
"2019-03-06 18:40:45",155
"2019-03-06 19:40:43",155
"2019-03-06 20:40:43",156
"2019-03-06 21:40:43",157
"2019-03-06 22:40:42",157
"2019-03-06 23:40:43",157
"2019-03-07 00:40:43",157
"2019-03-07 01:40:44",157
"2019-03-07 02:40:43",157
"2019-03-07 03:40:44",157
"2019-03-07 04:40:46",157
"2019-03-07 05:40:43",157
"2019-03-07 06:40:43",157
"2019-03-07 07:40:42",157
"2019-03-07 08:40:44",157
"2019-03-07 09:40:42",157
"2019-03-07 10:40:42",157
"2019-03-07 11:40:42",157
"2019-03-07 12:40:41",157
"2019-03-07 13:40:43",157
"2019-03-07 14:40:46",157
"2019-03-07 15:40:42",158
"2019-03-07 16:40:43",157
"2019-03-07 17:40:44",157
"2019-03-07 18:40:44",157
"2019-03-07 20:05:17",157
"2019-03-07 20:40:43",157
"2019-03-07 21:40:43",158
"2019-03-07 22:40:47",158
"2019-03-07 23:40:42",158
"2019-03-08 00:40:42",158
"2019-03-08 01:40:43",158
"2019-03-08 02:40:43",158
"2019-03-08 03:40:44",158
"2019-03-08 04:40:42",158
"2019-03-08 05:40:41",158
"2019-03-08 06:40:42",158
"2019-03-08 07:40:43",158
"2019-03-08 08:40:43",158
"2019-03-08 09:40:42",158
"2019-03-08 10:40:42",158
"2019-03-08 11:40:44",158
"2019-03-08 12:40:42",158
"2019-03-08 14:05:46",158
"2019-03-08 14:40:42",158
"2019-03-08 15:40:44",157
"2019-03-08 16:40:42",158
"2019-03-08 17:40:42",158
"2019-03-08 18:40:44",158
"2019-03-08 19:40:45",158
"2019-03-08 20:40:41",158
"2019-03-08 21:40:47",159
"2019-03-08 22:40:41",159
"2019-03-08 23:40:44",159
"2019-03-09 00:40:47",159
"2019-03-09 01:40:42",159
"2019-03-09 02:40:42",159
"2019-03-09 03:40:43",159
"2019-03-09 04:40:44",159
"2019-03-09 05:40:43",159
"2019-03-09 06:40:42",159
"2019-03-09 07:40:42",159
"2019-03-09 08:40:41",159
"2019-03-09 09:40:41",159
"2019-03-09 10:40:43",159
"2019-03-09 11:40:42",159
"2019-03-09 12:40:42",159
"2019-03-09 13:40:41",159
"2019-03-09 14:40:42",159
"2019-03-09 15:40:44",159
"2019-03-09 16:40:41",159
"2019-03-09 17:40:43",159
"2019-03-09 18:40:43",159
"2019-03-09 19:40:42",159
"2019-03-09 20:40:42",159
"2019-03-09 21:40:42",159
"2019-03-09 22:40:42",159
"2019-03-09 23:40:42",159
"2019-03-10 00:40:41",159
"2019-03-10 01:40:43",159
"2019-03-10 02:40:45",159
"2019-03-10 03:40:42",159
"2019-03-10 04:40:43",159
"2019-03-10 05:40:42",159
"2019-03-10 06:40:43",159
"2019-03-10 07:40:41",159
"2019-03-10 08:40:42",159
"2019-03-10 09:40:41",159
"2019-03-10 10:40:41",159
"2019-03-10 11:40:42",159
"2019-03-10 12:40:43",159
"2019-03-10 13:40:40",159
"2019-03-10 14:40:42",159
"2019-03-10 15:40:42",159
"2019-03-10 16:40:42",159
"2019-03-10 17:40:45",159
"2019-03-10 18:40:44",159
"2019-03-10 19:40:42",159
"2019-03-10 20:40:41",159
"2019-03-10 21:40:41",159
"2019-03-10 22:40:41",159
"2019-03-10 23:40:43",159
"2019-03-11 00:40:43",159
"2019-03-11 01:40:43",159
"2019-03-11 02:40:42",159
"2019-03-11 03:40:41",159
"2019-03-11 04:40:43",159
"2019-03-11 05:40:42",159
"2019-03-11 06:40:41",159
"2019-03-11 07:40:41",159
"2019-03-11 08:40:40",159
"2019-03-11 09:40:42",159
"2019-03-11 10:40:43",159
"2019-03-11 11:40:41",159
"2019-03-11 12:40:45",159
"2019-03-11 13:40:43",159
"2019-03-11 14:40:44",160
"2019-03-11 15:40:42",161
"2019-03-11 16:40:42",161
"2019-03-11 17:40:42",161
"2019-03-11 18:40:42",161
"2019-03-11 19:40:42",161
"2019-03-11 20:40:42",161
"2019-03-11 21:40:45",161
"2019-03-11 22:40:42",161
"2019-03-11 23:40:43",161
"2019-03-12 00:40:45",161
"2019-03-12 01:40:40",161
"2019-03-12 02:40:41",161
"2019-03-12 03:40:43",161
"2019-03-12 04:40:42",161
"2019-03-12 05:40:42",161
"2019-03-12 06:40:44",161
"2019-03-12 07:40:40",161
"2019-03-12 08:40:42",161
"2019-03-12 09:40:42",161
"2019-03-12 10:40:45",161
"2019-03-12 11:40:42",161
"2019-03-12 12:40:43",161
"2019-03-12 13:40:42",161
"2019-03-12 14:40:41",162
"2019-03-12 15:40:41",161
"2019-03-12 16:40:42",161
"2019-03-12 17:40:41",161
"2019-03-12 18:40:43",162
"2019-03-12 19:40:40",162
"2019-03-12 20:40:42",162
"2019-03-12 21:40:42",162
"2019-03-12 22:40:41",162
"2019-03-12 23:40:43",162
"2019-03-13 00:40:42",162
"2019-03-13 01:40:42",162
"2019-03-13 02:40:41",162
"2019-03-13 03:40:43",162
"2019-03-13 04:40:42",162
"2019-03-13 05:40:42",162
"2019-03-13 06:40:41",162
"2019-03-13 07:40:45",162
"2019-03-13 08:40:40",162
"2019-03-13 09:40:41",162
"2019-03-13 10:40:40",162
"2019-03-13 11:40:41",162
"2019-03-13 13:04:44",162
"2019-03-13 13:40:41",162
"2019-03-13 14:40:41",162
"2019-03-13 15:40:42",162
"2019-03-13 16:40:42",162
"2019-03-13 17:40:44",163
"2019-03-13 18:40:41",163
"2019-03-13 19:40:41",163
"2019-03-13 20:40:41",162
"2019-03-13 21:40:43",162
"2019-03-13 22:40:40",162
"2019-03-13 23:40:43",162
"2019-03-14 00:40:41",162
"2019-03-14 01:40:43",162
"2019-03-14 02:40:43",162
"2019-03-14 03:40:41",162
"2019-03-14 04:40:42",162
"2019-03-14 05:40:41",162
"2019-03-14 06:40:42",162
"2019-03-14 07:40:41",162
"2019-03-14 08:40:41",162
"2019-03-14 09:40:40",162
"2019-03-14 10:40:42",162
"2019-03-14 11:40:42",162
"2019-03-14 13:05:17",162
"2019-03-14 13:40:42",162
"2019-03-14 14:40:43",163
"2019-03-14 15:40:43",163
"2019-03-14 16:40:43",162
"2019-03-14 17:40:44",162
"2019-03-14 18:40:42",162
"2019-03-14 19:40:46",162
"2019-03-14 20:40:42",163
"2019-03-14 21:40:43",163
"2019-03-14 22:40:46",163
"2019-03-14 23:40:46",163
"2019-03-15 00:40:44",163
"2019-03-15 01:40:43",163
"2019-03-15 02:40:46",163
"2019-03-15 03:40:43",163
"2019-03-15 04:40:43",163
"2019-03-15 05:40:42",163
"2019-03-15 06:40:41",163
"2019-03-15 07:40:43",163
"2019-03-15 08:40:44",163
"2019-03-15 09:40:44",163
"2019-03-15 10:40:45",163
"2019-03-15 11:40:45",163
"2019-03-15 12:40:44",163
"2019-03-15 13:40:43",163
"2019-03-15 14:40:43",163
"2019-03-15 15:40:46",163
"2019-03-15 16:40:44",162
"2019-03-15 17:40:47",161
"2019-03-15 18:40:44",163
"2019-03-15 19:40:44",163
"2019-03-15 20:40:44",163
"2019-03-15 21:40:43",163
"2019-03-15 22:40:43",163
"2019-03-15 23:40:46",163
"2019-03-16 00:40:44",163
"2019-03-16 01:40:43",163
"2019-03-16 02:40:45",163
"2019-03-16 03:40:44",163
"2019-03-16 04:40:45",163
"2019-03-16 05:40:45",163
"2019-03-16 06:40:45",163
"2019-03-16 07:40:44",163
"2019-03-16 08:40:47",163
"2019-03-16 09:40:44",163
"2019-03-16 10:40:43",163
"2019-03-16 11:40:44",163
"2019-03-16 12:40:43",163
"2019-03-16 13:40:43",163
"2019-03-16 14:40:44",163
"2019-03-16 15:40:45",163
"2019-03-16 16:40:44",163
"2019-03-16 17:40:43",163
"2019-03-16 18:40:43",163
"2019-03-16 19:40:43",163
"2019-03-16 20:40:45",163
"2019-03-16 21:40:45",163
"2019-03-16 22:40:46",163
"2019-03-16 23:40:43",163
"2019-03-17 00:40:46",163
"2019-03-17 01:40:44",163
"2019-03-17 02:40:46",163
"2019-03-17 03:40:45",163
"2019-03-17 04:40:44",163
"2019-03-17 05:40:45",163
"2019-03-17 06:40:43",163
"2019-03-17 07:40:43",163
"2019-03-17 08:40:42",163
"2019-03-17 09:40:46",163
"2019-03-17 10:40:43",163
"2019-03-17 11:40:43",163
"2019-03-17 12:40:44",163
"2019-03-17 13:40:43",163
"2019-03-17 14:40:42",163
"2019-03-17 15:40:43",163
"2019-03-17 16:40:42",163
"2019-03-17 17:40:42",163
"2019-03-17 18:40:43",163
"2019-03-17 19:40:43",163
"2019-03-17 20:40:42",163
"2019-03-17 21:40:42",163
"2019-03-17 22:40:41",163
"2019-03-17 23:40:43",163
"2019-03-18 00:40:42",163
"2019-03-18 01:40:43",163
"2019-03-18 02:40:44",163
"2019-03-18 03:40:44",163
"2019-03-18 04:40:43",163
"2019-03-18 05:40:43",163
"2019-03-18 06:40:42",163
"2019-03-18 07:40:44",163
"2019-03-18 08:40:42",163
"2019-03-18 09:40:44",163
"2019-03-18 10:40:43",163
"2019-03-18 11:40:42",163
"2019-03-18 12:40:44",163
"2019-03-18 13:40:44",163
"2019-03-18 14:40:44",164
"2019-03-18 15:40:49",165
"2019-03-18 16:40:43",165
"2019-03-18 17:40:45",165
"2019-03-18 18:40:45",165
"2019-03-18 19:40:46",165
"2019-03-18 20:40:44",165
"2019-03-18 21:40:45",165
"2019-03-18 22:40:46",165
"2019-03-18 23:40:45",165
"2019-03-19 00:40:48",165
"2019-03-19 01:40:46",165
"2019-03-19 02:40:47",165
"2019-03-19 03:40:43",165
"2019-03-19 04:40:44",165
"2019-03-19 05:40:42",165
"2019-03-19 06:40:47",165
"2019-03-19 07:40:45",165
"2019-03-19 08:40:43",165
"2019-03-19 09:40:44",165
"2019-03-19 10:40:43",165
"2019-03-19 11:40:43",165
"2019-03-19 12:40:45",165
"2019-03-19 13:40:43",165
"2019-03-19 14:40:45",166
"2019-03-19 15:40:45",166
"2019-03-19 16:40:44",165
"2019-03-19 17:40:46",164
"2019-03-19 18:40:44",164
"2019-03-19 19:40:45",163
"2019-03-19 20:40:45",163
"2019-03-19 21:40:48",163
"2019-03-19 22:40:46",163
"2019-03-19 23:40:46",163
"2019-03-20 00:40:46",163
"2019-03-20 01:40:46",163
"2019-03-20 02:40:45",163
"2019-03-20 03:40:46",163
"2019-03-20 04:40:45",163
"2019-03-20 05:40:45",163
"2019-03-20 06:40:49",163
"2019-03-20 07:40:47",163
"2019-03-20 08:40:47",163
"2019-03-20 09:40:46",163
"2019-03-20 10:40:46",163
"2019-03-20 11:40:45",163
"2019-03-20 13:04:52",163
"2019-03-20 13:40:45",163
"2019-03-20 14:40:46",162
"2019-03-20 15:40:50",161
"2019-03-20 16:40:46",161
"2019-03-20 17:40:46",162
"2019-03-20 18:40:45",162
"2019-03-20 19:40:44",162
"2019-03-20 20:40:43",162
"2019-03-20 21:40:43",162
"2019-03-20 22:40:43",162
"2019-03-20 23:40:43",162
"2019-03-21 00:40:43",162
"2019-03-21 01:40:43",162
"2019-03-21 02:40:46",162
"2019-03-21 03:40:45",162
"2019-03-21 04:40:44",162
"2019-03-21 05:40:47",162
"2019-03-21 06:40:42",162
"2019-03-21 07:40:43",162
"2019-03-21 08:40:41",162
"2019-03-21 09:40:43",162
"2019-03-21 10:40:44",162
"2019-03-21 11:40:44",162
"2019-03-21 13:05:46",162
"2019-03-21 13:40:42",162
"2019-03-21 14:40:42",160
"2019-03-21 15:40:43",160
"2019-03-21 16:40:42",159
"2019-03-21 17:40:43",159
"2019-03-21 18:40:43",159
"2019-03-21 19:40:42",159
"2019-03-21 20:40:40",159
"2019-03-21 21:40:41",159
"2019-03-21 22:40:41",159
"2019-03-21 23:40:42",159
"2019-03-22 00:40:42",159
"2019-03-22 01:40:40",159
"2019-03-22 02:40:46",159
"2019-03-22 03:40:42",159
"2019-03-22 04:40:40",159
"2019-03-22 05:40:42",159
"2019-03-22 06:40:40",159
"2019-03-22 07:40:41",159
"2019-03-22 08:40:50",159
"2019-03-22 09:40:42",159
"2019-03-22 10:40:41",159
"2019-03-22 11:40:40",159
"2019-03-22 12:40:45",159
"2019-03-22 13:40:41",159
"2019-03-22 14:40:40",160
"2019-03-22 15:40:41",159
"2019-03-22 16:40:42",159
"2019-03-22 17:40:43",159
"2019-03-22 18:40:42",158
"2019-03-22 19:40:42",158
"2019-03-22 20:40:42",158
"2019-03-22 21:40:41",158
"2019-03-22 22:40:41",158
"2019-03-22 23:40:40",158
"2019-03-23 00:40:42",158
"2019-03-23 01:40:47",158
"2019-03-23 02:40:42",158
"2019-03-23 03:40:41",158
"2019-03-23 04:40:40",158
"2019-03-23 05:40:41",158
"2019-03-23 06:40:41",158
"2019-03-23 07:40:45",158
"2019-03-23 08:40:41",158
"2019-03-23 09:40:42",158
"2019-03-23 10:40:40",158
"2019-03-23 11:40:41",158
"2019-03-23 12:40:40",158
"2019-03-23 13:40:43",158
"2019-03-23 14:40:41",158
"2019-03-23 15:40:42",158
"2019-03-23 16:40:40",158
"2019-03-23 17:40:40",158
"2019-03-23 18:40:41",158
"2019-03-23 19:40:44",158
"2019-03-23 20:40:42",158
"2019-03-23 21:40:41",158
"2019-03-23 22:40:42",158
"2019-03-23 23:40:41",158
"2019-03-24 00:40:41",158
"2019-03-24 01:40:43",158
"2019-03-24 02:40:42",158
"2019-03-24 03:40:43",158
"2019-03-24 04:40:46",158
"2019-03-24 05:40:42",158
"2019-03-24 06:40:42",158
"2019-03-24 07:40:43",158
"2019-03-24 08:40:41",158
"2019-03-24 09:40:47",158
"2019-03-24 10:40:43",158
"2019-03-24 11:40:41",158
"2019-03-24 12:40:41",158
"2019-03-24 13:40:44",158
"2019-03-24 14:40:41",158
"2019-03-24 15:40:42",158
"2019-03-24 16:40:41",158
"2019-03-24 17:40:42",158
"2019-03-24 18:40:42",158
"2019-03-24 19:40:41",158
"2019-03-24 20:40:42",158
"2019-03-24 21:40:47",158
"2019-03-24 22:40:42",158
"2019-03-24 23:40:42",158
"2019-03-25 00:40:42",158
"2019-03-25 01:40:42",158
"2019-03-25 02:40:43",158
"2019-03-25 03:40:47",158
"2019-03-25 04:40:42",158
"2019-03-25 05:40:43",158
"2019-03-25 06:40:41",158
"2019-03-25 07:40:42",158
"2019-03-25 08:40:44",158
"2019-03-25 09:40:42",158
"2019-03-25 10:40:42",158
"2019-03-25 11:40:49",158
"2019-03-25 13:04:47",158
"2019-03-25 13:40:46",158
"2019-03-25 14:40:44",159
"2019-03-25 15:40:44",159
"2019-03-25 16:40:44",159
"2019-03-25 17:40:45",159
"2019-03-25 18:40:45",159
"2019-03-25 19:40:46",160
"2019-03-25 20:40:43",160
"2019-03-25 21:40:43",160
"2019-03-25 22:40:51",160
"2019-03-25 23:40:46",160
"2019-03-26 00:40:46",160
"2019-03-26 01:40:45",160
"2019-03-26 02:40:43",160
"2019-03-26 03:40:44",160
"2019-03-26 04:40:44",160
"2019-03-26 05:40:43",160
"2019-03-26 06:40:44",160
"2019-03-26 07:40:43",160
"2019-03-26 08:40:42",160
"2019-03-26 09:40:43",160
"2019-03-26 10:40:45",160
"2019-03-26 11:40:43",160
"2019-03-26 12:40:44",160
"2019-03-26 13:40:49",160
"2019-03-26 14:40:42",159
"2019-03-26 15:40:50",159
"2019-03-26 16:40:47",159
"2019-03-26 17:40:43",159
"2019-03-26 18:40:47",159
"2019-03-26 19:40:48",159
"2019-03-26 20:40:45",159
"2019-03-26 21:40:45",159
"2019-03-26 22:40:44",159
"2019-03-26 23:40:43",159
"2019-03-27 00:40:45",159
"2019-03-27 01:40:43",159
"2019-03-27 02:40:43",159
"2019-03-27 03:40:47",159
"2019-03-27 04:40:44",159
"2019-03-27 05:40:45",159
"2019-03-27 06:40:47",159
"2019-03-27 07:40:43",159
"2019-03-27 08:40:42",159
"2019-03-27 09:40:43",159
"2019-03-27 10:40:47",159
"2019-03-27 11:40:42",159
"2019-03-27 13:05:22",159
"2019-03-27 13:40:45",159
"2019-03-27 14:40:48",159
"2019-03-27 15:40:43",159
"2019-03-27 16:40:44",160
"2019-03-27 17:40:51",160
"2019-03-27 18:40:43",160
"2019-03-27 19:40:43",160
"2019-03-27 20:40:47",160
"2019-03-27 21:40:43",160
"2019-03-27 22:40:50",160
"2019-03-27 23:40:45",160
"2019-03-28 00:40:45",160
"2019-03-28 01:40:43",160
"2019-03-28 02:40:50",160
"2019-03-28 03:40:45",160
"2019-03-28 04:40:46",160
"2019-03-28 05:40:43",160
"2019-03-28 06:40:42",160
"2019-03-28 07:40:43",160
"2019-03-28 08:40:41",160
"2019-03-28 09:40:42",160
"2019-03-28 10:40:43",160
"2019-03-28 11:40:42",160
"2019-03-28 13:05:15",160
"2019-03-28 13:40:45",160
"2019-03-28 14:40:44",160
"2019-03-28 15:40:44",160
"2019-03-28 16:40:45",160
"2019-03-28 17:40:43",160
"2019-03-28 18:40:44",160
"2019-03-28 19:40:43",160
"2019-03-28 20:40:45",160
"2019-03-28 21:40:45",160
"2019-03-28 22:40:42",160
"2019-03-28 23:40:43",160
"2019-03-29 00:40:42",160
"2019-03-29 01:40:53",160
"2019-03-29 02:40:46",160
"2019-03-29 03:40:47",160
"2019-03-29 04:40:45",160
"2019-03-29 05:40:42",160
"2019-03-29 06:40:42",160
"2019-03-29 07:40:42",160
"2019-03-29 08:40:48",160
"2019-03-29 09:40:43",160
"2019-03-29 10:40:43",160
"2019-03-29 11:40:47",160
"2019-03-29 13:05:45",160
"2019-03-29 13:40:44",160
"2019-03-29 14:40:46",161
"2019-03-29 15:40:46",161
"2019-03-29 16:40:41",161
"2019-03-29 17:40:46",161
"2019-03-29 18:40:52",160
"2019-03-29 19:40:46",160
"2019-03-29 20:40:45",160
"2019-03-29 21:40:43",160
"2019-03-29 22:40:47",160
"2019-03-29 23:40:50",160
"2019-03-30 00:40:46",160
"2019-03-30 01:40:45",160
"2019-03-30 02:40:49",160
"2019-03-30 03:40:47",160
"2019-03-30 04:40:49",160
"2019-03-30 05:40:45",160
"2019-03-30 06:40:45",160
"2019-03-30 07:40:44",160
"2019-03-30 08:40:58",160
"2019-03-30 09:40:47",160
"2019-03-30 10:40:45",160
"2019-03-30 11:40:46",160
"2019-03-30 12:40:49",160
"2019-03-30 13:40:42",160
"2019-03-30 14:40:44",160
"2019-03-30 15:40:42",160
"2019-03-30 16:40:43",160
"2019-03-30 17:40:46",160
"2019-03-30 18:40:43",160
"2019-03-30 19:40:44",160
"2019-03-30 20:40:41",160
"2019-03-30 21:40:42",160
"2019-03-30 22:40:49",160
"2019-03-30 23:40:44",160
"2019-03-31 00:40:44",160
"2019-03-31 01:40:44",160
"2019-03-31 02:40:47",160
"2019-03-31 03:40:44",160
"2019-03-31 04:40:43",160
"2019-03-31 05:40:43",160
"2019-03-31 06:40:48",160
"2019-03-31 07:40:44",160
"2019-03-31 08:40:42",160
"2019-03-31 09:40:41",160
"2019-03-31 10:40:47",160
"2019-03-31 11:40:44",160
"2019-03-31 12:40:43",160
"2019-03-31 13:40:45",160
"2019-03-31 14:40:42",160
"2019-03-31 15:40:44",160
"2019-03-31 16:40:43",160
"2019-03-31 17:40:49",160
"2019-03-31 18:40:42",160
"2019-03-31 19:40:43",160
"2019-03-31 20:40:43",160
"2019-03-31 21:40:44",160
"2019-03-31 22:40:42",160
"2019-03-31 23:40:47",160
"2019-04-01 00:40:47",160
"2019-04-01 01:40:45",160
"2019-04-01 02:40:47",160
"2019-04-01 03:40:51",160
"2019-04-01 04:40:44",160
"2019-04-01 05:40:44",160
"2019-04-01 06:40:42",160
"2019-04-01 07:40:49",160
"2019-04-01 08:40:44",160
"2019-04-01 09:40:44",160
"2019-04-01 10:40:49",160
"2019-04-01 11:40:46",160
"2019-04-01 13:40:46",160
"2019-04-01 14:40:49",160
"2019-04-01 15:40:53",160
"2019-04-01 16:40:51",160
"2019-04-01 17:40:50",160
"2019-04-01 18:40:46",160
"2019-04-01 19:40:56",160
"2019-04-01 20:40:46",160
"2019-04-01 21:40:44",160
"2019-04-01 22:40:47",160
"2019-04-01 23:40:46",160
"2019-04-02 00:40:49",160
"2019-04-02 01:40:45",160
"2019-04-02 02:40:47",160
"2019-04-02 03:40:52",160
"2019-04-02 04:40:43",160
"2019-04-02 05:40:45",160
"2019-04-02 06:40:45",160
"2019-04-02 07:40:48",160
"2019-04-02 08:40:46",160
"2019-04-02 09:40:48",160
"2019-04-02 10:40:45",160
"2019-04-02 11:40:45",160
"2019-04-02 13:05:21",160
"2019-04-02 13:40:48",160
"2019-04-02 14:40:43",160
"2019-04-02 15:40:54",160
"2019-04-02 16:40:45",160
"2019-04-02 17:40:50",160
"2019-04-02 18:40:44",160
"2019-04-02 19:40:45",159
"2019-04-02 20:40:50",159
"2019-04-02 21:40:48",159
"2019-04-02 22:40:46",159
"2019-04-02 23:40:47",159
"2019-04-03 00:40:54",159
"2019-04-03 01:40:47",159
"2019-04-03 02:40:45",159
"2019-04-03 03:40:46",159
"2019-04-03 04:40:48",159
"2019-04-03 05:40:47",159
"2019-04-03 06:40:49",159
"2019-04-03 07:40:45",159
"2019-04-03 08:40:45",159
"2019-04-03 09:40:53",159
"2019-04-03 10:40:48",159
"2019-04-03 11:40:47",159
"2019-04-03 13:05:23",159
"2019-04-03 13:40:44",159
"2019-04-03 14:40:51",158
"2019-04-03 15:40:51",158
"2019-04-03 16:40:46",158
"2019-04-03 17:40:44",157
"2019-04-03 18:40:44",157
"2019-04-03 19:40:45",157
"2019-04-03 20:40:47",157
"2019-04-03 21:40:45",157
"2019-04-03 22:40:45",157
"2019-04-03 23:40:51",157
"2019-04-04 00:40:43",157
"2019-04-04 01:40:45",157
"2019-04-04 02:40:46",157
"2019-04-04 03:40:49",157
"2019-04-04 04:40:44",157
"2019-04-04 05:40:43",157
"2019-04-04 06:40:44",157
"2019-04-04 07:40:45",157
"2019-04-04 08:40:48",157
"2019-04-04 09:40:44",157
"2019-04-04 10:40:45",157
"2019-04-04 11:40:49",157
"2019-04-04 12:40:44",157
"2019-04-04 13:40:44",157
"2019-04-04 14:40:51",157
"2019-04-04 15:40:45",157
"2019-04-04 16:40:50",157
"2019-04-04 17:40:43",157
"2019-04-04 18:40:46",157
"2019-04-04 19:40:45",157
"2019-04-04 20:40:45",157
"2019-04-04 21:40:47",157
"2019-04-04 22:40:52",157
"2019-04-04 23:40:45",157
"2019-04-05 00:40:46",157
"2019-04-05 01:40:43",157
"2019-04-05 02:40:44",157
"2019-04-05 03:40:53",157
"2019-04-05 04:40:45",157
"2019-04-05 05:40:44",157
"2019-04-05 06:40:42",157
"2019-04-05 07:40:45",157
"2019-04-05 08:40:50",157
"2019-04-05 09:40:46",157
"2019-04-05 10:40:50",157
"2019-04-05 11:40:45",157
"2019-04-05 13:04:48",157
"2019-04-05 13:40:48",157
"2019-04-05 14:40:47",156
"2019-04-05 15:40:51",156
"2019-04-05 16:40:44",156
"2019-04-05 17:40:44",156
"2019-04-05 18:40:47",156
"2019-04-05 19:40:44",156
"2019-04-05 20:40:44",156
"2019-04-05 21:40:46",156
"2019-04-05 22:40:46",156
"2019-04-05 23:40:48",156
"2019-04-06 00:40:46",156
"2019-04-06 01:40:54",156
"2019-04-06 02:40:48",156
"2019-04-06 03:40:46",156
"2019-04-06 04:40:48",156
"2019-04-06 05:40:46",156
"2019-04-06 06:40:45",156
"2019-04-06 07:40:45",156
"2019-04-06 08:40:53",156
"2019-04-06 09:40:46",156
"2019-04-06 10:40:45",156
"2019-04-06 11:40:44",156
"2019-04-06 12:40:46",156
"2019-04-06 13:40:44",156
"2019-04-06 14:40:44",156
"2019-04-06 15:40:48",156
"2019-04-06 16:40:44",156
"2019-04-06 17:40:45",156
"2019-04-06 18:40:46",156
"2019-04-06 19:40:45",156
"2019-04-06 20:40:43",156
"2019-04-06 21:40:51",156
"2019-04-06 22:40:44",156
"2019-04-06 23:40:44",156
"2019-04-07 00:40:44",156
"2019-04-07 01:40:43",156
"2019-04-07 02:40:47",156
"2019-04-07 03:40:49",156
"2019-04-07 04:40:46",156
"2019-04-07 05:40:46",156
"2019-04-07 06:40:46",156
"2019-04-07 07:40:51",156
"2019-04-07 08:40:46",156
"2019-04-07 09:40:48",156
"2019-04-07 10:40:45",156
"2019-04-07 11:40:49",156
"2019-04-07 12:40:46",156
"2019-04-07 13:40:49",156
"2019-04-07 14:40:45",156
"2019-04-07 15:40:46",156
"2019-04-07 16:40:49",156
"2019-04-07 17:40:45",156
"2019-04-07 18:40:44",156
"2019-04-07 19:40:45",156
"2019-04-07 20:40:51",156
"2019-04-07 21:40:45",156
"2019-04-07 22:40:44",156
"2019-04-07 23:40:43",156
"2019-04-08 00:40:53",156
"2019-04-08 01:40:45",156
"2019-04-08 02:40:45",156
"2019-04-08 03:40:45",156
"2019-04-08 04:40:43",156
"2019-04-08 05:40:53",156
"2019-04-08 06:40:43",156
"2019-04-08 07:40:44",156
"2019-04-08 08:40:45",156
"2019-04-08 09:40:46",156
"2019-04-08 10:40:44",156
"2019-04-08 11:40:53",156
"2019-04-08 12:40:45",156
"2019-04-08 13:40:50",156
"2019-04-08 14:40:46",155
"2019-04-08 15:40:49",155
"2019-04-08 16:40:52",155
"2019-04-08 17:40:46",155
"2019-04-08 18:40:46",155
"2019-04-08 19:40:46",155
"2019-04-08 20:40:46",156
"2019-04-08 21:40:48",156
"2019-04-08 22:40:48",156
"2019-04-08 23:40:45",156
"2019-04-09 00:40:51",156
"2019-04-09 01:40:46",156
"2019-04-09 02:40:48",156
"2019-04-09 03:40:48",156
"2019-04-09 04:40:47",156
"2019-04-09 05:40:49",156
"2019-04-09 06:40:46",156
"2019-04-09 07:40:45",156
"2019-04-09 08:40:49",156
"2019-04-09 09:40:54",156
"2019-04-09 10:40:46",156
"2019-04-09 11:40:47",156
"2019-04-09 13:05:59",156
"2019-04-09 13:40:46",156
"2019-04-09 14:40:46",155
"2019-04-09 15:40:57",155
"2019-04-09 16:40:47",155
"2019-04-09 17:40:47",155
"2019-04-09 18:40:46",155
"2019-04-09 19:40:47",155
"2019-04-09 20:40:47",155
"2019-04-09 21:40:48",155
"2019-04-09 22:40:45",155
"2019-04-09 23:40:51",155
"2019-04-10 00:40:47",155
"2019-04-10 01:40:46",155
"2019-04-10 02:40:48",155
"2019-04-10 03:40:50",155
"2019-04-10 04:40:50",155
"2019-04-10 05:40:46",155
"2019-04-10 06:40:47",155
"2019-04-10 07:40:45",155
"2019-04-10 08:40:49",155
"2019-04-10 09:40:47",155
"2019-04-10 10:40:47",155
"2019-04-10 11:40:48",155
"2019-04-10 12:40:54",155
"2019-04-10 13:40:53",155
"2019-04-10 14:40:47",155
"2019-04-10 15:40:48",155
"2019-04-10 16:40:48",156
"2019-04-10 17:40:48",156
"2019-04-10 18:40:49",156
"2019-04-10 19:40:49",156
"2019-04-10 20:40:46",155
"2019-04-10 21:40:46",155
"2019-04-10 22:40:44",155
"2019-04-10 23:40:53",155
"2019-04-11 00:40:46",155
"2019-04-11 01:40:44",155
"2019-04-11 02:40:47",155
"2019-04-11 03:40:48",155
"2019-04-11 04:40:49",155
"2019-04-11 05:40:48",155
"2019-04-11 06:40:44",155
"2019-04-11 18:40:50",156
"2019-04-11 19:40:56",156
"2019-04-11 20:40:47",156
"2019-04-11 21:40:49",156
"2019-04-11 22:40:48",156
"2019-04-11 23:40:48",156
"2019-04-12 00:40:47",156
"2019-04-12 01:40:48",156
"2019-04-12 02:40:52",156
"2019-04-12 03:40:49",156
"2019-04-12 04:40:49",156
"2019-04-12 05:40:49",156
"2019-04-12 06:40:46",156
"2019-04-12 07:40:47",156
"2019-04-12 08:40:47",156
"2019-04-12 09:40:51",156
"2019-04-12 10:40:47",156
"2019-04-12 11:40:47",156
"2019-04-12 13:04:27",156
"2019-04-12 13:40:49",156
"2019-04-12 14:40:45",155
"2019-04-12 15:40:47",155
"2019-04-12 16:40:49",154
"2019-04-12 17:40:47",154
"2019-04-12 18:40:47",154
"2019-04-12 19:40:46",154
"2019-04-12 20:40:47",154
"2019-04-12 21:40:46",154
"2019-04-12 22:40:54",154
"2019-04-12 23:40:47",154
"2019-04-13 00:40:49",154
"2019-04-13 01:40:47",154
"2019-04-13 02:40:48",154
"2019-04-13 03:40:55",154
"2019-04-13 04:40:49",154
"2019-04-13 05:40:50",154
"2019-04-13 06:40:48",154
"2019-04-13 07:40:46",154
"2019-04-13 08:40:47",154
"2019-04-13 09:40:50",154
"2019-04-13 10:40:47",154
"2019-04-13 11:40:48",154
"2019-04-13 12:40:47",154
"2019-04-13 13:40:47",154
"2019-04-13 14:40:50",154
"2019-04-13 15:40:49",154
"2019-04-13 16:40:49",154
"2019-04-13 17:40:46",154
"2019-04-13 18:40:47",154
"2019-04-13 19:40:48",154
"2019-04-13 20:40:47",154
"2019-04-13 21:40:51",154
"2019-04-13 22:40:47",154
"2019-04-13 23:40:47",154
"2019-04-14 00:40:49",154
"2019-04-14 01:40:51",154
"2019-04-14 02:40:47",154
"2019-04-14 03:40:46",154
"2019-04-14 04:40:53",154
"2019-04-14 05:40:47",154
"2019-04-14 06:40:48",154
"2019-04-14 07:40:50",154
"2019-04-14 08:40:48",154
"2019-04-14 09:40:50",154
"2019-04-14 10:40:45",154
"2019-04-14 11:40:50",154
"2019-04-14 12:40:46",154
"2019-04-14 13:40:47",154
"2019-04-14 14:40:52",154
"2019-04-14 15:40:51",154
"2019-04-14 16:40:49",154
"2019-04-14 17:40:47",154
"2019-04-14 18:40:48",154
"2019-04-14 19:40:49",154
"2019-04-14 20:40:50",154
"2019-04-14 21:40:53",154
"2019-04-14 22:40:47",154
"2019-04-14 23:40:49",154
"2019-04-15 00:40:47",154
"2019-04-15 01:40:46",154
"2019-04-15 02:40:48",154
"2019-04-15 03:40:55",154
"2019-04-15 04:40:47",154
"2019-04-15 05:40:48",154
"2019-04-15 06:40:45",154
"2019-04-15 07:40:47",154
"2019-04-15 08:40:50",154
"2019-04-15 09:40:47",154
"2019-04-15 10:40:47",154
"2019-04-15 11:40:47",154
"2019-04-15 13:06:24",154
"2019-04-15 13:40:46",154
"2019-04-15 14:40:48",155
"2019-04-15 15:40:51",155
"2019-04-15 16:40:47",155
"2019-04-15 17:40:50",155
"2019-04-15 18:40:50",155
"2019-04-15 19:40:59",155
"2019-04-15 20:40:47",156
"2019-04-15 21:40:47",156
"2019-04-15 22:40:49",156
"2019-04-15 23:40:50",156
"2019-04-16 00:40:50",156
"2019-04-16 01:40:47",156
"2019-04-16 02:40:48",156
"2019-04-16 03:40:51",156
"2019-04-16 04:40:47",156
"2019-04-16 05:40:48",156
"2019-04-16 06:40:47",156
"2019-04-16 07:40:46",156
"2019-04-16 08:40:58",156
"2019-04-16 09:40:46",156
"2019-04-16 10:40:52",156
"2019-04-16 11:40:48",156
"2019-04-16 13:04:50",156
"2019-04-16 13:40:48",156
"2019-04-16 14:40:51",156
"2019-04-16 15:40:46",156
"2019-04-16 16:40:46",156
"2019-04-16 17:40:45",156
"2019-04-16 18:40:51",155
"2019-04-16 19:40:48",155
"2019-04-16 20:40:49",153
"2019-04-16 21:40:45",153
"2019-04-16 22:40:46",153
"2019-04-16 23:40:46",153
"2019-04-17 00:40:47",153
"2019-04-17 01:40:48",153
"2019-04-17 02:40:51",153
"2019-04-17 03:40:47",153
"2019-04-17 04:40:48",153
"2019-04-17 05:40:47",153
"2019-04-17 06:40:58",153
"2019-04-17 07:40:49",153
"2019-04-17 08:40:45",153
"2019-04-17 09:40:51",153
"2019-04-17 10:40:45",153
"2019-04-17 11:40:48",153
"2019-04-17 13:05:52",153
"2019-04-17 13:40:50",153
"2019-04-17 14:40:48",153
"2019-04-17 15:40:52",153
"2019-04-17 16:40:47",153
"2019-04-17 17:40:52",153
"2019-04-17 18:40:48",153
"2019-04-17 19:40:48",153
"2019-04-17 20:40:49",153
"2019-04-17 21:40:47",153
"2019-04-17 22:40:48",153
"2019-04-17 23:40:52",153
"2019-04-18 00:40:47",153
"2019-04-18 01:40:49",153
"2019-04-18 02:40:47",153
"2019-04-18 03:40:55",153
"2019-04-18 04:40:48",153
"2019-04-18 05:40:54",153
"2019-04-18 06:40:48",153
"2019-04-18 07:40:47",153
"2019-04-18 08:40:51",153
"2019-04-18 09:40:48",153
"2019-04-18 10:40:50",153
"2019-04-18 11:40:50",153
"2019-04-18 13:05:51",153
"2019-04-18 13:40:48",153
"2019-04-18 14:40:51",152
"2019-04-18 15:40:49",151
"2019-04-18 16:40:49",151
"2019-04-18 17:40:54",152
"2019-04-18 18:40:48",152
"2019-04-18 19:40:47",152
"2019-04-18 20:40:48",152
"2019-04-18 21:40:50",152
"2019-04-18 22:40:48",152
"2019-04-18 23:40:51",152
"2019-04-19 00:40:48",152
"2019-04-19 02:40:48",152
"2019-04-19 03:40:53",152
"2019-04-19 04:40:47",152
"2019-04-19 05:40:46",152
"2019-04-19 06:40:49",152
"2019-04-19 07:40:51",152
"2019-04-19 08:40:50",152
"2019-04-19 09:40:49",152
"2019-04-19 10:40:51",152
"2019-04-19 11:40:47",152
"2019-04-19 12:40:48",152
"2019-04-19 13:40:51",152
"2019-04-19 14:40:52",152
"2019-04-19 15:40:47",152
"2019-04-19 16:40:48",152
"2019-04-19 17:40:51",152
"2019-04-19 18:40:48",152
"2019-04-19 19:40:47",152
"2019-04-19 20:40:47",152
"2019-04-19 21:40:47",152
"2019-04-19 22:40:48",152
"2019-04-19 23:40:49",152
"2019-04-20 00:40:52",152
"2019-04-20 01:40:50",152
"2019-04-20 02:40:49",152
"2019-04-20 03:40:47",152
"2019-04-20 04:40:52",152
"2019-04-20 05:40:47",152
"2019-04-20 06:40:48",152
"2019-04-20 07:40:50",152
"2019-04-20 08:40:49",152
"2019-04-20 09:40:52",152
"2019-04-20 10:40:48",152
"2019-04-20 11:40:46",152
"2019-04-20 12:40:55",152
"2019-04-20 13:41:11",152
"2019-04-20 14:40:48",152
"2019-04-20 15:40:45",152
"2019-04-20 16:40:50",152
"2019-04-20 17:40:50",152
"2019-04-20 18:40:48",152
"2019-04-20 19:40:47",152
"2019-04-20 20:40:48",152
"2019-04-20 21:40:46",152
"2019-04-20 22:40:47",152
"2019-04-20 23:40:53",152
"2019-04-21 00:40:48",152
"2019-04-21 01:40:46",152
"2019-04-21 02:40:50",152
"2019-04-21 03:40:49",152
"2019-04-21 04:40:50",152
"2019-04-21 05:40:48",152
"2019-04-21 06:40:47",152
"2019-04-21 07:40:52",152
"2019-04-21 08:40:46",152
"2019-04-21 09:40:46",152
"2019-04-21 10:40:49",152
"2019-04-21 11:40:48",152
"2019-04-21 12:40:47",152
"2019-04-21 13:40:47",152
"2019-04-21 14:40:51",152
"2019-04-21 15:40:47",152
"2019-04-21 16:40:49",152
"2019-04-21 17:40:48",152
"2019-04-21 18:40:46",152
"2019-04-21 19:40:52",152
"2019-04-21 20:40:46",152
"2019-04-21 21:40:48",152
"2019-04-21 22:40:47",152
"2019-04-21 23:40:47",152
"2019-04-22 00:40:47",152
"2019-04-22 01:40:50",152
"2019-04-22 02:40:54",152
"2019-04-22 03:40:49",152
"2019-04-22 04:40:46",152
"2019-04-22 05:40:46",152
"2019-04-22 06:40:49",152
"2019-04-22 07:40:49",152
"2019-04-22 08:40:48",152
"2019-04-22 09:40:46",152
"2019-04-22 10:40:52",152
"2019-04-22 11:40:50",152
"2019-04-22 13:06:24",152
"2019-04-22 13:40:50",152
"2019-04-22 14:40:50",152
"2019-04-22 15:40:49",152
"2019-04-22 16:40:48",152
"2019-04-22 17:40:50",153
"2019-04-22 18:40:51",153
"2019-04-22 19:40:52",153
"2019-04-22 20:40:50",153
"2019-04-22 21:40:49",153
"2019-04-22 22:40:50",153
"2019-04-22 23:40:51",153
"2019-04-23 00:40:51",153
"2019-04-23 01:40:47",153
"2019-04-23 02:40:48",153
"2019-04-23 03:40:51",153
"2019-04-23 04:40:51",153
"2019-04-23 05:40:50",153
"2019-04-23 06:40:53",153
"2019-04-23 07:40:49",153
"2019-04-23 08:40:46",153
"2019-04-23 09:40:49",153
"2019-04-23 10:40:50",153
"2019-04-23 11:40:52",153
"2019-04-23 13:06:52",153
"2019-04-23 13:40:49",153
"2019-04-23 14:40:47",152
"2019-04-23 15:40:50",152
"2019-04-23 16:40:49",152
"2019-04-23 17:40:48",151
"2019-04-23 18:40:48",151
"2019-04-23 19:40:49",151
"2019-04-23 20:40:55",151
"2019-04-23 21:40:52",151
"2019-04-23 22:40:49",151
"2019-04-23 23:40:50",151
"2019-04-24 00:40:48",151
"2019-04-24 01:40:49",151
"2019-04-24 02:40:53",151
"2019-04-24 03:40:50",151
"2019-04-24 04:40:49",151
"2019-04-24 05:40:48",151
"2019-04-24 06:40:50",151
"2019-04-24 07:40:52",151
"2019-04-24 08:40:48",151
"2019-04-24 09:40:50",151
"2019-04-24 10:40:52",151
"2019-04-24 11:40:52",151
"2019-04-24 12:40:48",151
"2019-04-24 13:40:57",151
"2019-04-24 14:40:51",150
"2019-04-24 15:40:49",150
"2019-04-24 16:40:48",150
"2019-04-24 17:40:51",150
"2019-04-24 18:40:56",150
"2019-04-24 19:40:49",150
"2019-04-24 20:40:51",151
"2019-04-24 21:40:50",151
"2019-04-24 22:40:48",151
"2019-04-24 23:40:56",151
"2019-04-25 00:40:51",151
"2019-04-25 01:40:51",151
"2019-04-25 02:40:50",151
"2019-04-25 03:40:54",151
"2019-04-25 04:40:50",151
"2019-04-25 05:40:49",151
"2019-04-25 06:40:52",151
"2019-04-25 07:40:48",151
"2019-04-25 08:40:51",151
"2019-04-25 09:40:50",151
"2019-04-25 10:40:53",151
"2019-04-25 11:40:51",151
"2019-04-25 13:05:23",151
"2019-04-25 13:40:51",151
"2019-04-25 14:40:53",151
"2019-04-25 15:40:49",152
"2019-04-25 16:40:52",152
"2019-04-25 17:40:48",151
"2019-04-25 18:40:48",150
"2019-04-25 19:40:51",150
"2019-04-25 20:40:49",150
"2019-04-25 21:40:55",150
"2019-04-25 22:40:49",150
"2019-04-25 23:40:48",150
"2019-04-26 00:40:50",150
"2019-04-26 01:40:52",150
"2019-04-26 02:40:50",150
"2019-04-26 03:40:51",150
"2019-04-26 04:40:50",150
"2019-04-26 05:40:51",150
"2019-04-26 06:40:51",150
"2019-04-26 07:40:48",150
"2019-04-26 08:40:53",150
"2019-04-26 09:40:48",150
"2019-04-26 10:40:54",150
"2019-04-26 11:40:48",150
"2019-04-26 12:40:49",150
"2019-04-26 13:40:52",150
"2019-04-26 14:40:49",150
"2019-04-26 15:40:52",149
"2019-04-26 16:40:48",149
"2019-04-26 17:40:50",150
"2019-04-26 18:40:50",150
"2019-04-26 19:40:47",150
"2019-04-26 20:40:52",150
"2019-04-26 21:40:49",150
"2019-04-26 22:40:49",150
"2019-04-26 23:40:49",150
"2019-04-27 00:40:49",150
"2019-04-27 01:40:51",150
"2019-04-27 02:40:48",150
"2019-04-27 03:40:48",150
"2019-04-27 04:40:47",150
"2019-04-27 05:40:50",150
"2019-04-27 06:40:52",150
"2019-04-27 07:40:48",150
"2019-04-27 08:40:48",150
"2019-04-27 09:40:51",150
"2019-04-27 10:40:49",150
"2019-04-27 11:40:47",150
"2019-04-27 12:40:48",150
"2019-04-27 13:40:49",150
"2019-04-27 14:40:48",150
"2019-04-27 15:40:47",150
"2019-04-27 16:40:49",150
"2019-04-27 17:40:55",150
"2019-04-27 18:40:49",150
"2019-04-27 19:40:47",150
"2019-04-27 20:40:49",150
"2019-04-27 21:40:49",150
"2019-04-27 22:40:47",150
"2019-04-27 23:40:47",150
"2019-04-28 00:40:48",150
"2019-04-28 01:40:49",150
"2019-04-28 02:40:48",150
"2019-04-28 03:40:47",150
"2019-04-28 04:40:52",150
"2019-04-28 05:40:48",150
"2019-04-28 06:40:48",150
"2019-04-28 07:40:47",150
"2019-04-28 08:40:52",150
"2019-04-28 09:40:48",150
"2019-04-28 10:40:52",150
"2019-04-28 11:40:49",150
"2019-04-28 12:40:48",150
"2019-04-28 13:40:47",150
"2019-04-28 14:40:51",150
"2019-04-28 15:40:49",150
"2019-04-28 16:40:47",150
"2019-04-28 17:40:48",150
"2019-04-28 18:40:49",150
"2019-04-28 19:40:52",150
"2019-04-28 20:40:48",150
"2019-04-28 21:40:49",150
"2019-04-28 22:40:48",150
"2019-04-28 23:40:49",150
"2019-04-29 00:40:51",150
"2019-04-29 01:40:47",150
"2019-04-29 02:40:47",150
"2019-04-29 03:40:50",150
"2019-04-29 04:40:51",150
"2019-04-29 05:40:47",150
"2019-04-29 06:40:48",150
"2019-04-29 07:40:49",150
"2019-04-29 08:40:53",150
"2019-04-29 09:40:50",150
"2019-04-29 10:40:48",150
"2019-04-29 11:40:48",150
"2019-04-29 12:40:52",150
"2019-04-29 13:40:47",150
"2019-04-29 14:40:50",150
"2019-04-29 15:40:47",149
"2019-04-29 16:40:50",149
"2019-04-29 17:40:49",149
"2019-04-29 18:40:49",149
"2019-04-29 19:40:50",149
"2019-04-29 20:40:54",149
"2019-04-29 21:40:48",149
"2019-04-29 22:40:47",149
"2019-04-29 23:40:50",149
"2019-04-30 00:40:47",149
"2019-04-30 01:40:49",149
"2019-04-30 02:40:51",149
"2019-04-30 03:40:52",149
"2019-04-30 04:40:50",149
"2019-04-30 05:40:50",149
"2019-04-30 06:40:48",149
"2019-04-30 07:40:50",149
"2019-04-30 08:40:49",149
"2019-04-30 09:40:54",149
"2019-04-30 10:40:48",149
"2019-04-30 11:40:50",149
"2019-04-30 13:04:52",149
"2019-04-30 13:40:52",149
"2019-04-30 14:40:50",149
"2019-04-30 15:40:53",149
"2019-04-30 16:40:52",149
"2019-04-30 17:40:55",149
"2019-04-30 18:40:50",149
"2019-04-30 19:40:52",149
"2019-04-30 20:40:50",149
"2019-04-30 21:40:50",149
"2019-04-30 22:40:47",149
"2019-04-30 23:40:52",149
"2019-05-01 00:40:46",149
"2019-05-01 01:40:55",149
"2019-05-01 02:40:51",149
"2019-05-01 03:40:54",149
"2019-05-01 04:40:53",149
"2019-05-01 05:40:51",149
"2019-05-01 06:40:48",149
"2019-05-01 07:40:51",149
"2019-05-01 08:40:51",149
"2019-05-01 09:40:52",149
"2019-05-01 10:40:49",149
"2019-05-01 11:40:48",149
"2019-05-01 13:04:53",149
"2019-05-01 13:40:53",149
"2019-05-01 14:40:48",148
"2019-05-01 15:40:53",148
"2019-05-01 16:40:52",148
"2019-05-01 17:40:49",148
"2019-05-01 18:40:52",148
"2019-05-01 19:40:56",150
"2019-05-01 20:40:53",150
"2019-05-01 21:40:50",150
"2019-05-01 22:40:52",150
"2019-05-01 23:40:53",150
"2019-05-02 00:40:53",150
"2019-05-02 01:40:50",150
"2019-05-02 02:40:54",150
"2019-05-02 03:40:50",150
"2019-05-02 04:40:54",150
"2019-05-02 05:40:55",150
"2019-05-02 06:40:54",150
"2019-05-02 07:40:52",150
"2019-05-02 08:40:51",150
"2019-05-02 09:40:51",150
"2019-05-02 10:40:53",150
"2019-05-02 11:40:50",150
"2019-05-02 13:05:01",150
"2019-05-02 13:40:55",150
"2019-05-02 14:40:49",150
"2019-05-02 15:40:50",150
"2019-05-02 16:40:54",150
"2019-05-02 17:40:50",150
"2019-05-02 18:40:50",150
"2019-05-02 19:40:55",150
"2019-05-02 20:40:51",150
"2019-05-02 21:40:52",150
"2019-05-02 22:40:56",150
"2019-05-02 23:40:49",150
"2019-05-03 00:40:50",150
"2019-05-03 01:40:55",150
"2019-05-03 02:40:51",150
"2019-05-03 03:40:56",150
"2019-05-03 04:40:49",150
"2019-05-03 05:41:02",150
"2019-05-03 06:40:53",150
"2019-05-03 07:40:53",150
"2019-05-03 08:40:52",150
"2019-05-03 09:40:53",150
"2019-05-03 10:40:56",150
"2019-05-03 11:40:52",150
"2019-05-03 13:03:57",150
"2019-05-03 13:40:59",150
"2019-05-03 14:40:55",150
"2019-05-03 15:40:53",150
"2019-05-03 16:40:54",150
"2019-05-03 17:40:55",150
"2019-05-03 18:40:57",150
"2019-05-03 19:40:57",150
"2019-05-03 20:40:50",150
"2019-05-03 21:40:58",150
"2019-05-03 22:40:51",150
"2019-05-03 23:40:56",150
"2019-05-04 00:40:54",150
"2019-05-04 01:40:53",150
"2019-05-04 02:40:55",150
"2019-05-04 03:40:59",150
"2019-05-04 04:40:53",150
"2019-05-04 05:40:54",150
"2019-05-04 06:40:56",150
"2019-05-04 07:40:55",150
"2019-05-04 08:40:50",150
"2019-05-04 09:40:54",150
"2019-05-04 10:40:49",150
"2019-05-04 11:40:53",150
"2019-05-04 12:40:56",150
"2019-05-04 13:40:55",150
"2019-05-04 14:40:50",150
"2019-05-04 15:40:51",150
"2019-05-04 16:40:54",150
"2019-05-04 17:40:51",150
"2019-05-04 18:40:50",150
"2019-05-04 19:40:54",150
"2019-05-04 20:40:49",150
"2019-05-04 21:40:52",150
"2019-05-04 22:40:50",150
"2019-05-04 23:40:56",150
"2019-05-05 00:40:53",150
"2019-05-05 01:40:54",150
"2019-05-05 02:40:50",150
"2019-05-05 03:40:52",150
"2019-05-05 04:40:54",150
"2019-05-05 05:40:55",150
"2019-05-05 06:40:55",150
"2019-05-05 07:40:53",150
"2019-05-05 08:40:50",150
"2019-05-05 09:40:51",150
"2019-05-05 10:40:53",150
"2019-05-05 11:40:53",150
"2019-05-05 12:40:53",150
"2019-05-05 13:40:52",150
"2019-05-05 14:40:53",150
"2019-05-05 15:40:51",150
"2019-05-05 16:40:51",150
"2019-05-05 17:40:55",150
"2019-05-05 18:40:52",150
"2019-05-05 19:40:49",150
"2019-05-05 20:40:52",150
"2019-05-05 21:40:50",150
"2019-05-05 22:40:53",150
"2019-05-05 23:40:55",150
"2019-05-06 00:40:51",150
"2019-05-06 01:40:50",150
"2019-05-06 02:40:51",150
"2019-05-06 03:40:54",150
"2019-05-06 04:40:49",150
"2019-05-06 05:40:50",150
"2019-05-06 06:40:49",150
"2019-05-06 07:40:54",150
"2019-05-06 08:40:51",150
"2019-05-06 09:40:49",150
"2019-05-06 10:40:53",150
"2019-05-06 11:40:53",150
"2019-05-06 13:05:58",150
"2019-05-06 13:40:56",150
"2019-05-06 14:40:55",150
"2019-05-06 15:40:49",150
"2019-05-06 16:40:52",150
"2019-05-06 17:32:42",150
"2019-05-06 17:40:51",150
"2019-05-06 18:40:52",150
"2019-05-06 19:40:54",151
"2019-05-06 20:40:49",149
"2019-05-06 21:40:49",149
"2019-05-06 22:40:52",149
"2019-05-06 23:40:49",149
"2019-05-07 00:40:50",149
"2019-05-07 01:40:56",149
"2019-05-07 02:40:50",149
"2019-05-07 03:40:53",149
"2019-05-07 04:40:51",149
"2019-05-07 05:40:51",149
"2019-05-07 06:40:49",149
"2019-05-07 07:40:51",149
"2019-05-07 08:40:49",149
"2019-05-07 09:40:53",149
"2019-05-07 10:40:51",149
"2019-05-07 11:40:49",149
"2019-05-07 12:40:55",149
"2019-05-07 13:40:52",149
"2019-05-07 14:40:49",149
"2019-05-07 15:40:48",150
"2019-05-07 16:40:50",150
"2019-05-07 17:40:53",150
"2019-05-07 18:40:50",150
"2019-05-07 19:40:54",149
"2019-05-07 20:40:51",149
"2019-05-07 21:40:50",149
"2019-05-07 22:40:50",149
"2019-05-07 23:40:53",149
"2019-05-08 00:40:49",149
"2019-05-08 01:40:50",149
"2019-05-08 02:40:50",149
"2019-05-08 03:40:55",149
"2019-05-08 04:40:51",149
"2019-05-08 05:40:51",149
"2019-05-08 06:40:52",149
"2019-05-08 07:40:50",149
"2019-05-08 08:40:49",149
"2019-05-08 09:40:54",149
"2019-05-08 10:40:50",149
"2019-05-08 11:40:52",149
"2019-05-08 13:04:56",149
"2019-05-08 13:40:52",149
"2019-05-08 14:40:53",149
"2019-05-08 15:40:54",149
"2019-05-08 16:40:52",149
"2019-05-08 17:40:53",149
"2019-05-08 18:40:56",149
"2019-05-08 19:40:52",149
"2019-05-08 20:40:50",149
"2019-05-08 21:40:52",149
"2019-05-08 22:40:50",149
"2019-05-08 23:40:58",149
"2019-05-09 00:40:51",149
"2019-05-09 01:40:53",149
"2019-05-09 02:40:53",149
"2019-05-09 03:40:57",149
"2019-05-09 04:40:56",149
"2019-05-09 05:40:52",149
"2019-05-09 06:40:54",149
"2019-05-09 07:40:54",149
"2019-05-09 08:40:53",149
"2019-05-09 09:40:57",149
"2019-05-09 10:40:51",149
"2019-05-09 11:40:55",149
"2019-05-09 13:04:24",149
"2019-05-09 13:40:52",149
"2019-05-09 14:40:51",149
"2019-05-09 15:40:56",147
"2019-05-09 16:40:52",147
"2019-05-09 17:40:56",146
"2019-05-09 18:40:52",146
"2019-05-09 19:40:53",145
"2019-05-09 20:40:53",145
"2019-05-09 21:40:51",145
"2019-05-09 22:40:56",145
"2019-05-09 23:40:51",145
"2019-05-10 00:40:50",145
"2019-05-10 01:40:54",145
"2019-05-10 02:40:56",145
"2019-05-10 03:40:50",145
"2019-05-10 04:40:57",145
"2019-05-10 05:40:51",145
"2019-05-10 06:40:51",145
"2019-05-10 07:40:50",145
"2019-05-10 08:40:55",145
"2019-05-10 09:40:51",145
"2019-05-10 10:40:53",145
"2019-05-10 11:40:51",145
"2019-05-10 12:40:57",145
"2019-05-10 13:40:52",145
"2019-05-10 14:40:55",145
"2019-05-10 15:40:53",144
"2019-05-10 16:40:52",144
"2019-05-10 17:40:52",144
"2019-05-10 18:40:57",144
"2019-05-10 19:40:52",144
"2019-05-10 20:40:52",144
"2019-05-10 21:40:52",144
"2019-05-10 22:40:53",144
"2019-05-10 23:40:53",144
"2019-05-11 00:40:58",144
"2019-05-11 01:40:52",144
"2019-05-11 02:40:56",144
"2019-05-11 03:40:51",144
"2019-05-11 04:40:53",144
"2019-05-11 05:41:01",144
"2019-05-11 06:40:51",144
"2019-05-11 07:40:51",144
"2019-05-11 08:40:56",144
"2019-05-11 09:40:52",144
"2019-05-11 10:40:57",144
"2019-05-11 11:40:52",144
"2019-05-11 12:40:51",144
"2019-05-11 13:40:54",144
"2019-05-11 14:40:51",144
"2019-05-11 15:40:53",144
"2019-05-11 16:40:58",144
"2019-05-11 17:40:53",144
"2019-05-11 18:40:54",144
"2019-05-11 19:40:53",144
"2019-05-11 20:40:52",144
"2019-05-11 21:40:53",144
"2019-05-11 22:40:54",144
"2019-05-11 23:40:53",144
"2019-05-12 00:40:52",144
"2019-05-12 01:40:53",144
"2019-05-12 02:40:52",144
"2019-05-12 03:40:56",144
"2019-05-12 04:40:51",144
"2019-05-12 05:40:54",144
"2019-05-12 06:40:52",144
"2019-05-12 07:40:56",144
"2019-05-12 08:40:52",144
"2019-05-12 09:40:55",144
"2019-05-12 10:40:51",144
"2019-05-12 11:40:52",144
"2019-05-12 12:40:51",144
"2019-05-12 13:40:56",144
"2019-05-12 14:40:52",144
"2019-05-12 15:40:53",144
"2019-05-12 16:40:54",144
"2019-05-12 17:40:57",144
"2019-05-12 18:40:52",144
"2019-05-12 19:40:52",144
"2019-05-12 20:40:52",144
"2019-05-12 21:40:50",144
"2019-05-12 22:40:56",144
"2019-05-12 23:40:51",144
"2019-05-13 00:40:53",144
"2019-05-13 01:40:51",144
"2019-05-13 02:40:51",144
"2019-05-13 03:40:55",144
"2019-05-13 04:40:50",144
"2019-05-13 05:40:49",144
"2019-05-13 06:40:54",144
"2019-05-13 07:40:49",144
"2019-05-13 08:40:50",144
"2019-05-13 09:40:51",144
"2019-05-13 10:40:54",144
"2019-05-13 11:40:51",144
"2019-05-13 13:04:25",144
"2019-05-13 13:40:52",144
"2019-05-13 14:40:52",144
"2019-05-13 15:40:56",144
"2019-05-13 16:40:52",145
"2019-05-13 17:40:52",145
"2019-05-13 18:40:54",145
"2019-05-13 19:40:54",145
"2019-05-13 20:40:51",145
"2019-05-13 21:40:54",145
"2019-05-13 22:40:51",145
"2019-05-13 23:40:52",145
"2019-05-14 00:41:05",145
"2019-05-14 01:40:51",145
"2019-05-14 02:40:53",145
"2019-05-14 03:40:56",145
"2019-05-14 04:40:52",145
"2019-05-14 05:40:51",145
"2019-05-14 06:40:54",145
"2019-05-14 07:40:55",145
"2019-05-14 08:40:54",145
"2019-05-14 09:40:56",145
"2019-05-14 10:40:53",145
"2019-05-14 11:40:52",145
"2019-05-14 13:03:57",145
"2019-05-14 13:40:55",145
"2019-05-14 14:40:52",145
"2019-05-14 15:40:54",144
"2019-05-14 16:40:53",143
"2019-05-14 17:40:50",143
"2019-05-14 18:40:53",143
"2019-05-14 19:40:51",143
"2019-05-14 20:40:52",143
"2019-05-14 21:40:51",143
"2019-05-14 22:40:54",143
"2019-05-14 23:40:53",143
"2019-05-15 00:40:52",143
"2019-05-15 01:40:52",143
"2019-05-15 02:40:50",143
"2019-05-15 03:40:54",143
"2019-05-15 04:40:52",143
"2019-05-15 05:40:54",143
"2019-05-15 06:40:55",143
"2019-05-15 07:40:53",143
"2019-05-15 08:40:53",143
"2019-05-15 09:40:56",143
"2019-05-15 10:40:58",143
"2019-05-15 11:40:52",143
"2019-05-15 13:04:56",143
"2019-05-15 13:40:53",143
"2019-05-15 14:40:52",143
"2019-05-15 15:40:51",144
"2019-05-15 16:40:55",144
"2019-05-15 17:40:53",144
"2019-05-15 18:40:55",143
"2019-05-15 19:40:53",143
"2019-05-15 20:40:53",144
"2019-05-15 21:40:54",144
"2019-05-15 22:40:52",144
"2019-05-15 23:40:52",144
"2019-05-16 00:40:52",144
"2019-05-16 01:40:55",144
"2019-05-16 02:40:56",144
"2019-05-16 03:40:51",144
"2019-05-16 04:40:52",144
"2019-05-16 05:40:55",144
"2019-05-16 06:40:53",144
"2019-05-16 07:40:55",144
"2019-05-16 08:40:53",144
"2019-05-16 09:40:54",144
"2019-05-16 10:41:01",144
"2019-05-16 11:40:52",144
"2019-05-16 13:03:55",144
"2019-05-16 13:41:01",144
"2019-05-16 14:40:54",144
"2019-05-16 15:40:52",144
"2019-05-16 16:40:55",144
"2019-05-16 17:40:53",144
"2019-05-16 18:40:56",145
"2019-05-16 19:40:56",145
"2019-05-16 20:40:52",145
"2019-05-16 21:40:54",145
"2019-05-16 22:40:54",145
"2019-05-16 23:40:53",145
"2019-05-17 00:40:59",145
"2019-05-17 01:40:54",145
"2019-05-17 02:40:53",145
"2019-05-17 03:40:52",145
"2019-05-17 04:40:53",145
"2019-05-17 05:40:54",145
"2019-05-17 06:40:58",145
"2019-05-17 07:40:55",145
"2019-05-17 08:40:58",145
"2019-05-17 09:40:57",145
"2019-05-17 10:40:52",145
"2019-05-17 11:40:56",145
"2019-05-17 13:05:27",145
"2019-05-17 13:40:59",145
"2019-05-17 14:40:54",145
"2019-05-17 15:40:54",144
"2019-05-17 16:40:56",144
"2019-05-17 17:40:55",144
"2019-05-17 18:40:52",144
"2019-05-17 19:40:56",144
"2019-05-17 20:40:52",144
"2019-05-17 21:40:54",144
"2019-05-17 22:40:53",144
"2019-05-17 23:40:53",144
"2019-05-18 00:40:54",144
"2019-05-18 01:40:55",144
"2019-05-18 02:40:54",144
"2019-05-18 04:40:50",144
"2019-05-18 05:40:49",144
"2019-05-18 06:40:51",144
"2019-05-18 07:40:49",144
"2019-05-18 08:40:49",144
"2019-05-18 09:40:49",144
"2019-05-18 10:40:48",144
"2019-05-18 11:40:51",144
"2019-05-18 12:40:49",144
"2019-05-18 13:40:50",144
"2019-05-18 14:40:50",144
"2019-05-18 15:40:51",144
"2019-05-18 16:40:49",144
"2019-05-18 17:40:50",144
"2019-05-18 18:40:48",144
"2019-05-18 19:40:49",144
"2019-05-18 20:40:49",144
"2019-05-18 21:40:50",144
"2019-05-18 22:40:49",144
"2019-05-18 23:40:49",144
"2019-05-19 00:40:48",144
"2019-05-19 01:40:48",144
"2019-05-19 02:40:49",144
"2019-05-19 03:40:48",144
"2019-05-19 04:40:51",144
"2019-05-19 05:40:49",144
"2019-05-19 06:40:49",144
"2019-05-19 07:40:49",144
"2019-05-19 08:40:48",144
"2019-05-19 09:40:49",144
"2019-05-19 10:40:49",144
"2019-05-19 11:40:49",144
"2019-05-19 12:40:50",144
"2019-05-19 13:40:50",144
"2019-05-19 14:40:49",144
"2019-05-19 15:40:49",144
"2019-05-19 16:40:50",144
"2019-05-19 17:40:49",144
"2019-05-19 18:40:49",144
"2019-05-19 19:40:49",144
"2019-05-19 20:40:49",144
"2019-05-19 21:40:50",144
"2019-05-19 22:40:49",144
"2019-05-19 23:40:49",144
"2019-05-20 00:40:50",144
"2019-05-20 01:40:49",144
"2019-05-20 02:40:51",144
"2019-05-20 03:40:50",144
"2019-05-20 04:40:51",144
"2019-05-20 05:40:51",144
"2019-05-20 06:40:50",144
"2019-05-20 07:40:50",144
"2019-05-20 08:40:49",144
"2019-05-20 09:40:50",144
"2019-05-20 10:40:49",144
"2019-05-20 11:40:50",144
"2019-05-20 12:40:52",144
"2019-05-20 13:40:52",144
"2019-05-20 14:40:51",146
"2019-05-20 15:40:49",147
"2019-05-20 16:40:52",147
"2019-05-20 17:40:51",147
"2019-05-20 18:40:50",147
"2019-05-20 19:40:51",147
"2019-05-20 20:40:50",147
"2019-05-20 21:40:51",147
"2019-05-20 22:40:50",147
"2019-05-20 23:40:54",147
"2019-05-21 00:40:50",147
"2019-05-21 01:40:51",147
"2019-05-21 02:40:51",147
"2019-05-21 03:40:51",147
"2019-05-21 04:40:51",147
"2019-05-21 05:40:50",147
"2019-05-21 06:40:49",147
"2019-05-21 07:40:51",147
"2019-05-21 08:40:50",147
"2019-05-21 09:40:49",147
"2019-05-21 10:40:50",147
"2019-05-21 11:40:50",147
"2019-05-21 13:04:53",147
"2019-05-21 13:40:50",147
"2019-05-21 14:40:51",147
"2019-05-21 15:40:49",147
"2019-05-21 16:40:49",147
"2019-05-21 17:40:49",147
"2019-05-21 18:40:50",147
"2019-05-21 19:40:50",147
"2019-05-21 20:40:50",147
"2019-05-21 21:40:50",147
"2019-05-21 22:40:52",147
"2019-05-21 23:40:50",147
"2019-05-22 00:40:50",147
"2019-05-22 01:40:50",147
"2019-05-22 02:40:49",147
"2019-05-22 03:40:50",147
"2019-05-22 04:40:51",147
"2019-05-22 05:40:51",147
"2019-05-22 06:40:50",147
"2019-05-22 07:40:50",147
"2019-05-22 08:40:51",147
"2019-05-22 09:40:54",147
"2019-05-22 10:40:50",147
"2019-05-22 11:40:50",147
"2019-05-22 12:40:50",147
"2019-05-22 13:40:50",147
"2019-05-22 14:40:50",147
"2019-05-22 15:40:52",147
"2019-05-22 16:40:51",147
"2019-05-22 17:40:49",147
"2019-05-22 18:40:50",147
"2019-05-22 19:40:49",145
"2019-05-22 20:40:49",145
"2019-05-22 21:40:51",145
"2019-05-22 22:40:50",145
"2019-05-22 23:40:49",145
"2019-05-23 00:40:50",145
"2019-05-23 01:40:50",145
"2019-05-23 02:40:51",145
"2019-05-23 03:40:50",145
"2019-05-23 04:40:53",145
"2019-05-23 05:40:50",145
"2019-05-23 06:40:50",145
"2019-05-23 07:40:51",145
"2019-05-23 08:40:51",145
"2019-05-23 09:40:50",145
"2019-05-23 10:40:51",145
"2019-05-23 11:40:50",145
"2019-05-23 12:40:51",145
"2019-05-23 13:40:50",145
"2019-05-23 14:40:50",145
"2019-05-23 15:40:50",145
"2019-05-23 16:40:50",145
"2019-05-23 17:40:50",145
"2019-05-23 18:40:50",145
"2019-05-23 19:40:51",146
"2019-05-23 20:40:50",146
"2019-05-23 21:40:50",146
"2019-05-23 22:40:50",146
"2019-05-23 23:40:50",146
"2019-05-24 00:40:50",146
"2019-05-24 01:40:50",146
"2019-05-24 02:40:49",146
"2019-05-24 03:40:50",146
"2019-05-24 04:40:50",146
"2019-05-24 05:40:52",146
"2019-05-24 06:40:50",146
"2019-05-24 07:40:49",146
"2019-05-24 08:40:50",146
"2019-05-24 09:40:51",146
"2019-05-24 10:40:51",146
"2019-05-24 11:40:50",146
"2019-05-24 13:04:54",146
"2019-05-24 13:40:51",146
"2019-05-24 14:40:52",146
"2019-05-24 15:40:51",147
"2019-05-24 16:40:51",147
"2019-05-24 17:40:52",147
"2019-05-24 18:40:53",147
"2019-05-24 19:40:52",146
"2019-05-24 20:40:52",146
"2019-05-24 21:40:53",146
"2019-05-24 22:40:52",146
"2019-05-24 23:40:53",146
"2019-05-25 00:40:52",146
"2019-05-25 01:40:51",146
"2019-05-25 04:40:51",146
"2019-05-26 04:40:52",146
"2019-05-26 05:40:52",146
"2019-05-26 06:40:52",146
"2019-05-26 07:40:53",146
"2019-05-26 08:40:51",146
"2019-05-26 09:40:50",146
"2019-05-26 10:40:51",146
"2019-05-26 11:40:51",146
"2019-05-26 12:40:51",146
"2019-05-26 13:40:51",146
"2019-05-26 14:40:52",146
"2019-05-26 15:40:50",146
"2019-05-26 16:40:51",146
"2019-05-26 17:40:53",146
"2019-05-26 18:40:51",146
"2019-05-26 19:40:51",146
"2019-05-26 20:40:51",146
"2019-05-26 21:40:51",146
"2019-05-26 22:40:51",146
"2019-05-26 23:40:51",146
"2019-05-27 00:40:51",146
"2019-05-27 01:40:51",146
"2019-05-27 02:40:50",146
"2019-05-27 03:40:52",146
"2019-05-27 04:40:52",146
"2019-05-27 05:40:51",146
"2019-05-27 06:40:51",146
"2019-05-27 07:40:55",146
"2019-05-27 08:40:54",146
"2019-05-27 09:40:52",146
"2019-05-27 10:40:52",146
"2019-05-27 11:40:51",146
"2019-05-27 12:40:51",146
"2019-05-27 13:40:51",146
"2019-05-27 14:40:52",146
"2019-05-27 15:40:51",146
"2019-05-27 16:40:51",146
"2019-05-27 17:40:52",146
"2019-05-27 18:40:52",146
"2019-05-27 19:40:51",146
"2019-05-27 20:40:50",146
"2019-05-27 21:40:51",146
"2019-05-27 22:40:50",146
"2019-05-27 23:40:51",146
"2019-05-28 00:40:51",146
"2019-05-28 01:40:52",146
"2019-05-28 02:40:52",146
"2019-05-28 03:40:51",146
"2019-05-28 04:40:51",146
"2019-05-28 05:40:50",146
"2019-05-28 06:40:55",146
"2019-05-28 07:40:52",146
"2019-05-28 08:40:52",146
"2019-05-28 09:40:52",146
"2019-05-28 10:40:51",146
"2019-05-28 11:40:50",146
"2019-05-28 12:40:51",146
"2019-05-28 13:40:53",146
"2019-05-28 14:40:52",146
"2019-05-28 15:40:52",146
"2019-05-28 16:40:52",146
"2019-05-28 17:40:54",146
"2019-05-28 18:40:52",146
"2019-05-28 19:40:52",147
"2019-05-28 20:40:53",148
"2019-05-28 21:40:52",148
"2019-05-28 22:40:51",148
"2019-05-28 23:40:52",148
"2019-05-29 00:40:52",148
"2019-05-29 01:40:52",148
"2019-05-29 02:40:52",148
"2019-05-29 03:40:51",148
"2019-05-29 04:40:52",148
"2019-05-29 05:40:54",148
"2019-05-29 06:40:53",148
"2019-05-29 07:40:54",148
"2019-05-29 08:40:52",148
"2019-05-29 09:40:55",148
"2019-05-29 10:40:52",148
"2019-05-29 11:40:51",148
"2019-05-29 13:03:56",148
"2019-05-29 13:40:53",148
"2019-05-29 14:40:54",147
"2019-05-29 15:40:52",147
"2019-05-29 16:40:53",147
"2019-05-29 17:40:53",147
"2019-05-29 18:40:53",147
"2019-05-29 19:40:54",147
"2019-05-29 20:40:52",147
"2019-05-29 21:40:52",147
"2019-05-29 22:40:52",147
"2019-05-29 23:40:53",147
"2019-05-30 00:40:52",147
"2019-05-30 01:40:52",147
"2019-05-30 02:40:53",147
"2019-05-30 03:40:52",147
"2019-05-30 04:40:52",147
"2019-05-30 05:40:54",147
"2019-05-30 06:40:52",147
"2019-05-30 07:40:52",147
"2019-05-30 08:40:54",147
"2019-05-30 09:40:53",147
"2019-05-30 10:40:52",147
"2019-05-30 11:40:52",147
"2019-05-30 12:40:55",147
"2019-05-30 13:40:51",147
"2019-05-30 14:40:54",147
"2019-05-30 15:40:53",147
"2019-05-30 16:40:51",147
"2019-05-30 17:40:52",147
"2019-05-30 18:40:53",147
"2019-05-30 19:40:52",147
"2019-05-30 20:40:51",147
"2019-05-30 21:40:52",147
"2019-05-30 22:40:53",147
"2019-05-30 23:40:52",147
"2019-05-31 00:40:51",147
"2019-05-31 01:40:52",147
"2019-05-31 02:40:52",147
"2019-05-31 03:40:51",147
"2019-05-31 04:40:51",147
"2019-05-31 05:40:52",147
"2019-05-31 06:40:53",147
"2019-05-31 07:40:51",147
"2019-05-31 08:40:52",147
"2019-05-31 09:40:53",147
"2019-05-31 10:40:52",147
"2019-05-31 11:40:52",147
"2019-05-31 12:41:37",147
"2019-05-31 13:40:52",147
"2019-05-31 14:40:52",148
"2019-05-31 15:40:53",148
"2019-05-31 16:40:51",148
"2019-05-31 17:40:55",148
"2019-05-31 18:40:52",148
"2019-05-31 19:40:52",148
"2019-05-31 20:40:52",149
"2019-05-31 21:40:52",149
"2019-05-31 22:40:51",149
"2019-05-31 23:40:52",149
"2019-06-01 00:40:52",149
"2019-06-01 01:40:52",149
"2019-06-01 02:40:52",149
"2019-06-01 03:40:52",149
"2019-06-01 04:40:52",149
"2019-06-01 05:40:52",149
"2019-06-01 06:40:54",149
"2019-06-01 07:40:51",149
"2019-06-01 08:40:52",149
"2019-06-01 09:40:52",149
"2019-06-01 10:40:52",149
"2019-06-01 11:40:52",149
"2019-06-01 12:40:52",149
"2019-06-01 13:40:52",149
"2019-06-01 14:40:53",149
"2019-06-01 15:40:53",149
"2019-06-01 16:40:52",149
"2019-06-01 17:40:52",149
"2019-06-01 18:40:52",149
"2019-06-01 19:40:53",149
"2019-06-01 20:40:51",149
"2019-06-01 21:40:52",149
"2019-06-01 22:40:52",149
"2019-06-01 23:40:52",149
"2019-06-02 00:40:53",149
"2019-06-02 01:40:54",149
"2019-06-02 02:40:53",149
"2019-06-02 03:40:52",149
"2019-06-02 04:40:52",149
"2019-06-02 05:40:55",149
"2019-06-02 06:40:52",149
"2019-06-02 07:40:52",149
"2019-06-02 08:40:52",149
"2019-06-02 09:40:52",149
"2019-06-02 10:40:52",149
"2019-06-02 11:40:52",149
"2019-06-02 12:40:54",149
"2019-06-02 13:40:53",149
"2019-06-02 14:40:53",149
"2019-06-02 15:40:51",149
"2019-06-02 16:40:52",149
"2019-06-02 17:40:53",149
"2019-06-02 18:40:52",149
"2019-06-02 19:40:52",149
"2019-06-02 20:40:52",149
"2019-06-02 21:40:52",149
"2019-06-02 22:40:52",149
"2019-06-02 23:40:51",149
"2019-06-03 00:40:52",149
"2019-06-03 01:40:54",149
"2019-06-03 02:40:52",149
"2019-06-03 03:40:52",149
"2019-06-03 04:40:52",149
"2019-06-03 05:40:52",149
"2019-06-03 06:40:52",149
"2019-06-03 07:40:52",149
"2019-06-03 08:40:53",149
"2019-06-03 09:40:52",149
"2019-06-03 10:40:53",149
"2019-06-03 11:40:54",149
"2019-06-03 12:40:52",149
"2019-06-03 13:40:53",149
"2019-06-03 14:40:53",149
"2019-06-03 15:40:52",149
"2019-06-03 16:40:52",149
"2019-06-03 17:40:51",149
"2019-06-03 18:40:54",149
"2019-06-03 19:40:53",149
"2019-06-03 20:40:51",149
"2019-06-03 21:40:53",149
"2019-06-03 22:40:52",149
"2019-06-03 23:40:55",149
"2019-06-04 00:40:52",149
"2019-06-04 01:40:52",149
"2019-06-04 02:40:52",149
"2019-06-04 03:40:52",149
"2019-06-04 04:40:52",149
"2019-06-04 05:40:52",149
"2019-06-04 06:40:52",149
"2019-06-04 07:40:51",149
"2019-06-04 08:40:54",149
"2019-06-04 09:40:51",149
"2019-06-04 10:40:53",149
"2019-06-04 11:40:52",149
"2019-06-04 13:03:25",149
"2019-06-04 13:40:52",149
"2019-06-04 14:40:55",148
"2019-06-04 15:40:53",148
"2019-06-04 16:40:52",148
"2019-06-04 17:40:53",148
"2019-06-04 18:40:52",148
"2019-06-04 19:40:52",148
"2019-06-04 20:40:52",148
"2019-06-04 21:40:51",148
"2019-06-04 22:40:52",148
"2019-06-04 23:40:54",148
"2019-06-05 00:40:51",148
"2019-06-05 01:40:53",148
"2019-06-05 02:40:54",148
"2019-06-05 03:40:53",148
"2019-06-05 04:40:55",148
"2019-06-05 05:40:52",148
"2019-06-05 06:40:52",148
"2019-06-05 07:40:53",148
"2019-06-05 08:40:55",148
"2019-06-05 09:40:52",148
"2019-06-05 10:40:52",148
"2019-06-05 11:40:54",148
"2019-06-05 13:04:56",148
"2019-06-05 13:40:52",148
"2019-06-05 14:40:53",149
"2019-06-05 15:40:53",149
"2019-06-05 16:40:53",149
"2019-06-05 17:40:54",149
"2019-06-05 18:40:54",149
"2019-06-05 19:40:55",149
"2019-06-05 20:40:53",149
"2019-06-05 21:40:53",149
"2019-06-05 22:40:53",149
"2019-06-05 23:40:53",149
"2019-06-06 00:40:53",149
"2019-06-06 01:40:52",149
"2019-06-06 02:40:53",149
"2019-06-06 03:40:53",149
"2019-06-06 04:40:56",149
"2019-06-06 05:40:53",149
"2019-06-06 06:40:55",149
"2019-06-06 07:40:53",149
"2019-06-06 08:40:56",149
"2019-06-06 09:40:54",149
"2019-06-06 10:40:58",149
"2019-06-06 11:40:53",149
"2019-06-06 13:04:56",149
"2019-06-06 13:40:53",149
"2019-06-06 14:40:54",149
"2019-06-06 15:40:55",149
"2019-06-06 16:40:54",150
"2019-06-06 17:40:55",151
"2019-06-06 18:40:55",151
"2019-06-06 19:40:55",151
"2019-06-06 20:40:52",151
"2019-06-06 21:40:53",151
"2019-06-06 22:40:53",151
"2019-06-06 23:40:52",151
"2019-06-07 00:40:54",151
"2019-06-07 01:40:54",151
"2019-06-07 02:40:54",151
"2019-06-07 03:40:54",151
"2019-06-07 04:40:55",151
"2019-06-07 05:40:53",151
"2019-06-07 06:40:54",151
"2019-06-07 07:40:54",151
"2019-06-07 08:40:54",151
"2019-06-07 09:40:55",151
"2019-06-07 10:40:54",151
"2019-06-07 11:40:53",151
"2019-06-07 13:04:58",151
"2019-06-07 13:40:55",151
"2019-06-07 14:40:54",150
"2019-06-07 15:40:54",149
"2019-06-07 16:40:54",149
"2019-06-07 17:40:54",149
"2019-06-07 18:40:53",150
"2019-06-07 19:40:53",150
"2019-06-07 20:40:54",150
"2019-06-07 21:40:54",150
"2019-06-07 22:40:53",150
"2019-06-07 23:40:55",150
"2019-06-08 00:40:53",150
"2019-06-08 01:40:55",150
"2019-06-08 02:40:55",150
"2019-06-08 03:40:55",150
"2019-06-08 04:40:54",150
"2019-06-08 05:40:58",150
"2019-06-08 06:40:55",150
"2019-06-08 07:40:55",150
"2019-06-08 08:40:54",150
"2019-06-08 09:40:54",150
"2019-06-08 10:40:53",150
"2019-06-08 11:40:55",150
"2019-06-08 12:40:54",150
"2019-06-08 13:40:53",150
"2019-06-08 14:40:52",150
"2019-06-08 15:40:55",150
"2019-06-08 16:40:54",150
"2019-06-08 17:40:54",150
"2019-06-08 18:40:54",150
"2019-06-08 19:40:53",150
"2019-06-08 20:40:54",150
"2019-06-08 21:40:53",150
"2019-06-08 22:40:53",150
"2019-06-08 23:40:55",150
"2019-06-09 00:40:53",150
"2019-06-09 01:40:53",150
"2019-06-09 02:40:58",150
"2019-06-09 03:40:57",150
"2019-06-09 04:40:53",150
"2019-06-09 05:40:56",150
"2019-06-09 06:40:53",150
"2019-06-09 07:40:55",150
"2019-06-09 08:40:53",150
"2019-06-09 09:40:55",150
"2019-06-09 10:40:53",150
"2019-06-09 11:40:54",150
"2019-06-09 12:40:54",150
"2019-06-09 13:40:53",150
"2019-06-09 14:40:52",150
"2019-06-09 15:40:55",150
"2019-06-09 16:40:53",150
"2019-06-09 17:40:55",150
"2019-06-09 18:40:53",150
"2019-06-09 19:40:53",150
"2019-06-09 20:40:53",150
"2019-06-09 21:40:53",150
"2019-06-09 22:40:56",150
"2019-06-09 23:40:54",150
"2019-06-10 00:40:54",150
"2019-06-10 01:40:56",150
"2019-06-10 02:40:54",150
"2019-06-10 03:40:55",150
"2019-06-10 04:40:55",150
"2019-06-10 05:40:55",150
"2019-06-10 06:40:53",150
"2019-06-10 07:40:55",150
"2019-06-10 08:40:54",150
"2019-06-10 09:40:54",150
"2019-06-10 10:40:57",150
"2019-06-10 11:40:54",150
"2019-06-10 12:40:58",150
"2019-06-10 13:40:56",150
"2019-06-10 14:40:54",150
"2019-06-10 15:40:55",150
"2019-06-10 16:40:57",150
"2019-06-10 17:40:54",149
"2019-06-10 18:40:56",149
"2019-06-10 19:40:56",149
"2019-06-10 20:40:55",149
"2019-06-10 21:40:54",149
"2019-06-10 22:40:54",149
"2019-06-10 23:40:55",149
"2019-06-11 00:40:55",149
"2019-06-11 01:40:57",149
"2019-06-11 02:40:56",149
"2019-06-11 03:40:55",149
"2019-06-11 04:40:55",149
"2019-06-11 05:40:55",149
"2019-06-11 06:40:55",149
"2019-06-11 07:40:54",149
"2019-06-11 08:40:54",149
"2019-06-11 09:40:56",149
"2019-06-11 10:40:54",149
"2019-06-11 11:40:54",149
"2019-06-11 13:04:29",149
"2019-06-11 13:40:56",149
"2019-06-11 14:40:54",150
"2019-06-11 15:40:55",150
"2019-06-11 16:40:57",150
"2019-06-11 17:40:55",150
"2019-06-11 18:40:57",150
"2019-06-11 19:40:54",149
"2019-06-11 20:40:55",149
"2019-06-11 21:40:54",149
"2019-06-11 22:40:55",149
"2019-06-11 23:40:54",149
"2019-06-12 00:40:57",149
"2019-06-12 01:40:54",149
"2019-06-12 02:40:55",149
"2019-06-12 03:41:00",149
"2019-06-12 04:40:57",149
"2019-06-12 05:40:56",149
"2019-06-12 06:40:56",149
"2019-06-12 07:40:57",149
"2019-06-12 08:40:56",149
"2019-06-12 09:40:59",149
"2019-06-12 10:40:56",149
"2019-06-12 11:40:56",149
"2019-06-12 13:04:01",149
"2019-06-12 13:40:56",149
"2019-06-12 14:40:56",149
"2019-06-12 15:40:57",149
"2019-06-12 16:40:57",149
"2019-06-12 17:40:55",149
"2019-06-12 18:40:56",149
"2019-06-12 19:40:56",149
"2019-06-12 20:40:56",149
"2019-06-12 21:40:57",149
"2019-06-12 22:40:56",149
"2019-06-12 23:40:56",149
"2019-06-13 00:40:57",149
"2019-06-13 01:40:57",149
"2019-06-13 02:40:56",149
"2019-06-13 03:40:56",149
"2019-06-13 04:40:58",149
"2019-06-13 05:40:57",149
"2019-06-13 06:40:56",149
"2019-06-13 07:40:56",149
"2019-06-13 08:40:55",149
"2019-06-13 09:40:56",149
"2019-06-13 10:40:57",149
"2019-06-13 11:40:55",149
"2019-06-13 13:04:58",149
"2019-06-13 13:40:59",149
"2019-06-13 14:40:57",149
"2019-06-13 15:40:58",149
"2019-06-13 16:40:57",149
"2019-06-13 17:40:55",149
"2019-06-13 18:40:57",149
"2019-06-13 19:40:57",149
"2019-06-13 20:40:54",149
"2019-06-13 21:40:56",149
"2019-06-13 22:40:55",149
"2019-06-13 23:40:57",149
"2019-06-14 00:40:57",149
"2019-06-14 01:40:57",149
"2019-06-14 02:40:57",149
"2019-06-14 03:40:56",149
"2019-06-14 04:40:57",149
"2019-06-14 05:40:57",149
"2019-06-14 06:41:01",149
"2019-06-14 07:40:57",149
"2019-06-14 08:40:57",149
"2019-06-14 09:40:56",149
"2019-06-14 10:40:56",149
"2019-06-14 11:40:57",149
"2019-06-14 12:40:57",149
"2019-06-14 13:40:56",149
"2019-06-14 14:40:58",148
"2019-06-14 15:40:58",148
"2019-06-14 16:40:58",149
"2019-06-14 17:40:57",149
"2019-06-14 18:40:56",149
"2019-06-14 19:40:57",149
"2019-06-14 20:40:56",149
"2019-06-14 21:40:57",149
"2019-06-14 22:40:56",149
"2019-06-14 23:40:57",149
"2019-06-15 00:40:56",149
"2019-06-15 01:40:59",149
"2019-06-15 02:40:57",149
"2019-06-15 03:40:57",149
"2019-06-15 04:40:58",149
"2019-06-15 05:40:58",149
"2019-06-15 06:40:56",149
"2019-06-15 07:40:56",149
"2019-06-15 08:40:56",149
"2019-06-15 09:40:58",149
"2019-06-15 10:40:56",149
"2019-06-15 11:40:56",149
"2019-06-15 12:40:58",149
"2019-06-15 13:40:57",149
"2019-06-15 14:40:57",149
"2019-06-15 15:40:56",149
"2019-06-15 16:40:57",149
"2019-06-15 17:40:56",149
"2019-06-15 18:40:56",149
"2019-06-15 19:40:56",149
"2019-06-15 20:40:57",149
"2019-06-15 21:40:59",149
"2019-06-15 22:40:57",149
"2019-06-15 23:40:56",149
"2019-06-16 00:40:55",149
"2019-06-16 01:40:57",149
"2019-06-16 02:40:58",149
"2019-06-16 03:40:56",149
"2019-06-16 04:40:58",149
"2019-06-16 05:40:58",149
"2019-06-16 06:40:58",149
"2019-06-16 07:40:58",149
"2019-06-16 08:40:57",149
"2019-06-16 09:40:56",149
"2019-06-16 10:40:55",149
"2019-06-16 11:40:56",149
"2019-06-16 12:40:57",149
"2019-06-16 13:40:56",149
"2019-06-16 14:40:57",149
"2019-06-16 15:40:57",149
"2019-06-16 16:40:57",149
"2019-06-16 17:40:58",149
"2019-06-16 18:40:59",149
"2019-06-16 19:40:56",149
"2019-06-16 20:40:57",149
"2019-06-16 21:40:57",149
"2019-06-16 22:40:55",149
"2019-06-16 23:40:57",149
"2019-06-17 00:40:56",149
"2019-06-17 01:40:56",149
"2019-06-17 02:40:59",149
"2019-06-17 03:40:58",149
"2019-06-17 04:40:57",149
"2019-06-17 05:40:57",149
"2019-06-17 06:40:58",149
"2019-06-17 07:40:56",149
"2019-06-17 08:40:57",149
"2019-06-17 09:40:56",149
"2019-06-17 10:40:58",149
"2019-06-17 11:40:58",149
"2019-06-17 13:05:29",149
"2019-06-17 13:40:56",149
"2019-06-17 14:40:56",150
"2019-06-17 15:40:57",150
"2019-06-17 16:41:03",150
"2019-06-17 17:40:58",150
"2019-06-17 18:40:58",150
"2019-06-17 19:40:57",150
"2019-06-17 20:40:57",150
"2019-06-17 21:40:56",150
"2019-06-17 22:40:58",150
"2019-06-17 23:40:56",150
"2019-06-18 00:40:56",150
"2019-06-18 01:40:56",150
"2019-06-18 02:41:02",150
"2019-06-18 03:40:59",150
"2019-06-18 04:40:57",150
"2019-06-18 05:40:58",150
"2019-06-18 06:40:57",150
"2019-06-18 07:40:58",150
"2019-06-18 08:41:01",150
"2019-06-18 09:40:56",150
"2019-06-18 10:40:56",150
"2019-06-18 11:40:56",150
"2019-06-18 13:03:30",150
"2019-06-18 13:40:57",150
"2019-06-18 14:40:57",150
"2019-06-18 15:40:56",150
"2019-06-18 16:40:57",151
"2019-06-18 17:40:56",151
"2019-06-18 18:40:58",151
"2019-06-18 19:40:58",151
"2019-06-18 20:40:56",151
"2019-06-18 21:40:55",151
"2019-06-18 22:40:57",151
"2019-06-18 23:40:57",151
"2019-06-19 00:40:57",151
"2019-06-19 01:40:57",151
"2019-06-19 02:40:58",151
"2019-06-19 03:40:57",151
"2019-06-19 04:40:56",151
"2019-06-19 05:41:01",151
"2019-06-19 06:41:05",151
"2019-06-19 07:40:58",151
"2019-06-19 08:40:58",151
"2019-06-19 09:40:57",151
"2019-06-19 10:40:57",151
"2019-06-19 11:40:56",151
"2019-06-19 13:03:31",151
"2019-06-19 13:40:56",151
"2019-06-19 14:40:57",151
"2019-06-19 15:40:57",151
"2019-06-19 16:41:06",151
"2019-06-19 17:40:58",151
"2019-06-19 18:40:56",151
"2019-06-19 19:40:58",151
"2019-06-19 20:40:57",151
"2019-06-19 21:40:57",151
"2019-06-19 22:40:56",151
"2019-06-19 23:40:56",151
"2019-06-20 00:40:57",151
"2019-06-20 01:40:56",151
"2019-06-20 02:40:56",151
"2019-06-20 03:40:57",151
"2019-06-20 04:40:58",151
"2019-06-20 05:40:55",151
"2019-06-20 06:40:56",151
"2019-06-20 07:40:57",151
"2019-06-20 08:40:57",151
"2019-06-20 09:40:58",151
"2019-06-20 10:40:57",151
"2019-06-20 11:40:56",151
"2019-06-20 13:05:10",151
"2019-06-20 13:41:00",151
"2019-06-20 14:40:59",151
"2019-06-20 15:40:59",151
"2019-06-20 16:40:59",152
"2019-06-20 17:41:00",151
"2019-06-20 18:40:57",151
"2019-06-20 19:40:57",151
"2019-06-20 20:41:02",152
"2019-06-20 21:40:58",152
"2019-06-20 22:40:58",152
"2019-06-20 23:40:59",152
"2019-06-21 00:40:58",152
"2019-06-21 01:40:58",152
"2019-06-21 02:40:58",152
"2019-06-21 03:40:58",152
"2019-06-21 04:40:59",152
"2019-06-21 05:40:59",152
"2019-06-21 06:40:58",152
"2019-06-21 07:41:00",152
"2019-06-21 08:40:57",152
"2019-06-21 09:40:58",152
"2019-06-21 10:40:57",152
"2019-06-21 11:40:57",152
"2019-06-21 12:40:58",152
"2019-06-21 13:40:59",152
"2019-06-21 14:40:58",152
"2019-06-21 15:40:58",152
"2019-06-21 16:40:59",152
"2019-06-21 17:40:58",152
"2019-06-21 18:40:58",151
"2019-06-21 19:40:57",151
"2019-06-21 20:40:56",151
"2019-06-21 21:40:58",151
"2019-06-21 22:40:58",151
"2019-06-21 23:40:57",151
"2019-06-22 00:40:58",151
"2019-06-22 01:41:00",151
"2019-06-22 02:41:00",151
"2019-06-22 03:40:57",151
"2019-06-22 04:40:57",151
"2019-06-22 05:40:59",151
"2019-06-22 06:41:00",151
"2019-06-22 07:40:58",151
"2019-06-22 08:40:58",151
"2019-06-22 09:40:59",151
"2019-06-22 10:40:59",151
"2019-06-22 11:40:57",151
"2019-06-22 12:41:02",151
"2019-06-22 13:40:58",151
"2019-06-22 14:41:00",151
"2019-06-22 15:41:07",151
"2019-06-22 16:41:04",151
"2019-06-22 17:40:58",151
"2019-06-22 18:41:03",151
"2019-06-22 19:40:59",151
"2019-06-22 20:40:58",151
"2019-06-22 21:40:58",151
"2019-06-22 22:41:02",151
"2019-06-22 23:40:59",151
"2019-06-23 00:41:09",151
"2019-06-23 01:40:59",151
"2019-06-23 02:41:01",151
"2019-06-23 03:40:59",151
"2019-06-23 04:40:58",151
"2019-06-23 05:40:58",151
"2019-06-23 06:40:59",151
"2019-06-23 07:40:57",151
"2019-06-23 08:40:58",151
"2019-06-23 09:40:58",151
"2019-06-23 10:40:58",151
"2019-06-23 11:40:59",151
"2019-06-23 12:40:57",151
"2019-06-23 13:40:59",151
"2019-06-23 14:40:57",151
"2019-06-23 15:40:57",151
"2019-06-23 16:40:59",151
"2019-06-23 17:40:59",151
"2019-06-23 18:40:56",151
"2019-06-23 19:40:57",151
"2019-06-23 20:40:59",151
"2019-06-23 21:40:58",151
"2019-06-23 22:40:58",151
"2019-06-23 23:40:58",151
"2019-06-24 00:40:59",151
"2019-06-24 01:40:58",151
"2019-06-24 02:40:58",151
"2019-06-24 03:41:00",151
"2019-06-24 04:40:58",151
"2019-06-24 05:41:00",151
"2019-06-24 06:41:01",151
"2019-06-24 07:40:58",151
"2019-06-24 08:40:57",151
"2019-06-24 09:41:00",151
"2019-06-24 10:40:57",151
"2019-06-24 11:41:02",151
"2019-06-24 12:41:00",151
"2019-06-24 13:40:58",151
"2019-06-24 14:40:59",151
"2019-06-24 15:40:58",150
"2019-06-24 16:41:02",150
"2019-06-24 17:41:00",150
"2019-06-24 18:40:59",150
"2019-06-24 19:41:00",150
"2019-06-24 20:40:58",150
"2019-06-24 21:41:00",150
"2019-06-24 22:40:58",150
"2019-06-24 23:40:58",150
"2019-06-25 00:40:58",150
"2019-06-25 01:40:58",150
"2019-06-25 02:40:59",150
"2019-06-25 03:40:59",150
"2019-06-25 04:40:58",150
"2019-06-25 05:40:58",150
"2019-06-25 06:40:58",150
"2019-06-25 07:40:59",150
"2019-06-25 08:40:58",150
"2019-06-25 09:41:01",150
"2019-06-25 10:40:58",150
"2019-06-25 11:40:57",150
"2019-06-25 13:04:31",150
"2019-06-25 13:40:59",150
"2019-06-25 14:40:58",150
"2019-06-25 15:40:58",150
"2019-06-25 16:40:59",150
"2019-06-25 17:41:00",150
"2019-06-25 18:41:01",149
"2019-06-25 19:40:57",149
"2019-06-25 20:40:58",148
"2019-06-25 21:40:57",148
"2019-06-25 22:40:56",148
"2019-06-25 23:41:01",148
"2019-06-26 00:40:58",148
"2019-06-26 01:40:58",148
"2019-06-26 02:40:58",148
"2019-06-26 03:41:07",148
"2019-06-26 04:40:59",148
"2019-06-26 05:40:59",148
"2019-06-26 06:40:58",148
"2019-06-26 07:40:59",148
"2019-06-26 08:40:57",148
"2019-06-26 09:40:56",148
"2019-06-26 10:40:57",148
"2019-06-26 11:40:57",148
"2019-06-26 13:03:30",148
"2019-06-26 13:40:59",148
"2019-06-26 14:40:58",148
"2019-06-26 15:40:58",148
"2019-06-26 16:40:59",147
"2019-06-26 17:40:57",147
"2019-06-26 18:40:58",147
"2019-06-26 19:40:58",147
"2019-06-26 20:40:56",147
"2019-06-26 21:40:58",147
"2019-06-26 22:40:58",147
"2019-06-26 23:40:57",147
"2019-06-27 00:40:58",147
"2019-06-27 01:40:57",147
"2019-06-27 02:40:58",147
"2019-06-27 03:40:56",147
"2019-06-27 04:40:58",147
"2019-06-27 05:40:58",147
"2019-06-27 06:40:59",147
"2019-06-27 07:40:56",147
"2019-06-27 08:40:57",147
"2019-06-27 09:40:57",147
"2019-06-27 10:40:57",147
"2019-06-27 11:40:56",147
"2019-06-27 13:03:30",147
"2019-06-27 13:40:56",147
"2019-06-27 14:40:57",146
"2019-06-27 15:40:59",146
"2019-06-27 16:40:57",146
"2019-06-27 17:40:57",147
"2019-06-27 18:40:57",147
"2019-06-27 19:40:56",147
"2019-06-27 20:40:58",147
"2019-06-27 21:41:00",147
"2019-06-27 22:40:56",147
"2019-06-27 23:41:13",147
"2019-06-28 00:40:57",147
"2019-06-28 01:40:57",147
"2019-06-28 02:40:57",147
"2019-06-28 03:40:59",147
"2019-06-28 04:41:01",147
"2019-06-28 05:40:58",147
"2019-06-28 06:40:56",147
"2019-06-28 07:40:56",147
"2019-06-28 08:40:56",147
"2019-06-28 09:40:56",147
"2019-06-28 10:40:56",147
"2019-06-28 11:40:57",147
"2019-06-28 13:04:31",147
"2019-06-28 13:40:57",147
"2019-06-28 14:40:57",148
"2019-06-28 15:40:59",148
"2019-06-28 16:40:58",148
"2019-06-28 17:40:58",148
"2019-06-28 18:40:57",148
"2019-06-28 19:40:57",148
"2019-06-28 20:40:58",148
"2019-06-28 21:40:59",148
"2019-06-28 22:40:58",148
"2019-06-28 23:40:57",148
"2019-06-29 00:40:58",148
"2019-06-29 01:41:01",148
"2019-06-29 02:40:58",148
"2019-06-29 03:40:58",148
"2019-06-29 04:40:58",148
"2019-06-29 05:40:58",148
"2019-06-29 06:40:57",148
"2019-06-29 07:40:58",148
"2019-06-29 08:40:58",148
"2019-06-29 09:40:58",148
"2019-06-29 10:40:58",148
"2019-06-29 11:41:02",148
"2019-06-29 12:41:00",148
"2019-06-29 13:40:58",148
"2019-06-29 14:41:00",148
"2019-06-29 15:40:59",148
"2019-06-29 16:41:01",148
"2019-06-29 17:40:58",148
"2019-06-29 18:40:58",148
"2019-06-29 19:40:59",148
"2019-06-29 20:40:59",148
"2019-06-29 21:40:59",148
"2019-06-29 22:40:57",148
"2019-06-29 23:40:59",148
"2019-06-30 00:40:58",148
"2019-06-30 01:41:02",148
"2019-06-30 02:40:59",148
"2019-06-30 03:40:59",148
"2019-06-30 04:41:00",148
"2019-06-30 05:40:58",148
"2019-06-30 06:40:59",148
"2019-06-30 07:40:59",148
"2019-06-30 08:40:58",148
"2019-06-30 09:40:59",148
"2019-06-30 10:40:58",148
"2019-06-30 11:40:58",148
"2019-06-30 12:40:59",148
"2019-06-30 13:40:59",148
"2019-06-30 14:40:57",148
"2019-06-30 15:40:59",148
"2019-06-30 16:40:58",148
"2019-06-30 17:40:58",148
"2019-06-30 18:40:59",148
"2019-06-30 19:40:59",148
"2019-06-30 20:40:59",148
"2019-06-30 21:40:58",148
"2019-06-30 22:40:58",148
"2019-06-30 23:40:58",148
"2019-07-01 00:41:00",148
"2019-07-01 01:40:58",148
"2019-07-01 02:41:00",148
"2019-07-01 03:40:59",148
"2019-07-01 04:40:58",148
"2019-07-01 05:41:03",148
"2019-07-01 06:40:59",148
"2019-07-01 07:41:00",148
"2019-07-01 08:41:06",148
"2019-07-01 09:40:59",148
"2019-07-01 10:40:58",148
"2019-07-01 11:40:59",148
"2019-07-01 13:04:32",148
"2019-07-01 13:41:02",148
"2019-07-01 14:41:13",150
"2019-07-01 15:41:01",150
"2019-07-01 16:41:01",150
"2019-07-01 17:41:00",150
"2019-07-01 18:41:00",150
"2019-07-01 19:41:02",150
"2019-07-01 20:41:00",150
"2019-07-01 21:41:00",150
"2019-07-01 22:41:02",150
"2019-07-01 23:41:00",150
"2019-07-02 00:41:02",150
"2019-07-02 01:40:59",150
"2019-07-02 02:41:07",150
"2019-07-02 03:41:07",150
"2019-07-02 04:41:00",150
"2019-07-02 05:41:13",150
"2019-07-02 06:41:00",150
"2019-07-02 07:41:02",150
"2019-07-02 08:41:00",150
"2019-07-02 09:40:59",150
"2019-07-02 10:41:00",150
"2019-07-02 11:41:00",150
"2019-07-02 12:41:03",150
"2019-07-02 13:40:59",150
"2019-07-02 14:41:02",150
"2019-07-02 15:41:00",149
"2019-07-02 16:40:59",150
"2019-07-02 17:41:01",150
"2019-07-02 18:41:00",150
"2019-07-02 19:41:01",151
"2019-07-02 20:41:00",151
"2019-07-02 21:41:00",151
"2019-07-02 22:41:02",151
"2019-07-03 00:41:00",151
"2019-07-03 01:40:59",151
"2019-07-03 02:41:01",151
"2019-07-03 03:41:01",151
"2019-07-03 04:41:00",151
"2019-07-03 05:41:00",151
"2019-07-03 06:41:01",151
"2019-07-03 07:41:00",151
"2019-07-03 08:41:10",151
"2019-07-03 09:41:00",151
"2019-07-03 10:41:02",151
"2019-07-03 11:41:00",151
"2019-07-03 13:05:33",151
"2019-07-03 13:41:00",151
"2019-07-03 14:41:03",151
"2019-07-03 15:41:00",152
"2019-07-03 16:41:08",152
"2019-07-03 17:41:01",152
"2019-07-03 18:41:01",152
"2019-07-03 19:41:00",152
"2019-07-03 20:41:00",152
"2019-07-03 21:41:00",152
"2019-07-03 22:40:59",152
"2019-07-03 23:41:01",152
"2019-07-04 00:41:01",152
"2019-07-04 01:40:59",152
"2019-07-04 02:41:03",152
"2019-07-04 03:41:00",152
"2019-07-04 04:40:59",152
"2019-07-04 05:41:01",152
"2019-07-04 06:41:00",152
"2019-07-04 07:40:59",152
"2019-07-04 08:40:59",152
"2019-07-04 09:41:00",152
"2019-07-04 10:41:00",152
"2019-07-04 11:41:00",152
"2019-07-04 12:41:02",152
"2019-07-04 13:41:02",152
"2019-07-04 14:41:02",152
"2019-07-04 15:41:00",152
"2019-07-04 16:40:59",152
"2019-07-04 17:40:59",152
"2019-07-04 18:40:59",152
"2019-07-04 19:40:59",152
"2019-07-04 20:41:00",152
"2019-07-04 21:41:00",152
"2019-07-04 22:41:00",152
"2019-07-04 23:40:59",152
"2019-07-05 00:41:01",152
"2019-07-05 01:40:59",152
"2019-07-05 02:41:00",152
"2019-07-05 03:41:00",152
"2019-07-05 04:40:59",152
"2019-07-05 05:41:01",152
"2019-07-05 06:41:02",152
"2019-07-05 07:41:00",152
"2019-07-05 08:41:00",152
"2019-07-05 09:41:00",152
"2019-07-05 10:41:01",152
"2019-07-05 11:41:05",152
"2019-07-05 12:40:59",152
"2019-07-05 13:41:05",152
"2019-07-05 14:41:00",154
"2019-07-05 15:41:00",155
"2019-07-05 16:41:03",156
"2019-07-05 17:41:00",156
"2019-07-05 18:41:00",155
"2019-07-05 19:40:59",154
"2019-07-05 20:41:01",154
"2019-07-05 21:41:01",154
"2019-07-05 22:41:03",154
"2019-07-05 23:40:59",154
"2019-07-06 00:41:01",154
"2019-07-06 01:41:01",154
"2019-07-06 02:41:03",154
"2019-07-06 03:41:00",154
"2019-07-06 04:41:00",154
"2019-07-06 05:41:02",154
"2019-07-06 06:41:01",154
"2019-07-06 07:40:59",154
"2019-07-06 08:41:00",154
"2019-07-06 09:40:59",154
"2019-07-06 10:41:00",154
"2019-07-06 11:41:10",154
"2019-07-06 12:41:01",154
"2019-07-06 13:40:59",154
"2019-07-06 14:40:59",154
"2019-07-06 15:40:58",154
"2019-07-06 16:41:02",154
"2019-07-06 17:41:02",154
"2019-07-06 18:41:00",154
"2019-07-06 19:41:01",154
"2019-07-06 20:40:59",154
"2019-07-06 21:41:00",154
"2019-07-06 22:41:00",154
"2019-07-06 23:41:00",154
"2019-07-07 00:41:00",154
"2019-07-07 01:40:59",154
"2019-07-07 02:41:02",154
"2019-07-07 03:41:00",154
"2019-07-07 04:41:01",154
"2019-07-07 05:41:03",154
"2019-07-07 06:40:59",154
"2019-07-07 07:41:00",154
"2019-07-07 08:41:01",154
"2019-07-07 09:41:00",154
"2019-07-07 10:41:02",154
"2019-07-07 11:40:58",154
"2019-07-07 12:40:59",154
"2019-07-07 13:40:58",154
"2019-07-07 14:40:59",154
"2019-07-07 15:41:00",154
"2019-07-07 16:41:00",154
"2019-07-07 17:40:59",154
"2019-07-07 18:41:00",154
"2019-07-07 19:40:59",154
"2019-07-07 20:40:59",154
"2019-07-07 21:40:59",154
"2019-07-07 22:41:01",154
"2019-07-07 23:40:59",154
"2019-07-08 00:40:59",154
"2019-07-08 01:41:02",154
"2019-07-08 02:40:59",154
"2019-07-08 03:41:00",154
"2019-07-08 04:41:00",154
"2019-07-08 05:40:59",154
"2019-07-08 06:41:00",154
"2019-07-08 07:41:03",154
"2019-07-08 08:41:01",154
"2019-07-08 09:41:05",154
"2019-07-08 10:41:06",154
"2019-07-08 11:41:08",154
"2019-07-08 12:40:59",154
"2019-07-08 13:40:59",154
"2019-07-08 14:40:59",155
"2019-07-08 15:40:59",155
"2019-07-08 16:41:00",155
"2019-07-08 17:40:58",155
"2019-07-08 18:41:00",155
"2019-07-08 19:40:59",155
"2019-07-08 20:40:59",154
"2019-07-08 21:41:00",154
"2019-07-08 22:41:00",154
"2019-07-08 23:40:59",154
"2019-07-09 00:40:59",154
"2019-07-09 01:40:59",154
"2019-07-09 02:41:05",154
"2019-07-09 03:41:00",154
"2019-07-09 04:41:00",154
"2019-07-09 05:41:04",154
"2019-07-09 06:41:00",154
"2019-07-09 07:41:02",154
"2019-07-09 08:40:59",154
"2019-07-09 09:40:59",154
"2019-07-09 10:40:59",154
"2019-07-09 11:40:59",154
"2019-07-09 13:04:02",154
"2019-07-09 13:40:59",154
"2019-07-09 14:40:59",156
"2019-07-09 15:41:00",157
"2019-07-09 16:40:59",157
"2019-07-09 17:40:59",157
"2019-07-09 18:40:59",157
"2019-07-09 19:40:59",157
"2019-07-09 20:40:59",157
"2019-07-09 21:40:59",157
"2019-07-09 22:40:58",157
"2019-07-09 23:41:00",157
"2019-07-10 00:40:59",157
"2019-07-10 01:41:01",157
"2019-07-10 02:40:59",157
"2019-07-10 03:40:59",157
"2019-07-10 04:40:59",157
"2019-07-10 05:41:01",157
"2019-07-10 06:41:01",157
"2019-07-10 07:40:58",157
"2019-07-10 08:40:58",157
"2019-07-10 09:40:58",157
"2019-07-10 10:40:59",157
"2019-07-10 11:41:00",157
"2019-07-10 12:41:02",157
"2019-07-10 13:41:00",157
"2019-07-10 14:40:59",158
"2019-07-10 15:41:01",158
"2019-07-10 16:41:01",158
"2019-07-10 17:40:59",159
"2019-07-10 18:40:59",159
"2019-07-10 19:40:59",159
"2019-07-10 20:40:59",159
"2019-07-10 21:40:59",159
"2019-07-10 22:41:01",159
"2019-07-10 23:40:58",159
"2019-07-11 00:40:59",159
"2019-07-11 01:40:59",159
"2019-07-11 02:41:03",159
"2019-07-11 03:41:01",159
"2019-07-11 04:41:02",159
"2019-07-11 05:41:01",159
"2019-07-11 06:41:00",159
"2019-07-11 07:41:00",159
"2019-07-11 08:41:01",159
"2019-07-11 09:40:59",159
"2019-07-11 10:40:59",159
"2019-07-11 11:40:59",159
"2019-07-11 12:40:59",159
"2019-07-11 13:40:58",159
"2019-07-11 14:40:59",158
"2019-07-11 15:40:59",158
"2019-07-11 16:40:59",157
"2019-07-11 17:40:59",156
"2019-07-11 18:41:00",156
"2019-07-11 19:40:59",156
"2019-07-11 20:40:59",156
"2019-07-11 21:41:04",156
"2019-07-11 22:40:58",156
"2019-07-11 23:41:00",156
"2019-07-12 00:40:58",156
"2019-07-12 01:40:59",156
"2019-07-12 02:40:59",156
"2019-07-12 03:40:58",156
"2019-07-12 04:40:58",156
"2019-07-12 05:41:01",156
"2019-07-12 06:41:01",156
"2019-07-12 07:40:59",156
"2019-07-12 08:40:59",156
"2019-07-12 09:41:01",156
"2019-07-12 10:41:00",156
"2019-07-12 11:40:58",156
"2019-07-12 13:04:32",156
"2019-07-12 13:41:00",156
"2019-07-12 14:40:59",155
"2019-07-12 15:41:11",154
"2019-07-12 16:41:00",153
"2019-07-12 17:41:02",153
"2019-07-12 18:40:59",153
"2019-07-12 19:40:58",153
"2019-07-12 20:40:58",153
"2019-07-12 21:40:59",153
"2019-07-12 22:41:06",153
"2019-07-12 23:41:00",153
"2019-07-13 00:40:59",153
"2019-07-13 01:41:00",153
"2019-07-13 02:41:00",153
"2019-07-13 03:40:58",153
"2019-07-13 04:40:59",153
"2019-07-13 05:40:59",153
"2019-07-13 06:40:59",153
"2019-07-13 07:40:59",153
"2019-07-13 08:40:57",153
"2019-07-13 09:41:00",153
"2019-07-13 10:40:59",153
"2019-07-13 11:41:01",153
"2019-07-13 12:41:00",153
"2019-07-13 13:40:59",153
"2019-07-13 14:40:59",153
"2019-07-13 15:41:00",153
"2019-07-13 16:41:09",153
"2019-07-13 17:41:01",153
"2019-07-13 18:41:02",153
"2019-07-13 19:41:01",153
"2019-07-13 20:41:03",153
"2019-07-13 21:41:00",153
"2019-07-13 22:40:59",153
"2019-07-13 23:41:00",153
"2019-07-14 00:40:59",153
"2019-07-14 01:41:06",153
"2019-07-14 02:40:59",153
"2019-07-14 03:41:00",153
"2019-07-14 04:40:59",153
"2019-07-14 05:41:00",153
"2019-07-14 06:41:01",153
"2019-07-14 07:40:59",153
"2019-07-14 08:41:00",153
"2019-07-14 09:40:58",153
"2019-07-14 10:40:59",153
"2019-07-14 11:41:00",153
"2019-07-14 12:40:59",153
"2019-07-14 13:41:00",153
"2019-07-14 14:40:59",153
"2019-07-14 15:41:00",153
"2019-07-14 16:41:03",153
"2019-07-14 17:40:59",153
"2019-07-14 18:40:59",153
"2019-07-14 19:40:59",153
"2019-07-14 20:41:05",153
"2019-07-14 21:40:58",153
"2019-07-14 22:40:58",153
"2019-07-14 23:40:59",153
"2019-07-15 00:40:59",153
"2019-07-15 01:40:58",153
"2019-07-15 02:40:59",153
"2019-07-15 03:40:59",153
"2019-07-15 04:40:59",153
"2019-07-15 05:41:00",153
"2019-07-15 06:41:03",153
"2019-07-15 07:41:00",153
"2019-07-15 08:40:58",153
"2019-07-15 09:40:59",153
"2019-07-15 10:40:58",153
"2019-07-15 11:40:58",153
"2019-07-15 13:05:02",153
"2019-07-15 13:41:00",153
"2019-07-15 14:40:59",153
"2019-07-15 15:40:59",153
"2019-07-15 16:41:07",153
"2019-07-15 17:41:00",153
"2019-07-15 18:40:58",153
"2019-07-15 19:40:59",153
"2019-07-15 20:41:00",153
"2019-07-15 21:41:00",153
"2019-07-15 22:41:03",153
"2019-07-15 23:40:59",153
"2019-07-16 00:40:59",153
"2019-07-16 01:40:59",153
"2019-07-16 02:41:04",153
"2019-07-16 03:40:59",153
"2019-07-16 04:40:58",153
"2019-07-16 05:41:02",153
"2019-07-16 06:41:01",153
"2019-07-16 07:40:58",153
"2019-07-16 08:41:00",153
"2019-07-16 09:40:59",153
"2019-07-16 10:40:59",153
"2019-07-16 11:40:59",153
"2019-07-16 13:05:03",153
"2019-07-16 13:41:01",153
"2019-07-16 14:41:00",153
"2019-07-16 15:41:06",154
"2019-07-16 16:41:01",153
"2019-07-16 17:41:02",153
"2019-07-16 18:41:01",153
"2019-07-16 19:41:00",153
"2019-07-16 20:41:07",153
"2019-07-16 21:41:01",153
"2019-07-16 22:41:01",153
"2019-07-16 23:41:01",153
"2019-07-17 00:41:00",153
"2019-07-17 01:41:00",153
"2019-07-17 02:41:02",153
"2019-07-17 03:41:00",153
"2019-07-17 04:41:01",153
"2019-07-17 05:41:12",153
"2019-07-17 06:41:03",153
"2019-07-17 07:41:04",153
"2019-07-17 08:41:01",153
"2019-07-17 09:41:00",153
"2019-07-17 10:41:01",153
"2019-07-17 11:41:00",153
"2019-07-17 13:04:34",153
"2019-07-17 13:41:01",153
"2019-07-17 14:41:02",155
"2019-07-17 15:41:05",155
"2019-07-17 16:41:03",154
"2019-07-17 17:41:00",154
"2019-07-17 18:41:00",154
"2019-07-17 19:40:59",154
"2019-07-17 20:41:00",154
"2019-07-17 21:40:59",154
"2019-07-17 22:41:00",154
"2019-07-17 23:41:00",154
"2019-07-18 00:40:59",154
"2019-07-18 01:41:01",154
"2019-07-18 02:41:00",154
"2019-07-18 03:41:01",154
"2019-07-18 04:41:00",154
"2019-07-18 05:41:02",154
"2019-07-18 06:41:03",154
"2019-07-18 07:40:59",154
"2019-07-18 08:41:03",154
"2019-07-18 09:41:00",154
"2019-07-18 10:41:00",154
"2019-07-18 11:40:59",154
"2019-07-18 13:05:05",154
"2019-07-18 13:41:00",154
"2019-07-18 14:41:00",155
"2019-07-18 15:40:59",154
"2019-07-18 16:41:04",153
"2019-07-18 17:41:00",153
"2019-07-18 18:41:01",153
"2019-07-18 19:41:02",153
"2019-07-18 20:41:01",153
"2019-07-18 21:41:01",153
"2019-07-18 22:41:01",153
"2019-07-18 23:41:02",153
"2019-07-19 00:41:00",153
"2019-07-19 01:41:00",153
"2019-07-19 02:41:01",153
"2019-07-19 03:41:01",153
"2019-07-19 04:41:01",153
"2019-07-19 05:41:14",153
"2019-07-19 06:41:01",153
"2019-07-19 07:41:02",153
"2019-07-19 08:41:01",153
"2019-07-19 09:41:00",153
"2019-07-19 10:41:00",153
"2019-07-19 11:41:00",153
"2019-07-19 13:04:33",153
"2019-07-19 13:41:00",153
"2019-07-19 14:40:59",152
"2019-07-19 15:41:01",152
"2019-07-19 16:41:00",152
"2019-07-19 17:41:01",152
"2019-07-19 18:41:01",152
"2019-07-19 19:41:00",152
"2019-07-19 20:41:01",152
"2019-07-19 21:40:59",152
"2019-07-19 22:41:01",152
"2019-07-19 23:41:00",152
"2019-07-20 00:41:00",152
"2019-07-20 01:41:06",152
"2019-07-20 02:41:06",152
"2019-07-20 03:41:00",152
"2019-07-20 04:41:09",152
"2019-07-20 05:41:04",152
"2019-07-20 06:41:01",152
"2019-07-20 07:41:00",152
"2019-07-20 08:41:00",152
"2019-07-20 09:40:59",152
"2019-07-20 10:40:59",152
"2019-07-20 11:41:00",152
"2019-07-20 12:41:00",152
"2019-07-20 13:41:00",152
"2019-07-20 14:40:59",152
"2019-07-20 15:40:59",152
"2019-07-20 16:41:01",152
"2019-07-20 17:41:00",152
"2019-07-20 18:41:00",152
"2019-07-20 19:41:01",152
"2019-07-20 20:40:59",152
"2019-07-20 21:41:00",152
"2019-07-20 22:40:58",152
"2019-07-20 23:41:00",152
"2019-07-21 00:41:01",152
"2019-07-21 01:41:00",152
"2019-07-21 02:41:00",152
"2019-07-21 03:41:00",152
"2019-07-21 04:41:00",152
"2019-07-21 05:41:06",152
"2019-07-21 06:41:06",152
"2019-07-21 07:40:59",152
"2019-07-21 08:41:00",152
"2019-07-21 09:41:01",152
"2019-07-21 10:41:07",152
"2019-07-21 11:41:00",152
"2019-07-21 12:41:00",152
"2019-07-21 13:41:01",152
"2019-07-21 14:41:00",152
"2019-07-21 15:41:00",152
"2019-07-21 16:41:00",152
"2019-07-21 17:41:00",152
"2019-07-21 18:41:00",152
"2019-07-21 19:41:00",152
"2019-07-21 20:41:01",152
"2019-07-21 21:41:01",152
"2019-07-21 22:40:59",152
"2019-07-21 23:41:00",152
"2019-07-22 00:40:59",152
"2019-07-22 01:41:00",152
"2019-07-22 02:41:00",152
"2019-07-22 03:41:00",152
"2019-07-22 04:41:00",152
"2019-07-22 05:41:03",152
"2019-07-22 06:41:05",152
"2019-07-22 07:40:59",152
"2019-07-22 08:41:00",152
"2019-07-22 09:41:00",152
"2019-07-22 10:40:59",152
"2019-07-22 11:41:02",152
"2019-07-22 12:41:03",152
"2019-07-22 13:41:01",152
"2019-07-22 14:41:02",152
"2019-07-22 15:41:01",152
"2019-07-22 16:41:03",153
"2019-07-22 17:41:01",153
"2019-07-22 18:41:05",153
"2019-07-22 19:41:02",153
"2019-07-22 20:41:03",153
"2019-07-22 21:41:04",153
"2019-07-22 22:41:01",153
"2019-07-22 23:41:01",153
"2019-07-23 00:41:01",153
"2019-07-23 01:41:00",153
"2019-07-23 02:41:03",153
"2019-07-23 03:41:02",153
"2019-07-23 04:41:02",153
"2019-07-23 05:41:04",153
"2019-07-23 06:41:05",153
"2019-07-23 07:41:01",153
"2019-07-23 08:41:00",153
"2019-07-23 09:41:02",153
"2019-07-23 10:41:02",153
"2019-07-23 11:41:02",153
"2019-07-23 13:04:05",153
"2019-07-23 13:41:01",153
"2019-07-23 14:41:02",153
"2019-07-23 15:41:07",154
"2019-07-23 16:41:02",154
"2019-07-23 17:41:01",154
"2019-07-23 18:41:02",155
"2019-07-23 19:41:01",155
"2019-07-23 20:41:01",155
"2019-07-23 21:41:02",155
"2019-07-23 22:41:03",155
"2019-07-23 23:41:02",155
"2019-07-24 00:41:02",155
"2019-07-24 01:41:02",155
"2019-07-24 02:41:06",155
"2019-07-24 03:41:02",155
"2019-07-24 04:41:01",155
"2019-07-24 05:41:02",155
"2019-07-24 06:41:00",155
"2019-07-24 07:41:01",155
"2019-07-24 08:41:01",155
"2019-07-24 09:41:02",155
"2019-07-24 10:41:02",155
"2019-07-24 11:41:01",155
"2019-07-24 13:03:35",155
"2019-07-24 13:41:02",155
"2019-07-24 14:41:01",156
"2019-07-24 15:41:02",156
"2019-07-24 16:41:02",156
"2019-07-24 17:41:00",156
"2019-07-24 18:41:02",156
"2019-07-24 19:41:01",156
"2019-07-24 20:41:01",157
"2019-07-24 21:41:01",157
"2019-07-24 22:41:01",157
"2019-07-24 23:41:01",157
"2019-07-25 00:41:01",157
"2019-07-25 01:41:05",157
"2019-07-25 02:41:10",157
"2019-07-25 03:41:01",157
"2019-07-25 04:41:01",157
"2019-07-25 05:41:06",157
"2019-07-25 06:41:03",157
"2019-07-25 07:41:01",157
"2019-07-25 08:41:02",157
"2019-07-25 09:41:01",157
"2019-07-25 10:41:09",157
"2019-07-25 11:41:01",157
"2019-07-25 13:04:06",157
"2019-07-25 13:41:03",157
"2019-07-25 14:41:02",157
"2019-07-25 15:41:01",157
"2019-07-25 16:41:04",156
"2019-07-25 17:41:02",156
"2019-07-25 18:41:09",156
"2019-07-25 19:41:05",156
"2019-07-25 20:41:04",156
"2019-07-25 21:41:04",156
"2019-07-25 22:41:01",156
"2019-07-25 23:41:02",156
"2019-07-26 00:41:11",156
"2019-07-26 01:41:02",156
"2019-07-26 02:41:03",156
"2019-07-26 03:41:02",156
"2019-07-26 04:41:06",156
"2019-07-26 05:41:06",156
"2019-07-26 06:41:13",156
"2019-07-26 07:41:08",156
"2019-07-26 08:41:01",156
"2019-07-26 09:41:01",156
"2019-07-26 10:41:02",156
"2019-07-26 11:41:05",156
"2019-07-26 13:06:06",156
"2019-07-26 13:41:03",156
"2019-07-26 14:41:04",157
"2019-07-26 15:41:03",157
"2019-07-26 16:41:04",157
"2019-07-26 17:41:05",157
"2019-07-26 18:41:03",157
"2019-07-26 19:41:02",157
"2019-07-26 20:41:02",157
"2019-07-26 21:41:02",157
"2019-07-26 22:41:02",157
"2019-07-26 23:41:01",157
"2019-07-27 00:41:02",157
"2019-07-27 01:41:03",157
"2019-07-27 02:41:04",157
"2019-07-27 03:41:03",157
"2019-07-27 04:41:02",157
"2019-07-27 05:41:02",157
"2019-07-27 06:41:02",157
"2019-07-27 07:41:02",157
"2019-07-27 08:41:02",157
"2019-07-27 09:41:02",157
"2019-07-27 10:41:03",157
"2019-07-27 11:41:02",157
"2019-07-27 12:41:02",157
"2019-07-27 13:41:01",157
"2019-07-27 14:41:03",157
"2019-07-27 15:41:04",157
"2019-07-27 16:41:08",157
"2019-07-27 17:41:06",157
"2019-07-27 18:41:03",157
"2019-07-27 19:41:03",157
"2019-07-27 20:41:04",157
"2019-07-27 21:41:04",157
"2019-07-27 22:41:02",157
"2019-07-27 23:41:02",157
"2019-07-28 00:41:02",157
"2019-07-28 01:41:01",157
"2019-07-28 02:41:01",157
"2019-07-28 03:41:01",157
"2019-07-28 04:41:02",157
"2019-07-28 05:41:01",157
"2019-07-28 06:41:01",157
"2019-07-28 07:41:01",157
"2019-07-28 08:41:01",157
"2019-07-28 09:41:01",157
"2019-07-28 10:41:01",157
"2019-07-28 11:41:01",157
"2019-07-28 12:41:02",157
"2019-07-28 13:41:02",157
"2019-07-28 14:41:02",157
"2019-07-28 15:41:01",157
"2019-07-28 16:41:03",157
"2019-07-28 17:41:02",157
"2019-07-28 18:41:02",157
"2019-07-28 19:41:01",157
"2019-07-28 20:41:01",157
"2019-07-28 21:41:01",157
"2019-07-28 22:41:02",157
"2019-07-28 23:41:02",157
"2019-07-29 00:41:02",157
"2019-07-29 01:41:02",157
"2019-07-29 02:41:02",157
"2019-07-29 03:41:02",157
"2019-07-29 04:41:02",157
"2019-07-29 05:41:05",157
"2019-07-29 06:41:07",157
"2019-07-29 07:41:03",157
"2019-07-29 08:41:02",157
"2019-07-29 09:41:02",157
"2019-07-29 10:41:03",157
"2019-07-29 11:41:01",157
"2019-07-29 13:05:05",157
"2019-07-29 13:41:03",157
"2019-07-29 14:41:02",158
"2019-07-29 15:41:02",157
"2019-07-29 16:41:03",157
"2019-07-29 17:41:02",157
"2019-07-29 18:41:03",157
"2019-07-29 19:41:01",157
"2019-07-29 20:41:02",157
"2019-07-29 21:41:01",157
"2019-07-29 22:41:02",157
"2019-07-29 23:41:02",157
"2019-07-30 00:41:02",157
"2019-07-30 01:41:02",157
"2019-07-30 02:41:02",157
"2019-07-30 03:41:01",157
"2019-07-30 04:41:01",157
"2019-07-30 05:41:01",157
"2019-07-30 06:41:02",157
"2019-07-30 07:41:07",157
"2019-07-30 08:41:02",157
"2019-07-30 09:41:02",157
"2019-07-30 10:41:01",157
"2019-07-30 11:41:04",157
"2019-07-30 12:41:02",157
"2019-07-30 13:41:02",157
"2019-07-30 14:41:03",157
"2019-07-30 15:41:03",157
"2019-07-30 16:41:03",156
"2019-07-30 17:41:05",156
"2019-07-30 18:41:05",156
"2019-07-30 19:41:04",156
"2019-07-30 20:41:03",156
"2019-07-30 21:41:03",156
"2019-07-30 22:41:04",156
"2019-07-30 23:41:03",156
"2019-07-31 00:41:03",156
"2019-07-31 01:41:03",156
"2019-07-31 02:41:02",156
"2019-07-31 03:41:03",156
"2019-07-31 04:41:03",156
"2019-07-31 05:41:07",156
"2019-07-31 06:41:04",156
"2019-07-31 07:41:02",156
"2019-07-31 08:41:03",156
"2019-07-31 09:41:03",156
"2019-07-31 10:41:02",156
"2019-07-31 11:41:01",156
"2019-07-31 13:05:08",156
"2019-07-31 13:41:03",156
"2019-07-31 14:41:03",156
"2019-07-31 15:41:02",156
"2019-07-31 16:41:06",156
"2019-07-31 17:41:03",156
"2019-07-31 18:41:02",155
"2019-07-31 19:41:02",155
"2019-07-31 20:41:03",156
"2019-07-31 21:41:04",156
"2019-07-31 22:41:02",156
"2019-07-31 23:41:03",156
"2019-08-01 00:41:02",156
"2019-08-01 01:41:11",156
"2019-08-01 02:41:05",156
"2019-08-01 03:41:03",156
"2019-08-01 04:41:02",156
"2019-08-01 05:41:05",156
"2019-08-01 06:41:04",156
"2019-08-01 07:41:05",156
"2019-08-01 08:41:02",156
"2019-08-01 09:41:03",156
"2019-08-01 10:41:02",156
"2019-08-01 11:41:01",156
"2019-08-01 13:03:35",156
"2019-08-01 13:41:04",156
"2019-08-01 14:41:03",156
"2019-08-01 15:41:08",155
"2019-08-01 16:41:08",155
"2019-08-01 17:41:05",155
"2019-08-01 18:41:02",155
"2019-08-01 19:41:02",155
"2019-08-01 20:41:02",156
"2019-08-01 21:41:03",156
"2019-08-01 22:41:01",156
"2019-08-01 23:41:04",156
"2019-08-02 00:41:02",156
"2019-08-02 01:41:02",156
"2019-08-02 02:41:02",156
"2019-08-02 03:41:02",156
"2019-08-02 04:41:03",156
"2019-08-02 05:41:05",156
"2019-08-02 06:41:02",156
"2019-08-02 07:41:01",156
"2019-08-02 08:41:02",156
"2019-08-02 09:41:03",156
"2019-08-02 10:41:08",156
"2019-08-02 11:41:02",156
"2019-08-02 13:05:06",156
"2019-08-02 13:41:05",156
"2019-08-02 14:41:05",156
"2019-08-02 15:41:04",156
"2019-08-02 16:41:03",156
"2019-08-02 17:41:02",156
"2019-08-02 18:41:04",156
"2019-08-02 19:41:04",157
"2019-08-02 20:41:04",157
"2019-08-02 21:41:03",157
"2019-08-02 22:41:03",157
"2019-08-02 23:41:04",157
"2019-08-03 00:41:04",157
"2019-08-03 01:41:03",157
"2019-08-03 02:41:04",157
"2019-08-03 03:41:04",157
"2019-08-03 04:41:02",157
"2019-08-03 05:41:07",157
"2019-08-03 06:41:04",157
"2019-08-03 07:41:02",157
"2019-08-03 08:41:04",157
"2019-08-03 09:41:03",157
"2019-08-03 10:41:03",157
"2019-08-03 11:41:03",157
"2019-08-03 12:41:04",157
"2019-08-03 13:41:04",157
"2019-08-03 14:41:03",157
"2019-08-03 15:41:02",157
"2019-08-03 16:41:03",157
"2019-08-03 17:41:04",157
"2019-08-03 18:41:04",157
"2019-08-03 19:41:03",157
"2019-08-03 20:41:02",157
"2019-08-03 21:41:02",157
"2019-08-03 22:41:03",157
"2019-08-03 23:41:03",157
"2019-08-04 00:41:03",157
"2019-08-04 01:41:02",157
"2019-08-04 02:41:08",157
"2019-08-04 03:41:03",157
"2019-08-04 04:41:03",157
"2019-08-04 05:41:06",157
"2019-08-04 06:41:03",157
"2019-08-04 07:41:03",157
"2019-08-04 08:41:04",157
"2019-08-04 09:41:03",157
"2019-08-04 10:41:03",157
"2019-08-04 11:41:01",157
"2019-08-04 12:41:03",157
"2019-08-04 13:41:03",157
"2019-08-04 14:41:02",157
"2019-08-04 15:41:03",157
"2019-08-04 16:41:03",157
"2019-08-04 17:41:03",157
"2019-08-04 18:41:04",157
"2019-08-04 19:41:03",157
"2019-08-04 20:41:03",157
"2019-08-04 21:41:04",157
"2019-08-04 22:41:04",157
"2019-08-04 23:41:03",157
"2019-08-05 00:41:03",157
"2019-08-05 01:41:03",157
"2019-08-05 02:41:05",157
"2019-08-05 03:41:04",157
"2019-08-05 04:41:04",157
"2019-08-05 05:41:04",157
"2019-08-05 06:41:03",157
"2019-08-05 07:41:06",157
"2019-08-05 08:41:04",157
"2019-08-05 09:41:04",157
"2019-08-05 10:41:03",157
"2019-08-05 11:41:03",157
"2019-08-05 13:05:38",157
"2019-08-05 13:41:04",157
"2019-08-05 14:41:04",157
"2019-08-05 15:41:03",157
"2019-08-05 16:41:04",158
"2019-08-05 17:41:04",158
"2019-08-05 18:41:05",158
"2019-08-05 19:41:04",159
"2019-08-05 20:41:03",159
"2019-08-05 21:41:03",159
"2019-08-05 22:41:04",159
"2019-08-05 23:41:05",159
"2019-08-06 00:41:12",159
"2019-08-06 01:41:05",159
"2019-08-06 02:41:04",159
"2019-08-06 03:41:03",159
"2019-08-06 04:41:04",159
"2019-08-06 05:41:05",159
"2019-08-06 06:41:03",159
"2019-08-06 07:41:03",159
"2019-08-06 08:41:03",159
"2019-08-06 09:41:08",159
"2019-08-06 10:41:02",159
"2019-08-06 11:41:02",159
"2019-08-06 12:41:03",159
"2019-08-06 13:41:04",159
"2019-08-06 14:41:03",159
"2019-08-06 15:41:04",159
"2019-08-06 16:41:05",159
"2019-08-06 17:41:03",159
"2019-08-06 18:41:03",159
"2019-08-06 19:41:03",159
"2019-08-06 20:41:04",159
"2019-08-06 21:41:03",159
"2019-08-06 22:41:02",159
"2019-08-06 23:41:04",159
"2019-08-07 00:41:04",159
"2019-08-07 01:41:04",159
"2019-08-07 02:41:05",159
"2019-08-07 03:41:04",159
"2019-08-07 04:41:03",159
"2019-08-07 05:41:04",159
"2019-08-07 06:41:07",159
"2019-08-07 07:41:02",159
"2019-08-07 08:41:04",159
"2019-08-07 09:41:03",159
"2019-08-07 10:41:10",159
"2019-08-07 11:41:03",159
"2019-08-07 12:41:04",159
"2019-08-07 13:41:05",159
"2019-08-07 14:41:04",159
"2019-08-07 15:41:04",159
"2019-08-07 16:41:04",159
"2019-08-07 17:41:04",159
"2019-08-07 18:41:04",159
"2019-08-07 19:41:03",159
"2019-08-07 20:41:03",159
"2019-08-07 21:41:03",159
"2019-08-07 22:41:03",159
"2019-08-07 23:41:03",159
"2019-08-08 00:41:04",159
"2019-08-08 01:41:04",159
"2019-08-08 02:41:09",159
"2019-08-08 03:41:03",159
"2019-08-08 04:41:03",159
"2019-08-08 05:41:03",159
"2019-08-08 06:41:06",159
"2019-08-08 07:41:03",159
"2019-08-08 08:41:03",159
"2019-08-08 09:41:03",159
"2019-08-08 10:41:05",159
"2019-08-08 11:41:03",159
"2019-08-08 12:41:05",159
"2019-08-08 13:41:04",159
"2019-08-08 14:41:04",159
"2019-08-08 15:41:03",159
"2019-08-08 16:41:05",160
"2019-08-08 17:41:04",160
"2019-08-08 18:41:04",160
"2019-08-08 19:41:04",160
"2019-08-08 20:41:04",160
"2019-08-08 21:41:04",160
"2019-08-08 22:41:04",160
"2019-08-08 23:41:04",160
"2019-08-09 00:41:05",160
"2019-08-09 01:41:05",160
"2019-08-09 02:41:05",160
"2019-08-09 03:41:04",160
"2019-08-09 04:41:06",160
"2019-08-09 05:41:07",160
"2019-08-09 06:41:05",160
"2019-08-09 07:41:06",160
"2019-08-09 08:41:06",160
"2019-08-09 09:41:10",160
"2019-08-09 10:41:05",160
"2019-08-09 11:41:04",160
"2019-08-09 13:05:09",160
"2019-08-09 13:41:05",160
"2019-08-09 14:41:08",160
"2019-08-09 15:41:04",160
"2019-08-09 16:41:10",160
"2019-08-09 17:41:04",160
"2019-08-09 18:41:04",160
"2019-08-09 19:41:04",160
"2019-08-09 20:41:04",160
"2019-08-09 21:41:05",160
"2019-08-09 22:41:05",160
"2019-08-09 23:41:06",160
"2019-08-10 00:41:06",160
"2019-08-10 01:41:05",160
"2019-08-10 02:41:13",160
"2019-08-10 03:41:04",160
"2019-08-10 04:41:05",160
"2019-08-10 05:41:06",160
"2019-08-10 06:41:05",160
"2019-08-10 07:41:04",160
"2019-08-10 08:41:04",160
"2019-08-10 09:41:05",160
"2019-08-10 10:41:06",160
"2019-08-10 11:41:04",160
"2019-08-10 12:41:05",160
"2019-08-10 13:41:05",160
"2019-08-10 14:41:03",160
"2019-08-10 15:41:04",160
"2019-08-10 16:41:11",160
"2019-08-10 17:41:04",160
"2019-08-10 18:41:04",160
"2019-08-10 19:41:04",160
"2019-08-10 20:41:05",160
"2019-08-10 21:41:03",160
"2019-08-10 22:41:04",160
"2019-08-10 23:41:04",160
"2019-08-11 00:41:02",160
"2019-08-11 01:41:04",160
"2019-08-11 02:41:12",160
"2019-08-11 03:41:05",160
"2019-08-11 04:41:04",160
"2019-08-11 05:41:06",160
"2019-08-11 06:41:03",160
"2019-08-11 07:41:04",160
"2019-08-11 08:41:03",160
"2019-08-11 09:41:03",160
"2019-08-11 10:41:04",160
"2019-08-11 11:41:04",160
"2019-08-11 12:41:05",160
"2019-08-11 13:41:05",160
"2019-08-11 14:41:04",160
"2019-08-11 15:41:04",160
"2019-08-11 16:41:05",160
"2019-08-11 17:41:04",160
"2019-08-11 18:41:05",160
"2019-08-11 19:41:05",160
"2019-08-11 20:41:06",160
"2019-08-11 21:41:05",160
"2019-08-11 22:41:06",160
"2019-08-11 23:41:06",160
"2019-08-12 00:41:05",160
"2019-08-12 01:41:06",160
"2019-08-12 02:41:07",160
"2019-08-12 03:41:06",160
"2019-08-12 04:41:05",160
"2019-08-12 05:41:10",160
"2019-08-12 06:41:11",160
"2019-08-12 07:41:05",160
"2019-08-12 08:41:06",160
"2019-08-12 09:41:05",160
"2019-08-12 10:41:09",160
"2019-08-12 11:41:05",160
"2019-08-12 12:41:08",160
"2019-08-12 13:41:12",160
"2019-08-12 14:41:04",160
"2019-08-12 15:41:05",161
"2019-08-12 16:41:14",161
"2019-08-12 17:41:06",161
"2019-08-12 18:41:04",161
"2019-08-12 19:41:04",161
"2019-08-12 20:41:05",161
"2019-08-12 21:41:04",161
"2019-08-12 22:41:05",161
"2019-08-12 23:41:05",161
"2019-08-13 00:41:03",161
"2019-08-13 01:41:06",161
"2019-08-13 02:41:07",161
"2019-08-13 03:41:06",161
"2019-08-13 04:41:03",161
"2019-08-13 05:41:06",161
"2019-08-13 06:41:04",161
"2019-08-13 07:41:05",161
"2019-08-13 08:41:03",161
"2019-08-13 09:41:06",161
"2019-08-13 10:41:05",161
"2019-08-13 11:41:06",161
"2019-08-13 12:41:06",161
"2019-08-13 13:41:06",161
"2019-08-13 14:41:05",162
"2019-08-13 15:41:10",160
"2019-08-13 16:41:07",160
"2019-08-13 17:41:05",161
"2019-08-13 18:41:06",161
"2019-08-13 19:41:05",161
"2019-08-13 20:41:05",161
"2019-08-13 21:41:05",161
"2019-08-13 22:41:11",161
"2019-08-13 23:41:05",161
"2019-08-14 00:41:08",161
"2019-08-14 01:41:06",161
"2019-08-14 02:41:06",161
"2019-08-14 03:41:05",161
"2019-08-14 04:41:04",161
"2019-08-14 05:41:10",161
"2019-08-14 06:41:05",161
"2019-08-14 07:41:04",161
"2019-08-14 08:41:04",161
"2019-08-14 09:41:06",161
"2019-08-14 10:41:03",161
"2019-08-14 11:41:04",161
"2019-08-14 13:04:09",161
"2019-08-14 13:41:06",161
"2019-08-14 14:41:07",160
"2019-08-14 15:41:07",160
"2019-08-14 16:41:05",160
"2019-08-14 17:41:04",160
"2019-08-14 18:41:06",160
"2019-08-14 19:41:06",159
"2019-08-14 20:41:04",158
"2019-08-14 21:41:08",158
"2019-08-14 22:41:05",158
"2019-08-14 23:41:04",158
"2019-08-15 00:41:04",158
"2019-08-15 01:41:05",158
"2019-08-15 02:41:06",158
"2019-08-15 03:41:06",158
"2019-08-15 04:41:05",158
"2019-08-15 05:41:07",158
"2019-08-15 06:41:04",158
"2019-08-15 07:41:04",158
"2019-08-15 08:41:19",158
"2019-08-15 09:41:05",158
"2019-08-15 10:41:04",158
"2019-08-15 11:41:03",158
"2019-08-15 13:04:10",158
"2019-08-15 13:41:10",158
"2019-08-15 14:41:06",158
"2019-08-15 15:41:05",158
"2019-08-15 16:41:11",158
"2019-08-15 17:41:04",158
"2019-08-15 18:41:06",158
"2019-08-15 19:41:04",158
"2019-08-15 20:41:06",159
"2019-08-15 21:41:04",159
"2019-08-15 22:41:04",159
"2019-08-15 23:41:08",159
"2019-08-16 00:41:05",159
"2019-08-16 01:41:12",159
"2019-08-16 02:41:07",159
"2019-08-16 03:41:06",159
"2019-08-16 04:41:04",159
"2019-08-16 05:41:19",159
"2019-08-16 06:41:04",159
"2019-08-16 07:41:05",159
"2019-08-16 08:41:05",159
"2019-08-16 09:41:04",159
"2019-08-16 10:41:04",159
"2019-08-16 11:41:04",159
"2019-08-16 12:41:04",159
"2019-08-16 13:41:06",159
"2019-08-16 14:41:05",159
"2019-08-16 15:41:06",161
"2019-08-16 16:41:06",161
"2019-08-16 18:41:06",162
"2019-08-16 19:41:07",162
"2019-08-16 20:41:08",162
"2019-08-16 21:41:06",162
"2019-08-16 22:41:09",162
"2019-08-16 23:41:05",162
"2019-08-17 00:41:07",162
"2019-08-17 01:41:07",162
"2019-08-17 02:41:14",162
"2019-08-17 03:41:06",162
"2019-08-17 04:41:07",162
"2019-08-17 05:41:06",162
"2019-08-17 06:41:06",162
"2019-08-17 07:41:06",162
"2019-08-17 08:41:07",162
"2019-08-17 09:41:06",162
"2019-08-17 10:41:06",162
"2019-08-17 11:41:05",162
"2019-08-17 12:41:05",162
"2019-08-17 13:41:07",162
"2019-08-17 14:41:13",162
"2019-08-17 15:41:07",162
"2019-08-17 16:41:07",162
"2019-08-17 17:41:05",162
"2019-08-17 18:41:05",162
"2019-08-17 19:41:06",162
"2019-08-17 20:41:08",162
"2019-08-17 21:41:06",162
"2019-08-17 22:41:05",162
"2019-08-17 23:41:06",162
"2019-08-18 00:41:06",162
"2019-08-18 01:41:05",162
"2019-08-18 02:41:08",162
"2019-08-18 03:41:06",162
"2019-08-18 04:41:05",162
"2019-08-18 05:41:08",162
"2019-08-18 06:41:20",162
"2019-08-18 07:41:07",162
"2019-08-18 08:41:08",162
"2019-08-18 09:41:08",162
"2019-08-18 10:41:05",162
"2019-08-18 11:41:06",162
"2019-08-18 12:41:07",162
"2019-08-18 13:41:07",162
"2019-08-18 14:41:06",162
"2019-08-18 15:41:07",162
"2019-08-18 16:41:06",162
"2019-08-18 17:41:06",162
"2019-08-18 18:41:06",162
"2019-08-18 19:41:07",162
"2019-08-18 20:41:06",162
"2019-08-18 21:41:08",162
"2019-08-18 22:41:07",162
"2019-08-18 23:41:06",162
"2019-08-19 00:41:07",162
"2019-08-19 01:41:06",162
"2019-08-19 02:41:07",162
"2019-08-19 03:41:05",162
"2019-08-19 04:41:06",162
"2019-08-19 05:41:07",162
"2019-08-19 06:41:08",162
"2019-08-19 07:41:17",162
"2019-08-19 08:41:07",162
"2019-08-19 09:41:12",162
"2019-08-19 10:41:08",162
"2019-08-19 11:41:05",162
"2019-08-19 12:41:10",162
"2019-08-19 13:41:07",162
"2019-08-19 14:41:04",162
"2019-08-19 15:41:06",161
"2019-08-19 16:41:05",161
"2019-08-19 17:41:05",161
"2019-08-19 18:41:07",161
"2019-08-19 19:41:05",161
"2019-08-19 20:41:05",161
"2019-08-19 21:41:06",161
"2019-08-19 22:41:05",161
"2019-08-19 23:41:06",161
"2019-08-20 00:41:07",161
"2019-08-20 01:41:06",161
"2019-08-20 02:41:07",161
"2019-08-20 03:41:05",161
"2019-08-20 04:41:06",161
"2019-08-20 05:41:11",161
"2019-08-20 06:41:10",161
"2019-08-20 07:41:05",161
"2019-08-20 08:41:05",161
"2019-08-20 09:41:05",161
"2019-08-20 10:41:23",161
"2019-08-20 11:41:05",161
"2019-08-20 13:03:10",161
"2019-08-20 13:41:13",161
"2019-08-20 14:41:06",161
"2019-08-20 15:41:06",161
"2019-08-20 16:41:07",161
"2019-08-20 17:41:07",161
"2019-08-20 18:41:07",161
"2019-08-20 19:41:07",161
"2019-08-20 20:41:06",161
"2019-08-20 21:41:09",161
"2019-08-20 22:41:07",161
"2019-08-20 23:41:06",161
"2019-08-21 00:41:07",161
"2019-08-21 01:41:07",161
"2019-08-21 02:41:10",161
"2019-08-21 03:41:09",161
"2019-08-21 04:41:06",161
"2019-08-21 05:41:07",161
"2019-08-21 06:41:09",161
"2019-08-21 07:41:06",161
"2019-08-21 08:41:07",161
"2019-08-21 09:41:07",161
"2019-08-21 10:41:06",161
"2019-08-21 11:41:06",161
"2019-08-21 12:41:06",161
"2019-08-21 13:41:07",161
"2019-08-21 14:41:07",162
"2019-08-21 15:41:09",162
"2019-08-21 16:41:21",162
"2019-08-21 17:41:06",162
"2019-08-21 18:41:07",161
"2019-08-21 19:41:07",161
"2019-08-21 20:41:06",161
"2019-08-21 21:41:07",161
"2019-08-21 22:41:09",161
"2019-08-21 23:41:07",161
"2019-08-22 00:41:08",161
"2019-08-22 01:41:06",161
"2019-08-22 02:41:08",161
"2019-08-22 03:41:06",161
"2019-08-22 04:41:06",161
"2019-08-22 05:41:08",161
"2019-08-22 06:41:06",161
"2019-08-22 07:41:06",161
"2019-08-22 08:41:07",161
"2019-08-22 09:41:08",161
"2019-08-22 10:41:07",161
"2019-08-22 11:41:08",161
"2019-08-22 12:41:07",161
"2019-08-22 13:41:07",161
"2019-08-22 14:41:10",160
"2019-08-22 15:41:08",160
"2019-08-22 16:41:10",161
"2019-08-22 17:41:10",161
"2019-08-22 18:41:10",161
"2019-08-22 19:41:08",161
"2019-08-22 20:41:09",161
"2019-08-22 21:41:10",161
"2019-08-22 22:41:08",161
"2019-08-22 23:41:08",161
"2019-08-23 00:41:10",161
"2019-08-23 01:41:12",161
"2019-08-23 02:41:09",161
"2019-08-23 03:41:07",161
"2019-08-23 04:41:06",161
"2019-08-23 05:41:08",161
"2019-08-23 06:41:08",161
"2019-08-23 07:41:07",161
"2019-08-23 08:41:09",161
"2019-08-23 09:41:07",161
"2019-08-23 10:41:10",161
"2019-08-23 11:41:06",161
"2019-08-23 12:41:09",161
"2019-08-23 13:41:07",161
"2019-08-23 14:41:07",162
"2019-08-23 15:41:09",162
"2019-08-23 16:41:09",162
"2019-08-23 17:41:06",162
"2019-08-23 18:41:09",163
"2019-08-23 19:41:09",163
"2019-08-23 20:41:06",163
"2019-08-23 21:41:08",163
"2019-08-23 22:41:12",163
"2019-08-23 23:41:07",163
"2019-08-24 00:41:07",163
"2019-08-24 01:41:06",163
"2019-08-24 02:41:24",163
"2019-08-24 03:41:06",163
"2019-08-24 04:41:05",163
"2019-08-24 05:41:09",163
"2019-08-24 06:41:08",163
"2019-08-24 07:41:10",163
"2019-08-24 08:41:08",163
"2019-08-24 09:41:07",163
"2019-08-24 10:41:07",163
"2019-08-24 11:41:07",163
"2019-08-24 12:41:09",163
"2019-08-24 13:41:07",163
"2019-08-24 14:41:07",163
"2019-08-24 15:41:07",163
"2019-08-24 16:41:12",163
"2019-08-24 17:41:07",163
"2019-08-24 18:41:09",163
"2019-08-24 19:41:06",163
"2019-08-24 20:41:07",163
"2019-08-24 21:41:07",163
"2019-08-24 22:41:07",163
"2019-08-24 23:41:07",163
"2019-08-25 00:41:05",163
"2019-08-25 01:41:10",163
"2019-08-25 02:41:15",163
"2019-08-25 03:41:06",163
"2019-08-25 04:41:07",163
"2019-08-25 05:41:07",163
"2019-08-25 06:41:07",163
"2019-08-25 07:41:07",163
"2019-08-25 08:41:09",163
"2019-08-25 09:41:05",163
"2019-08-25 10:41:07",163
"2019-08-25 11:41:08",163
"2019-08-25 12:41:07",163
"2019-08-25 13:41:06",163
"2019-08-25 14:41:07",163
"2019-08-25 15:41:08",163
"2019-08-25 16:41:11",163
"2019-08-25 17:41:05",163
"2019-08-25 18:41:06",163
"2019-08-25 19:41:09",163
"2019-08-25 20:41:07",163
"2019-08-25 21:41:07",163
"2019-08-25 22:41:06",163
"2019-08-25 23:41:07",163
"2019-08-26 00:41:06",163
"2019-08-26 01:41:05",163
"2019-08-26 02:41:11",163
"2019-08-26 03:41:06",163
"2019-08-26 04:41:06",163
"2019-08-26 05:41:06",163
"2019-08-26 06:41:06",163
"2019-08-26 07:41:08",163
"2019-08-26 08:41:06",163
"2019-08-26 09:41:06",163
"2019-08-26 10:41:08",163
"2019-08-26 11:41:06",163
"2019-08-26 12:41:09",163
"2019-08-26 13:41:06",163
"2019-08-26 14:41:07",162
"2019-08-26 15:41:08",163
"2019-08-26 16:41:10",162
"2019-08-26 17:41:07",162
"2019-08-26 18:41:07",162
"2019-08-26 19:41:09",162
"2019-08-26 20:41:06",162
"2019-08-26 21:41:07",162
"2019-08-26 22:41:06",162
"2019-08-26 23:41:06",162
"2019-08-27 00:41:06",162
"2019-08-27 01:41:07",162
"2019-08-27 02:41:11",162
"2019-08-27 03:41:06",162
"2019-08-27 04:41:06",162
"2019-08-27 05:41:09",162
"2019-08-27 06:41:08",162
"2019-08-27 07:41:07",162
"2019-08-27 08:41:09",162
"2019-08-27 09:41:06",162
"2019-08-27 10:41:06",162
"2019-08-27 11:41:10",162
"2019-08-27 12:41:08",162
"2019-08-27 13:41:20",162
"2019-08-27 14:41:07",162
"2019-08-27 15:41:09",163
"2019-08-27 16:41:09",163
"2019-08-27 17:41:06",164
"2019-08-27 18:41:06",164
"2019-08-27 19:41:09",164
"2019-08-27 20:41:06",164
"2019-08-27 21:41:08",164
"2019-08-27 22:41:08",164
"2019-08-27 23:41:09",164
"2019-08-28 00:41:12",164
"2019-08-28 01:41:08",164
"2019-08-28 02:41:12",164
"2019-08-28 03:41:15",164
"2019-08-28 04:41:08",164
"2019-08-28 05:41:09",164
"2019-08-28 06:41:08",164
"2019-08-28 07:41:11",164
"2019-08-28 08:41:06",164
"2019-08-28 09:41:09",164
"2019-08-28 10:41:09",164
"2019-08-28 11:41:10",164
"2019-08-28 12:41:08",164
"2019-08-28 13:41:07",164
"2019-08-28 14:41:06",167
"2019-08-28 15:41:05",167
"2019-08-28 16:41:19",167
"2019-08-28 17:41:06",169
"2019-08-28 18:41:06",169
"2019-08-28 19:41:07",171
"2019-08-28 20:41:07",172
"2019-08-28 21:41:07",172
"2019-08-28 22:41:07",172
"2019-08-28 23:41:09",172
"2019-08-29 00:41:06",172
"2019-08-29 01:41:07",172
"2019-08-29 02:41:09",172
"2019-08-29 03:41:06",172
"2019-08-29 04:41:07",172
"2019-08-29 05:41:15",172
"2019-08-29 06:41:05",172
"2019-08-29 07:41:07",172
"2019-08-29 08:41:07",172
"2019-08-29 09:41:09",172
"2019-08-29 10:41:05",172
"2019-08-29 11:41:04",172
"2019-08-29 12:41:08",172
"2019-08-29 13:41:07",172
"2019-08-29 14:41:05",174
"2019-08-29 15:41:06",173
"2019-08-29 16:41:10",173
"2019-08-29 17:41:06",172
"2019-08-29 18:41:05",173
"2019-08-29 19:41:03",173
"2019-08-29 20:41:06",173
"2019-08-29 21:41:06",173
"2019-08-29 22:41:04",173
"2019-08-29 23:41:05",173
"2019-08-30 00:41:07",173
"2019-08-30 01:41:08",173
"2019-08-30 02:41:07",173
"2019-08-30 03:41:06",173
"2019-08-30 04:41:07",173
"2019-08-30 05:41:11",173
"2019-08-30 06:41:05",173
"2019-08-30 07:41:05",173
"2019-08-30 08:41:04",173
"2019-08-30 09:41:04",173
"2019-08-30 10:41:04",173
"2019-08-30 11:41:04",173
"2019-08-30 12:41:06",173
"2019-08-30 13:41:05",173
"2019-08-30 14:41:05",173
"2019-08-30 15:41:05",171
"2019-08-30 16:41:07",171
"2019-08-30 17:41:06",172
"2019-08-30 18:41:04",172
"2019-08-30 19:41:04",172
"2019-08-30 20:41:07",172
"2019-08-30 21:41:06",172
"2019-08-30 22:41:08",172
"2019-08-30 23:41:07",172
"2019-08-31 00:41:06",172
"2019-08-31 01:41:08",172
"2019-08-31 02:41:06",172
"2019-08-31 03:41:07",172
"2019-08-31 04:41:06",172
"2019-08-31 23:41:13",172
"2019-09-01 00:41:08",172
"2019-09-01 01:41:07",172
"2019-09-01 02:41:08",172
"2019-09-01 03:41:07",172
"2019-09-01 04:41:07",172
"2019-09-01 05:41:07",172
"2019-09-01 06:41:06",172
"2019-09-01 07:41:06",172
"2019-09-01 08:41:07",172
"2019-09-01 09:41:06",172
"2019-09-01 10:41:07",172
"2019-09-01 11:41:06",172
"2019-09-01 12:41:07",172
"2019-09-01 13:41:07",172
"2019-09-01 14:41:07",172
"2019-09-01 15:41:06",172
"2019-09-01 16:41:09",172
"2019-09-01 17:41:09",172
"2019-09-01 18:41:07",172
"2019-09-01 19:41:06",172
"2019-09-01 20:41:06",172
"2019-09-01 21:41:06",172
"2019-09-01 22:41:08",172
"2019-09-01 23:41:07",172
"2019-09-02 00:41:06",172
"2019-09-02 01:41:05",172
"2019-09-02 02:41:06",172
"2019-09-02 03:41:07",172
"2019-09-02 04:41:08",172
"2019-09-02 05:41:13",172
"2019-09-02 06:41:07",172
"2019-09-02 07:41:08",172
"2019-09-02 08:41:06",172
"2019-09-02 09:41:06",172
"2019-09-02 10:41:12",172
"2019-09-02 11:41:08",172
"2019-09-02 12:41:06",172
"2019-09-02 13:41:07",172
"2019-09-02 14:41:06",172
"2019-09-02 15:41:06",172
"2019-09-02 16:41:12",172
"2019-09-02 17:41:06",172
"2019-09-02 18:41:07",172
"2019-09-02 19:41:06",172
"2019-09-02 20:41:06",172
"2019-09-02 21:41:07",172
"2019-09-02 22:41:08",172
"2019-09-02 23:41:06",172
"2019-09-03 00:41:07",172
"2019-09-03 01:41:08",172
"2019-09-03 02:41:08",172
"2019-09-03 03:41:06",172
"2019-09-03 04:41:06",172
"2019-09-03 05:41:11",172
"2019-09-03 06:41:08",172
"2019-09-03 07:41:06",172
"2019-09-03 08:41:12",172
"2019-09-03 09:41:06",172
"2019-09-03 10:41:10",172
"2019-09-03 11:41:06",172
"2019-09-03 13:05:12",172
"2019-09-03 13:41:12",172
"2019-09-03 14:41:08",174
"2019-09-03 15:41:07",173
"2019-09-03 16:41:10",173
"2019-09-03 17:41:07",173
"2019-09-03 18:41:06",173
"2019-09-03 19:41:05",173
"2019-09-03 20:41:07",173
"2019-09-03 21:41:06",173
"2019-09-03 22:41:10",173
"2019-09-03 23:41:06",173
"2019-09-04 00:41:09",173
"2019-09-04 01:41:08",173
"2019-09-04 02:41:07",173
"2019-09-04 03:41:06",173
"2019-09-04 04:41:06",173
"2019-09-04 05:41:12",173
"2019-09-04 06:41:08",173
"2019-09-04 07:41:06",173
"2019-09-04 08:41:06",173
"2019-09-04 09:41:07",173
"2019-09-04 10:41:07",173
"2019-09-04 11:41:06",173
"2019-09-04 13:04:12",173
"2019-09-04 13:41:07",173
"2019-09-04 14:41:07",173
"2019-09-04 15:41:07",173
"2019-09-04 16:41:12",173
"2019-09-04 17:41:06",173
"2019-09-04 18:41:09",173
"2019-09-04 19:41:07",173
"2019-09-04 20:41:07",173
"2019-09-04 21:41:06",173
"2019-09-04 22:41:06",173
"2019-09-04 23:41:07",173
"2019-09-05 01:41:06",173
"2019-09-05 02:41:10",173
"2019-09-05 03:41:06",173
"2019-09-05 04:41:07",173
"2019-09-05 05:41:12",173
"2019-09-05 06:41:06",173
"2019-09-05 07:41:10",173
"2019-09-05 08:41:07",173
"2019-09-05 09:41:05",173
"2019-09-05 10:41:10",173
"2019-09-05 11:41:06",173
"2019-09-05 13:05:10",173
"2019-09-05 13:41:07",173
"2019-09-05 14:41:10",174
"2019-09-05 15:41:07",174
"2019-09-05 16:41:18",174
"2019-09-05 17:41:07",174
"2019-09-05 18:41:06",174
"2019-09-05 19:41:05",174
"2019-09-05 20:41:09",174
"2019-09-05 21:41:07",174
"2019-09-05 22:41:08",174
"2019-09-05 23:41:09",174
"2019-09-06 00:41:07",174
"2019-09-06 01:41:07",174
"2019-09-06 02:41:06",174
"2019-09-06 03:41:05",174
"2019-09-06 04:41:05",174
"2019-09-06 05:41:15",174
"2019-09-06 06:41:07",174
"2019-09-06 07:41:08",174
"2019-09-06 08:41:06",174
"2019-09-06 09:41:08",174
"2019-09-06 10:41:07",174
"2019-09-06 11:41:19",174
"2019-09-06 13:04:11",174
"2019-09-06 13:41:07",174
"2019-09-06 14:41:06",174
"2019-09-06 15:41:06",175
"2019-09-06 16:41:13",175
"2019-09-06 17:41:06",175
"2019-09-06 18:41:09",175
"2019-09-06 19:41:06",176
"2019-09-06 20:41:07",176
"2019-09-06 21:41:07",176
"2019-09-06 22:41:07",176
"2019-09-06 23:41:06",176
"2019-09-07 00:41:06",176
"2019-09-07 01:41:08",176
"2019-09-07 02:41:06",176
"2019-09-07 03:41:08",176
"2019-09-07 04:41:07",176
"2019-09-07 05:41:23",176
"2019-09-07 06:41:07",176
"2019-09-07 07:41:05",176
"2019-09-07 08:41:05",176
"2019-09-07 09:41:06",176
"2019-09-07 10:41:09",176
"2019-09-07 11:41:07",176
"2019-09-07 12:41:05",176
"2019-09-07 13:41:07",176
"2019-09-07 14:41:06",176
"2019-09-07 15:41:07",176
"2019-09-07 16:41:06",176
"2019-09-07 17:41:07",176
"2019-09-07 18:41:07",176
"2019-09-07 19:41:05",176
"2019-09-07 20:41:06",176
"2019-09-07 22:41:05",176
"2019-09-07 23:41:08",176
"2019-09-08 00:41:07",176
"2019-09-08 01:41:08",176
"2019-09-08 02:41:10",176
"2019-09-08 03:41:07",176
"2019-09-08 04:41:07",176
"2019-09-08 05:41:08",176
"2019-09-08 06:41:07",176
"2019-09-08 07:41:06",176
"2019-09-08 08:41:08",176
"2019-09-08 09:41:06",176
"2019-09-08 10:41:10",176
"2019-09-08 11:41:06",176
"2019-09-08 12:41:06",176
"2019-09-08 13:41:08",176
"2019-09-08 14:41:07",176
"2019-09-08 15:41:06",176
"2019-09-08 16:41:11",176
"2019-09-08 17:41:07",176
"2019-09-08 18:41:06",176
"2019-09-08 19:41:12",176
"2019-09-08 20:41:08",176
"2019-09-08 21:41:07",176
"2019-09-08 22:41:06",176
"2019-09-08 23:41:06",176
"2019-09-09 00:41:07",176
"2019-09-09 01:41:06",176
"2019-09-09 02:41:07",176
"2019-09-09 03:41:07",176
"2019-09-09 04:41:06",176
"2019-09-09 05:41:12",176
"2019-09-09 06:41:06",176
"2019-09-09 07:41:06",176
"2019-09-09 08:41:06",176
"2019-09-09 09:41:06",176
"2019-09-09 10:41:06",176
"2019-09-09 11:41:07",176
"2019-09-09 13:04:11",176
"2019-09-09 13:41:09",176
"2019-09-09 14:41:13",176
"2019-09-09 15:41:07",175
"2019-09-09 16:41:13",174
"2019-09-09 17:41:06",174
"2019-09-09 18:41:07",174
"2019-09-09 19:41:07",174
"2019-09-09 20:41:06",174
"2019-09-09 21:41:07",174
"2019-09-09 22:41:05",174
"2019-09-09 23:41:07",174
"2019-09-10 00:41:07",174
"2019-09-10 01:41:07",174
"2019-09-10 02:41:07",174
"2019-09-10 03:41:07",174
"2019-09-10 04:41:07",174
"2019-09-10 05:41:07",174
"2019-09-10 06:41:07",174
"2019-09-10 07:41:05",174
"2019-09-10 08:41:08",174
"2019-09-10 09:41:15",174
"2019-09-10 10:41:07",174
"2019-09-10 11:41:06",174
"2019-09-10 12:41:08",174
"2019-09-10 13:41:08",174
"2019-09-10 14:41:08",174
"2019-09-10 15:41:07",174
"2019-09-10 16:41:09",174
"2019-09-10 17:41:08",174
"2019-09-10 18:41:08",174
"2019-09-10 19:41:14",173
"2019-09-10 20:41:07",173
"2019-09-10 21:41:08",173
"2019-09-10 22:41:07",173
"2019-09-10 23:41:08",173
"2019-09-11 00:41:07",173
"2019-09-11 01:41:08",173
"2019-09-11 02:41:07",173
"2019-09-11 03:41:06",173
"2019-09-11 04:41:07",173
"2019-09-11 05:41:10",173
"2019-09-11 06:41:08",173
"2019-09-11 07:41:06",173
"2019-09-11 08:41:06",173
"2019-09-11 09:41:08",173
"2019-09-11 10:41:15",173
"2019-09-11 11:41:10",173
"2019-09-11 12:41:08",173
"2019-09-11 13:41:10",173
"2019-09-11 14:41:08",173
"2019-09-11 15:41:07",172
"2019-09-11 16:41:08",172
"2019-09-11 17:41:07",172
"2019-09-11 18:41:08",171
"2019-09-11 19:41:08",171
"2019-09-11 20:41:07",171
"2019-09-11 21:41:13",171
"2019-09-11 22:41:08",171
"2019-09-11 23:41:07",171
"2019-09-12 00:41:08",171
"2019-09-12 01:41:08",171
"2019-09-12 02:41:14",171
"2019-09-12 03:41:08",171
"2019-09-12 04:41:07",171
"2019-09-12 05:41:10",171
"2019-09-12 06:41:08",171
"2019-09-12 07:41:08",171
"2019-09-12 08:41:07",171
"2019-09-12 09:41:07",171
"2019-09-12 10:41:18",171
"2019-09-12 11:41:09",171
"2019-09-12 13:05:13",171
"2019-09-12 13:41:08",171
"2019-09-12 14:41:10",171
"2019-09-12 15:41:10",171
"2019-09-12 16:41:09",171
"2019-09-12 17:41:08",171
"2019-09-12 18:41:08",171
"2019-09-12 19:41:07",171
"2019-09-12 20:41:07",171
"2019-09-12 21:41:06",171
"2019-09-12 22:41:07",171
"2019-09-12 23:41:08",171
"2019-09-13 00:41:07",171
"2019-09-13 01:41:09",171
"2019-09-13 02:41:07",171
"2019-09-13 03:41:08",171
"2019-09-13 04:41:06",171
"2019-09-13 05:41:08",171
"2019-09-13 06:41:08",171
"2019-09-13 07:41:07",171
"2019-09-13 08:41:08",171
"2019-09-13 09:41:07",171
"2019-09-13 10:41:08",171
"2019-09-13 11:41:07",171
"2019-09-13 13:05:10",171
"2019-09-13 14:06:12",171
"2019-09-13 14:41:08",171
"2019-09-13 15:41:07",171
"2019-09-13 16:41:07",171
"2019-09-13 17:41:07",171
"2019-09-13 18:41:07",171
"2019-09-13 19:41:07",171
"2019-09-13 20:41:05",171
"2019-09-13 21:41:10",171
"2019-09-13 22:41:06",171
"2019-09-13 23:41:07",171
"2019-09-14 00:41:10",171
"2019-09-14 01:41:05",171
"2019-09-14 02:41:07",171
"2019-09-14 03:41:08",171
"2019-09-14 04:41:05",171
"2019-09-14 05:41:06",171
"2019-09-14 06:41:07",171
"2019-09-14 07:41:07",171
"2019-09-14 08:41:06",171
"2019-09-14 09:41:05",171
"2019-09-14 10:41:07",171
"2019-09-14 11:41:05",171
"2019-09-14 12:41:06",171
"2019-09-14 13:41:05",171
"2019-09-14 14:41:07",171
"2019-09-14 15:41:05",171
"2019-09-14 16:41:07",171
"2019-09-14 17:41:07",171
"2019-09-14 18:41:05",171
"2019-09-14 19:41:05",171
"2019-09-14 20:41:05",171
"2019-09-14 21:41:08",171
"2019-09-14 22:41:06",171
"2019-09-14 23:41:06",171
"2019-09-15 00:41:07",171
"2019-09-15 01:41:05",171
"2019-09-15 02:41:08",171
"2019-09-15 03:41:08",171
"2019-09-15 04:41:07",171
"2019-09-15 05:41:05",171
"2019-09-15 06:41:09",171
"2019-09-15 07:41:08",171
"2019-09-15 08:41:08",171
"2019-09-15 09:41:06",171
"2019-09-15 10:41:07",171
"2019-09-15 11:41:07",171
"2019-09-15 12:41:08",171
"2019-09-15 13:41:07",171
"2019-09-15 14:41:06",171
"2019-09-15 15:41:06",171
"2019-09-15 16:41:08",171
"2019-09-15 17:41:04",171
"2019-09-15 18:41:05",171
"2019-09-15 19:41:06",171
"2019-09-15 20:41:06",171
"2019-09-15 21:41:07",171
"2019-09-15 22:41:06",171
"2019-09-15 23:41:05",171
"2019-09-16 00:41:08",171
"2019-09-16 01:41:06",171
"2019-09-16 02:41:07",171
"2019-09-16 03:41:07",171
"2019-09-16 04:41:06",171
"2019-09-16 05:41:08",171
"2019-09-16 06:41:08",171
"2019-09-16 07:41:06",171
"2019-09-16 08:41:07",171
"2019-09-16 09:41:07",171
"2019-09-16 10:41:07",171
"2019-09-16 11:41:05",171
"2019-09-16 13:04:42",171
"2019-09-16 13:41:08",171
"2019-09-16 14:41:09",173
"2019-09-16 15:41:08",173
"2019-09-16 16:41:10",174
"2019-09-16 17:41:07",174
"2019-09-16 18:41:08",175
"2019-09-16 19:41:14",175
"2019-09-16 20:41:10",174
"2019-09-16 21:41:08",174
"2019-09-16 22:41:10",174
"2019-09-16 23:41:07",174
"2019-09-17 00:41:08",174
"2019-09-17 01:41:06",174
"2019-09-17 02:41:09",174
"2019-09-17 03:41:09",174
"2019-09-17 04:41:08",174
"2019-09-17 05:41:08",174
"2019-09-17 06:41:06",174
"2019-09-17 07:41:08",174
"2019-09-17 08:41:06",174
"2019-09-17 09:41:10",174
"2019-09-17 10:41:09",174
"2019-09-17 11:41:07",174
"2019-09-17 12:41:07",174
"2019-09-17 13:41:09",174
"2019-09-17 14:41:08",174
"2019-09-17 15:41:08",174
"2019-09-17 16:41:10",174
"2019-09-17 17:41:07",174
"2019-09-17 18:41:08",174
"2019-09-17 19:41:07",174
"2019-09-17 20:41:07",174
"2019-09-17 21:41:07",174
"2019-09-17 22:41:10",174
"2019-09-17 23:41:08",174
"2019-09-18 00:41:07",174
"2019-09-18 01:41:07",174
"2019-09-18 02:41:06",174
"2019-09-18 03:41:07",174
"2019-09-18 04:41:14",174
"2019-09-18 05:41:08",174
"2019-09-18 06:41:09",174
"2019-09-18 07:41:07",174
"2019-09-18 08:41:09",174
"2019-09-18 09:41:08",174
"2019-09-18 10:41:07",174
"2019-09-18 11:41:07",174
"2019-09-18 13:36:16",174
"2019-09-18 13:43:32",174
"2019-09-18 14:41:08",175
"2019-09-18 15:41:09",175
"2019-09-18 16:41:11",175
"2019-09-18 17:41:07",175
"2019-09-18 18:41:07",175
"2019-09-18 19:41:09",175
"2019-09-18 20:41:08",175
"2019-09-18 21:41:07",175
"2019-09-18 22:41:08",175
"2019-09-18 23:41:10",175
"2019-09-19 00:41:06",175
"2019-09-19 01:41:07",175
"2019-09-19 02:41:10",175
"2019-09-19 03:41:08",175
"2019-09-19 04:41:06",175
"2019-09-19 05:41:08",175
"2019-09-19 06:41:09",175
"2019-09-19 07:41:06",175
"2019-09-19 08:41:08",175
"2019-09-19 09:41:07",175
"2019-09-19 10:41:08",175
"2019-09-19 11:41:06",175
"2019-09-19 13:04:43",175
"2019-09-19 13:41:10",175
"2019-09-19 14:41:07",175
"2019-09-19 15:41:09",175
"2019-09-19 16:41:12",174
"2019-09-19 17:41:09",174
"2019-09-19 18:41:10",174
"2019-09-19 19:41:07",174
"2019-09-19 20:41:10",174
"2019-09-19 21:41:08",174
"2019-09-19 22:41:10",174
"2019-09-19 23:41:07",174
"2019-09-20 00:41:10",174
"2019-09-20 01:41:13",174
"2019-09-20 02:41:07",174
"2019-09-20 03:41:09",174
"2019-09-20 04:41:09",174
"2019-09-20 05:41:09",174
"2019-09-20 06:41:08",174
"2019-09-20 07:41:08",174
"2019-09-20 08:41:09",174
"2019-09-20 09:41:07",174
"2019-09-20 10:41:07",174
"2019-09-20 11:41:09",174
"2019-09-20 12:41:10",174
"2019-09-20 13:41:06",174
"2019-09-20 14:41:08",174
"2019-09-20 15:41:09",174
"2019-09-20 16:41:09",174
"2019-09-20 17:41:11",174
"2019-09-20 18:41:07",172
"2019-09-20 19:41:10",172
"2019-09-20 20:41:06",172
"2019-09-20 21:41:08",172
"2019-09-20 22:41:09",172
"2019-09-20 23:41:06",172
"2019-09-21 00:41:06",172
"2019-09-21 01:41:07",172
"2019-09-21 02:41:08",172
"2019-09-21 03:41:10",172
"2019-09-21 04:41:06",172
"2019-09-21 05:41:09",172
"2019-09-21 06:41:09",172
"2019-09-21 07:41:06",172
"2019-09-21 08:41:07",172
"2019-09-21 09:41:08",172
"2019-09-21 10:41:06",172
"2019-09-21 11:41:07",172
"2019-09-21 12:41:09",172
"2019-09-21 13:41:08",172
"2019-09-21 14:41:07",172
"2019-09-21 15:41:06",172
"2019-09-21 16:41:08",172
"2019-09-21 17:41:07",172
"2019-09-21 18:41:07",172
"2019-09-21 19:41:07",172
"2019-09-21 20:41:06",172
"2019-09-21 21:41:07",172
"2019-09-21 22:41:08",172
"2019-09-21 23:41:08",172
"2019-09-22 00:41:06",172
"2019-09-22 01:41:07",172
"2019-09-22 02:41:07",172
"2019-09-22 03:41:08",172
"2019-09-22 04:41:08",172
"2019-09-22 05:41:07",172
"2019-09-22 06:41:08",172
"2019-09-22 07:41:09",172
"2019-09-22 08:41:07",172
"2019-09-22 09:41:08",172
"2019-09-22 10:41:07",172
"2019-09-22 11:41:06",172
"2019-09-22 12:41:08",172
"2019-09-22 13:41:07",172
"2019-09-22 14:41:09",172
"2019-09-22 15:41:06",172
"2019-09-22 16:41:09",172
"2019-09-22 17:41:07",172
"2019-09-22 18:41:07",172
"2019-09-22 19:41:09",172
"2019-09-22 20:41:06",172
"2019-09-22 21:41:07",172
"2019-09-22 22:41:06",172
"2019-09-22 23:41:07",172
"2019-09-23 00:41:08",172
"2019-09-23 01:41:06",172
"2019-09-23 02:41:06",172
"2019-09-23 03:41:08",172
"2019-09-23 04:41:06",172
"2019-09-23 05:41:06",172
"2019-09-23 06:41:08",172
"2019-09-23 07:41:07",172
"2019-09-23 08:41:08",172
"2019-09-23 09:41:07",172
"2019-09-23 10:41:06",172
"2019-09-23 11:41:09",172
"2019-09-23 12:41:08",172
"2019-09-23 13:41:07",172
"2019-09-23 14:41:09",172
"2019-09-23 15:41:06",172
"2019-09-23 16:41:08",172
"2019-09-23 17:41:07",172
"2019-09-23 18:41:09",172
"2019-09-23 19:41:07",172
"2019-09-23 20:41:07",172
"2019-09-23 21:41:08",172
"2019-09-23 22:41:08",172
"2019-09-23 23:41:06",172
"2019-09-24 00:41:08",172
"2019-09-24 01:41:07",172
"2019-09-24 02:41:11",172
"2019-09-24 03:41:09",172
"2019-09-24 04:41:07",172
"2019-09-24 05:41:11",172
"2019-09-24 06:41:06",172
"2019-09-24 07:41:07",172
"2019-09-24 08:41:08",172
"2019-09-24 09:41:06",172
"2019-09-24 10:41:08",172
"2019-09-24 11:41:08",172
"2019-09-24 12:41:08",172
"2019-09-24 13:41:07",172
"2019-09-24 14:41:08",173
"2019-09-24 15:41:09",173
"2019-09-24 16:41:08",173
"2019-09-24 17:41:08",174
"2019-09-24 18:41:08",174
"2019-09-24 19:41:06",174
"2019-09-24 20:41:07",174
"2019-09-24 21:41:09",174
"2019-09-24 22:41:07",174
"2019-09-24 23:41:06",174
"2019-09-25 00:41:08",174
"2019-09-25 01:41:10",174
"2019-09-25 02:41:05",174
"2019-09-25 03:41:10",174
"2019-09-25 04:41:09",174
"2019-09-25 05:41:06",174
"2019-09-25 06:41:09",174
"2019-09-25 07:41:09",174
"2019-09-25 08:41:07",174
"2019-09-25 09:41:08",174
"2019-09-25 10:41:09",174
"2019-09-25 11:41:07",174
"2019-09-25 12:41:09",174
"2019-09-25 13:41:09",174
"2019-09-25 14:41:10",177
"2019-09-25 15:41:10",179
"2019-09-25 16:41:08",179
"2019-09-25 17:41:08",179
"2019-09-25 18:41:07",179
"2019-09-25 19:41:09",179
"2019-09-25 20:41:07",180
"2019-09-25 21:41:08",180
"2019-09-25 22:41:07",180
"2019-09-25 23:41:10",180
"2019-09-26 00:41:07",180
"2019-09-26 01:41:07",180
"2019-09-26 02:41:09",180
"2019-09-26 03:41:08",180
"2019-09-26 04:41:11",180
"2019-09-26 05:41:09",180
"2019-09-26 06:41:08",180
"2019-09-26 07:41:07",180
"2019-09-26 08:41:08",180
"2019-09-26 09:41:08",180
"2019-09-26 10:41:07",180
"2019-09-26 11:41:07",180
"2019-09-26 13:04:12",180
"2019-09-26 13:41:13",180
"2019-09-26 14:41:08",183
"2019-09-26 15:41:09",187
"2019-09-26 16:41:10",188
"2019-09-26 17:41:10",190
"2019-09-26 18:41:10",191
"2019-09-26 19:41:09",194
"2019-09-26 20:41:07",196
"2019-09-26 21:41:10",196
"2019-09-26 22:41:09",196
"2019-09-26 23:41:08",196
"2019-09-27 00:41:09",196
"2019-09-27 01:41:06",196
"2019-09-27 02:41:10",196
"2019-09-27 03:41:08",196
"2019-09-27 04:41:08",196
"2019-09-27 05:41:09",196
"2019-09-27 06:41:09",196
"2019-09-27 07:41:11",196
"2019-09-27 08:41:08",196
"2019-09-27 09:41:08",196
"2019-09-27 10:41:09",196
"2019-09-27 11:41:07",196
"2019-09-27 13:05:13",196
"2019-09-27 13:41:10",196
"2019-09-27 14:41:09",201
"2019-09-27 15:41:09",200
"2019-09-27 16:41:09",200
"2019-09-27 17:41:09",199
"2019-09-27 18:41:06",199
"2019-09-27 19:41:09",199
"2019-09-27 20:41:06",199
"2019-09-27 21:41:07",199
"2019-09-27 22:41:11",199
"2019-09-27 23:41:09",199
"2019-09-28 00:41:08",199
"2019-09-28 01:41:09",199
"2019-09-28 02:41:08",199
"2019-09-28 03:41:09",199
"2019-09-28 04:41:08",199
"2019-09-28 05:41:10",199
"2019-09-28 06:41:06",199
"2019-09-28 07:41:09",199
"2019-09-28 08:41:07",199
"2019-09-28 09:41:08",199
"2019-09-28 10:41:06",199
"2019-09-28 11:41:08",199
"2019-09-28 12:41:08",199
"2019-09-28 13:41:10",199
"2019-09-28 14:41:07",199
"2019-09-28 15:41:06",199
"2019-09-28 16:41:10",199
"2019-09-28 17:41:09",199
"2019-09-28 18:41:06",199
"2019-09-28 19:41:07",199
"2019-09-28 20:41:08",199
"2019-09-28 21:41:07",199
"2019-09-28 22:41:08",199
"2019-09-28 23:41:06",199
"2019-09-29 00:41:07",199
"2019-09-29 01:41:09",199
"2019-09-29 02:41:09",199
"2019-09-29 03:41:09",199
"2019-09-29 04:41:07",199
"2019-09-29 05:41:09",199
"2019-09-29 06:41:06",199
"2019-09-29 07:41:08",199
"2019-09-29 08:41:07",199
"2019-09-29 09:41:08",199
"2019-09-29 10:41:06",199
"2019-09-29 11:41:08",199
"2019-09-29 12:41:07",199
"2019-09-29 13:41:07",199
"2019-09-29 14:41:08",199
"2019-09-29 15:41:06",199
"2019-09-29 16:41:08",199
"2019-09-29 17:41:11",199
"2019-09-29 18:41:07",199
"2019-09-29 19:41:09",199
"2019-09-29 20:41:09",199
"2019-09-29 21:41:06",199
"2019-09-29 22:41:07",199
"2019-09-29 23:41:10",199
"2019-09-30 00:41:05",199
"2019-09-30 01:41:08",199
"2019-09-30 02:41:06",199
"2019-09-30 03:41:09",199
"2019-09-30 04:41:07",199
"2019-09-30 05:41:08",199
"2019-09-30 06:41:06",199
"2019-09-30 07:41:10",199
"2019-09-30 08:41:08",199
"2019-09-30 09:41:08",199
"2019-09-30 10:41:06",199
"2019-09-30 11:41:07",199
"2019-09-30 12:41:10",199
"2019-09-30 13:41:07",199
"2019-09-30 14:41:10",199
"2019-09-30 15:41:09",199
"2019-09-30 16:41:14",199
"2019-09-30 17:41:08",198
"2019-09-30 18:41:11",198
"2019-09-30 19:41:08",198
"2019-09-30 20:41:07",199
"2019-09-30 21:41:08",199
"2019-09-30 22:41:07",199
"2019-09-30 23:41:08",199
"2019-10-01 00:41:08",199
"2019-10-01 01:41:07",199
"2019-10-01 02:41:07",199
"2019-10-01 03:41:08",199
"2019-10-01 04:41:06",199
"2019-10-01 05:41:07",199
"2019-10-01 06:41:07",199
"2019-10-01 07:41:09",199
"2019-10-01 08:41:07",199
"2019-10-01 09:41:12",199
"2019-10-01 10:41:08",199
"2019-10-01 11:41:07",199
"2019-10-01 13:04:13",199
"2019-10-01 13:41:09",199
"2019-10-01 14:41:08",199
"2019-10-01 15:41:08",200
"2019-10-01 16:41:10",200
"2019-10-01 17:41:07",200
"2019-10-01 18:41:09",200
"2019-10-01 19:41:09",200
"2019-10-01 20:41:07",201
"2019-10-01 21:41:08",201
"2019-10-01 22:41:09",201
"2019-10-01 23:41:08",201
"2019-10-02 00:41:13",201
"2019-10-02 01:41:08",201
"2019-10-02 02:41:07",201
"2019-10-02 03:41:08",201
"2019-10-02 04:41:10",201
"2019-10-02 05:41:10",201
"2019-10-02 06:41:08",201
"2019-10-02 07:41:07",201
"2019-10-02 08:41:07",201
"2019-10-02 09:41:09",201
"2019-10-02 10:41:06",201
"2019-10-02 11:41:07",201
"2019-10-02 13:04:42",201
"2019-10-02 13:41:08",201
"2019-10-02 14:41:08",201
"2019-10-02 15:41:09",202
"2019-10-02 16:41:07",201
"2019-10-02 17:41:07",200
"2019-10-02 18:41:07",200
"2019-10-02 19:41:08",201
"2019-10-02 20:41:08",201
"2019-10-02 21:41:08",201
"2019-10-02 22:41:09",201
"2019-10-02 23:41:06",201
"2019-10-03 00:41:07",201
"2019-10-03 01:41:07",201
"2019-10-03 02:41:07",201
"2019-10-03 03:41:08",201
"2019-10-03 04:41:08",201
"2019-10-03 05:41:07",201
"2019-10-03 06:41:07",201
"2019-10-03 07:41:09",201
"2019-10-03 08:41:07",201
"2019-10-03 09:41:08",201
"2019-10-03 10:41:10",201
"2019-10-03 11:41:07",201
"2019-10-03 13:04:40",201
"2019-10-03 13:41:45",201
"2019-10-03 14:41:09",201
"2019-10-03 15:41:06",201
"2019-10-03 16:41:07",201
"2019-10-03 17:41:08",200
"2019-10-03 18:41:09",201
"2019-10-03 19:41:08",201
"2019-10-03 20:41:07",201
"2019-10-03 21:41:08",201
"2019-10-03 22:41:08",201
"2019-10-03 23:41:09",201
"2019-10-04 00:41:07",201
"2019-10-04 01:41:07",201
"2019-10-04 02:41:07",201
"2019-10-04 03:41:07",201
"2019-10-04 04:41:07",201
"2019-10-04 05:41:10",201
"2019-10-04 06:41:09",201
"2019-10-04 07:41:07",201
"2019-10-04 08:41:08",201
"2019-10-04 09:41:07",201
"2019-10-04 10:41:09",201
"2019-10-04 11:41:07",201
"2019-10-04 12:41:07",201
"2019-10-04 13:41:09",201
"2019-10-04 14:41:06",200
"2019-10-04 15:41:07",200
"2019-10-04 16:41:09",200
"2019-10-04 17:41:07",200
"2019-10-04 18:41:07",200
"2019-10-04 19:41:07",200
"2019-10-04 20:41:08",200
"2019-10-04 21:41:08",200
"2019-10-04 22:41:06",200
"2019-10-04 23:41:07",200
"2019-10-05 00:41:09",200
"2019-10-05 01:41:07",200
"2019-10-05 02:41:07",200
"2019-10-05 03:41:07",200
"2019-10-05 04:41:06",200
"2019-10-05 05:41:11",200
"2019-10-05 06:41:07",200
"2019-10-05 07:41:07",200
"2019-10-05 08:41:09",200
"2019-10-05 09:41:07",200
"2019-10-05 10:41:07",200
"2019-10-05 11:41:07",200
"2019-10-05 12:41:08",200
"2019-10-05 13:41:08",200
"2019-10-05 14:41:07",200
"2019-10-05 15:41:07",200
"2019-10-05 16:41:08",200
"2019-10-05 17:41:10",200
"2019-10-05 18:41:08",200
"2019-10-05 19:41:06",200
"2019-10-05 20:41:08",200
"2019-10-05 21:41:07",200
"2019-10-05 22:41:07",200
"2019-10-05 23:41:07",200
"2019-10-06 00:41:07",200
"2019-10-06 01:41:08",200
"2019-10-06 02:41:10",200
"2019-10-06 03:41:08",200
"2019-10-06 04:41:07",200
"2019-10-06 05:41:07",200
"2019-10-06 06:41:10",200
"2019-10-06 07:41:08",200
"2019-10-06 08:41:09",200
"2019-10-06 09:41:08",200
"2019-10-06 10:41:07",200
"2019-10-06 11:41:08",200
"2019-10-06 12:41:08",200
"2019-10-06 13:41:07",200
"2019-10-06 14:41:08",200
"2019-10-06 15:41:06",200
"2019-10-06 16:41:07",200
"2019-10-06 17:41:07",200
"2019-10-06 18:41:10",200
"2019-10-06 19:41:09",200
"2019-10-06 20:41:07",200
"2019-10-06 21:41:06",200
"2019-10-06 22:41:06",200
"2019-10-06 23:41:07",200
"2019-10-07 00:41:07",200
"2019-10-07 01:41:08",200
"2019-10-07 02:41:08",200
"2019-10-07 03:41:07",200
"2019-10-07 04:41:07",200
"2019-10-07 05:41:07",200
"2019-10-07 06:41:08",200
"2019-10-07 07:41:07",200
"2019-10-07 08:41:06",200
"2019-10-07 09:41:11",200
"2019-10-07 10:41:08",200
"2019-10-07 11:41:07",200
"2019-10-07 12:41:12",200
"2019-10-07 13:41:08",200
"2019-10-07 14:41:07",199
"2019-10-07 15:41:08",199
"2019-10-07 16:41:09",199
"2019-10-07 17:41:07",197
"2019-10-07 18:41:07",197
"2019-10-07 19:41:08",197
"2019-10-07 20:41:07",197
"2019-10-07 21:41:07",197
"2019-10-07 22:41:07",197
"2019-10-07 23:41:09",197
"2019-10-08 00:41:07",197
"2019-10-08 01:41:07",197
"2019-10-08 02:41:07",197
"2019-10-08 03:41:09",197
"2019-10-08 04:41:07",197
"2019-10-08 05:41:07",197
"2019-10-08 06:41:08",197
"2019-10-08 07:41:07",197
"2019-10-08 08:41:08",197
"2019-10-08 09:41:08",197
"2019-10-08 10:41:09",197
"2019-10-08 11:41:07",197
"2019-10-08 12:41:07",197
"2019-10-08 13:41:08",197
"2019-10-08 14:41:06",196
"2019-10-08 15:41:07",196
"2019-10-08 16:41:09",195
"2019-10-08 17:41:09",195
"2019-10-08 18:41:09",194
"2019-10-08 19:41:09",194
"2019-10-08 20:41:07",194
"2019-10-08 21:41:07",194
"2019-10-08 22:41:07",194
"2019-10-08 23:41:08",194
"2019-10-09 00:41:07",194
"2019-10-09 01:41:08",194
"2019-10-09 02:41:08",194
"2019-10-09 03:41:07",194
"2019-10-09 04:41:09",194
"2019-10-09 05:41:07",194
"2019-10-09 06:41:08",194
"2019-10-09 07:41:10",194
"2019-10-09 08:41:08",194
"2019-10-09 09:41:06",194
"2019-10-09 10:41:08",194
"2019-10-09 11:41:07",194
"2019-10-09 12:41:11",194
"2019-10-09 13:41:08",194
"2019-10-09 14:41:08",193
"2019-10-09 15:41:11",193
"2019-10-09 16:41:08",193
"2019-10-09 17:41:12",193
"2019-10-09 18:41:09",193
"2019-10-09 19:41:10",193
"2019-10-09 20:41:08",193
"2019-10-09 21:41:07",193
"2019-10-09 22:41:08",193
"2019-10-09 23:41:08",193
"2019-10-10 00:41:08",193
"2019-10-10 01:41:07",193
"2019-10-10 02:41:08",193
"2019-10-10 03:41:07",193
"2019-10-10 04:41:07",193
"2019-10-10 05:41:11",193
"2019-10-10 06:41:08",193
"2019-10-10 07:41:09",193
"2019-10-10 08:41:08",193
"2019-10-10 09:41:07",193
"2019-10-10 10:41:07",193
"2019-10-10 11:41:08",193
"2019-10-10 13:04:13",193
"2019-10-10 13:41:10",193
"2019-10-10 14:41:09",193
"2019-10-10 15:41:08",194
"2019-10-10 16:41:09",194
"2019-10-10 17:41:08",194
"2019-10-10 18:41:08",193
"2019-10-10 19:41:10",193
"2019-10-10 20:41:09",194
"2019-10-10 21:41:10",194
"2019-10-10 22:41:09",194
"2019-10-10 23:41:19",194
"2019-10-11 00:41:10",194
"2019-10-11 01:41:09",194
"2019-10-11 02:41:10",194
"2019-10-11 03:41:12",194
"2019-10-11 04:41:09",194
"2019-10-11 05:41:08",194
"2019-10-11 06:41:11",194
"2019-10-11 07:41:09",194
"2019-10-11 08:41:09",194
"2019-10-11 09:41:12",194
"2019-10-11 10:41:09",194
"2019-10-11 11:41:09",194
"2019-10-11 13:04:43",194
"2019-10-11 13:41:11",194
"2019-10-11 14:41:08",194
"2019-10-11 15:41:13",191
"2019-10-11 16:41:10",190
"2019-10-11 17:41:09",190
"2019-10-11 18:41:10",190
"2019-10-11 19:41:10",191
"2019-10-11 20:41:08",191
"2019-10-11 21:41:09",191
"2019-10-11 22:41:09",191
"2019-10-11 23:41:09",191
"2019-10-12 00:41:10",191
"2019-10-12 01:41:08",191
"2019-10-12 02:41:09",191
"2019-10-12 03:41:11",191
"2019-10-12 04:41:08",191
"2019-10-12 05:41:10",191
"2019-10-12 06:41:12",191
"2019-10-12 07:41:08",191
"2019-10-12 08:41:09",191
"2019-10-12 09:41:11",191
"2019-10-12 10:41:08",191
"2019-10-12 11:41:08",191
"2019-10-12 12:41:11",191
"2019-10-12 13:41:09",191
"2019-10-12 14:41:09",191
"2019-10-12 15:41:09",191
"2019-10-12 16:41:11",191
"2019-10-12 17:41:11",191
"2019-10-12 18:41:09",191
"2019-10-12 19:41:10",191
"2019-10-12 20:41:10",191
"2019-10-12 21:41:08",191
"2019-10-12 22:41:10",191
"2019-10-12 23:41:09",191
"2019-10-13 00:41:11",191
"2019-10-13 01:41:09",191
"2019-10-13 02:41:09",191
"2019-10-13 03:41:11",191
"2019-10-13 04:41:08",191
"2019-10-13 05:41:09",191
"2019-10-13 06:41:10",191
"2019-10-13 07:41:09",191
"2019-10-13 08:41:10",191
"2019-10-13 09:41:10",191
"2019-10-13 10:41:07",191
"2019-10-13 11:41:11",191
"2019-10-13 12:41:09",191
"2019-10-13 13:41:11",191
"2019-10-13 14:41:09",191
"2019-10-13 15:41:09",191
"2019-10-13 16:41:12",191
"2019-10-13 17:41:09",191
"2019-10-13 18:41:10",191
"2019-10-13 19:41:09",191
"2019-10-13 20:41:11",191
"2019-10-13 21:41:10",191
"2019-10-13 22:41:09",191
"2019-10-13 23:41:12",191
"2019-10-14 00:41:10",191
"2019-10-14 01:41:10",191
"2019-10-14 02:41:09",191
"2019-10-14 03:41:09",191
"2019-10-14 04:41:10",191
"2019-10-14 05:41:09",191
"2019-10-14 06:41:10",191
"2019-10-14 07:41:09",191
"2019-10-14 08:41:09",191
"2019-10-14 09:41:12",191
"2019-10-14 10:41:10",191
"2019-10-14 11:41:10",191
"2019-10-14 12:41:11",191
"2019-10-14 13:41:09",191
"2019-10-14 14:41:10",190
"2019-10-14 15:41:11",189
"2019-10-14 16:41:13",189
"2019-10-14 17:41:09",189
"2019-10-14 18:41:11",189
"2019-10-14 19:41:09",190
"2019-10-14 20:41:10",190
"2019-10-14 21:41:10",190
"2019-10-14 22:41:11",190
"2019-10-14 23:41:15",190
"2019-10-15 00:41:08",190
"2019-10-15 01:41:10",190
"2019-10-15 02:41:13",190
"2019-10-15 03:41:09",190
"2019-10-15 04:41:09",190
"2019-10-15 05:41:10",190
"2019-10-15 06:41:10",190
"2019-10-15 07:41:13",190
"2019-10-15 08:41:10",190
"2019-10-15 09:41:09",190
"2019-10-15 10:41:10",190
"2019-10-15 11:41:11",190
"2019-10-15 12:41:10",190
"2019-10-15 13:41:12",190
"2019-10-15 14:41:09",190
"2019-10-15 15:41:08",190
"2019-10-15 16:41:11",190
"2019-10-15 17:41:10",190
"2019-10-15 18:41:12",190
"2019-10-15 19:41:11",190
"2019-10-15 20:41:13",190
"2019-10-15 21:41:09",190
"2019-10-15 22:41:09",190
"2019-10-15 23:41:09",190
"2019-10-16 00:41:09",190
"2019-10-16 01:41:09",190
"2019-10-16 02:41:10",190
"2019-10-16 03:41:12",190
"2019-10-16 04:41:10",190
"2019-10-16 05:41:10",190
"2019-10-16 06:41:08",190
"2019-10-16 07:41:13",190
"2019-10-16 08:41:13",190
"2019-10-16 09:41:10",190
"2019-10-16 10:41:11",190
"2019-10-16 11:41:09",190
"2019-10-16 12:41:09",190
"2019-10-16 13:41:12",189
"2019-10-16 14:41:09",190
"2019-10-16 15:41:12",190
"2019-10-16 16:41:09",190
"2019-10-16 17:41:09",190
"2019-10-16 18:41:10",189
"2019-10-16 19:41:09",189
"2019-10-16 20:41:09",189
"2019-10-16 21:41:11",189
"2019-10-16 22:41:08",189
"2019-10-16 23:41:10",189
"2019-10-17 00:41:09",189
"2019-10-17 01:41:10",189
"2019-10-17 02:41:09",189
"2019-10-17 03:41:13",189
"2019-10-17 04:41:10",189
"2019-10-17 05:41:09",189
"2019-10-17 06:41:09",189
"2019-10-17 07:41:10",189
"2019-10-17 08:41:10",189
"2019-10-17 09:41:09",189
"2019-10-17 10:41:08",189
"2019-10-17 11:41:10",189
"2019-10-17 12:41:09",189
"2019-10-17 13:41:10",189
"2019-10-17 14:41:10",189
"2019-10-17 15:41:09",189
"2019-10-17 16:41:08",189
"2019-10-17 17:41:10",189
"2019-10-17 18:41:09",189
"2019-10-17 19:41:10",189
"2019-10-17 20:41:09",188
"2019-10-17 21:41:09",188
"2019-10-17 22:41:10",188
"2019-10-17 23:41:09",188
"2019-10-18 00:41:09",188
"2019-10-18 01:41:10",188
"2019-10-18 02:41:08",188
"2019-10-18 03:41:11",188
"2019-10-18 04:41:08",188
"2019-10-18 05:41:09",188
"2019-10-18 06:41:12",188
"2019-10-18 07:41:09",188
"2019-10-18 08:41:10",188
"2019-10-18 09:41:10",188
"2019-10-18 10:41:12",188
"2019-10-18 11:41:10",188
"2019-10-18 13:03:44",188
"2019-10-18 13:41:08",188
"2019-10-18 14:41:09",188
"2019-10-18 15:41:11",187
"2019-10-18 16:41:09",187
"2019-10-18 17:41:10",187
"2019-10-18 18:41:09",187
"2019-10-18 19:41:09",187
"2019-10-18 20:41:11",187
"2019-10-18 21:41:09",187
"2019-10-18 22:41:08",187
"2019-10-18 23:41:09",187
"2019-10-19 00:41:09",187
"2019-10-19 01:41:11",187
"2019-10-19 02:41:09",187
"2019-10-19 03:41:08",187
"2019-10-19 04:41:10",187
"2019-10-19 05:41:08",187
"2019-10-19 06:41:11",187
"2019-10-19 07:41:10",187
"2019-10-19 08:41:09",187
"2019-10-19 09:41:10",187
"2019-10-19 10:41:10",187
"2019-10-19 11:41:08",187
"2019-10-19 12:41:11",187
"2019-10-19 13:41:08",187
"2019-10-19 14:41:09",187
"2019-10-19 15:41:09",187
"2019-10-19 16:41:11",187
"2019-10-19 17:41:09",187
"2019-10-19 18:41:09",187
"2019-10-19 19:41:11",187
"2019-10-19 20:41:09",187
"2019-10-19 21:41:08",187
"2019-10-19 22:41:09",187
"2019-10-19 23:41:08",187
"2019-10-20 00:41:09",187
"2019-10-20 01:41:08",187
"2019-10-20 02:41:11",187
"2019-10-20 03:41:08",187
"2019-10-20 04:41:10",187
"2019-10-20 05:41:10",187
"2019-10-20 06:41:10",187
"2019-10-20 07:41:11",187
"2019-10-20 08:41:09",187
"2019-10-20 09:41:09",187
"2019-10-20 10:41:11",187
"2019-10-20 11:41:08",187
"2019-10-20 12:41:10",187
"2019-10-20 13:41:09",187
"2019-10-20 14:41:08",187
"2019-10-20 15:41:08",187
"2019-10-20 16:41:10",187
"2019-10-20 17:41:08",187
"2019-10-20 18:41:09",187
"2019-10-20 19:41:08",187
"2019-10-20 20:41:07",187
"2019-10-20 21:41:08",187
"2019-10-20 22:41:08",187
"2019-10-20 23:41:08",187
"2019-10-21 00:41:10",187
"2019-10-21 01:41:11",187
"2019-10-21 02:41:09",187
"2019-10-21 03:41:09",187
"2019-10-21 04:41:08",187
"2019-10-21 05:41:12",187
"2019-10-21 06:41:09",187
"2019-10-21 07:41:09",187
"2019-10-21 08:41:09",187
"2019-10-21 09:41:10",187
"2019-10-21 10:41:09",187
"2019-10-21 11:41:11",187
"2019-10-21 13:04:42",187
"2019-10-21 13:41:12",187
"2019-10-21 14:41:09",187
"2019-10-21 15:41:10",187
"2019-10-21 16:41:10",187
"2019-10-21 17:41:09",187
"2019-10-21 18:41:09",187
"2019-10-21 19:41:10",187
"2019-10-21 20:41:09",187
"2019-10-21 21:41:09",187
"2019-10-21 22:41:11",187
"2019-10-21 23:41:09",187
"2019-10-22 00:41:09",187
"2019-10-22 01:41:09",187
"2019-10-22 02:41:11",187
"2019-10-22 03:41:12",187
"2019-10-22 04:41:10",187
"2019-10-22 05:41:10",187
"2019-10-22 06:41:09",187
"2019-10-22 07:41:11",187
"2019-10-22 08:41:10",187
"2019-10-22 09:41:11",187
"2019-10-22 10:41:08",187
"2019-10-22 11:41:08",187
"2019-10-22 12:41:15",187
"2019-10-22 13:41:10",187
"2019-10-22 14:41:10",188
"2019-10-22 15:41:14",188
"2019-10-22 16:41:11",188
"2019-10-22 17:41:13",188
"2019-10-22 18:41:12",188
"2019-10-22 19:41:10",188
"2019-10-22 20:41:12",188
"2019-10-22 21:41:11",188
"2019-10-22 22:41:12",188
"2019-10-22 23:41:12",188
"2019-10-23 00:41:14",188
"2019-10-23 01:41:12",188
"2019-10-23 02:41:10",188
"2019-10-23 03:41:10",188
"2019-10-23 04:41:12",188
"2019-10-23 05:41:11",188
"2019-10-23 06:41:16",188
"2019-10-23 07:41:12",188
"2019-10-23 08:41:11",188
"2019-10-23 09:41:12",188
"2019-10-23 10:41:12",188
"2019-10-23 11:41:10",188
"2019-10-23 12:41:13",188
"2019-10-23 13:41:13",188
"2019-10-23 14:41:10",187
"2019-10-23 15:41:10",187
"2019-10-23 16:41:12",187
"2019-10-23 17:41:10",187
"2019-10-23 18:41:10",187
"2019-10-23 19:41:11",187
"2019-10-23 20:41:12",187
"2019-10-23 21:41:10",187
"2019-10-23 22:41:11",187
"2019-10-23 23:41:11",187
"2019-10-24 00:45:09",187
"2019-10-24 01:41:11",187
"2019-10-24 02:41:11",187
"2019-10-24 03:41:14",187
"2019-10-24 04:41:10",187
"2019-10-24 05:41:12",187
"2019-10-24 06:41:16",187
"2019-10-24 07:41:10",187
"2019-10-24 08:41:11",187
"2019-10-24 09:41:13",187
"2019-10-24 10:41:10",187
"2019-10-24 11:41:10",187
"2019-10-24 13:04:45",187
"2019-10-24 13:41:11",187
"2019-10-24 14:41:09",186
"2019-10-24 15:41:12",187
"2019-10-24 16:41:10",187
"2019-10-24 17:41:11",188
"2019-10-24 18:41:11",189
"2019-10-24 19:41:13",189
"2019-10-24 20:41:10",189
"2019-10-24 21:41:10",189
"2019-10-24 22:41:10",189
"2019-10-24 23:41:11",189
"2019-10-25 00:41:11",189
"2019-10-25 01:41:11",189
"2019-10-25 02:41:13",189
"2019-10-25 03:41:10",189
"2019-10-25 04:41:09",189
"2019-10-25 05:41:12",189
"2019-10-25 06:41:12",189
"2019-10-25 07:41:12",189
"2019-10-25 08:41:12",189
"2019-10-25 09:41:10",189
"2019-10-25 10:41:10",189
"2019-10-25 11:41:15",189
"2019-10-25 13:04:43",189
"2019-10-25 13:41:11",189
"2019-10-25 14:41:14",188
"2019-10-25 15:41:10",188
"2019-10-25 16:41:14",188
"2019-10-25 17:41:11",188
"2019-10-25 18:41:10",187
"2019-10-25 19:41:10",187
"2019-10-25 20:41:10",187
"2019-10-25 21:41:10",187
"2019-10-25 22:41:11",187
"2019-10-25 23:41:10",187
"2019-10-26 00:41:10",187
"2019-10-26 01:41:13",187
"2019-10-26 02:41:11",187
"2019-10-26 03:41:12",187
"2019-10-26 04:41:13",187
"2019-10-26 05:41:10",187
"2019-10-26 06:41:09",187
"2019-10-26 07:41:13",187
"2019-10-26 08:41:10",187
"2019-10-26 09:41:10",187
"2019-10-26 10:41:10",187
"2019-10-26 11:41:12",187
"2019-10-26 12:41:11",187
"2019-10-26 13:41:11",187
"2019-10-26 14:41:12",187
"2019-10-26 15:41:12",187
"2019-10-26 16:41:11",187
"2019-10-26 17:41:11",187
"2019-10-26 18:41:11",187
"2019-10-26 19:41:11",187
"2019-10-26 20:41:11",187
"2019-10-26 21:41:12",187
"2019-10-26 22:41:11",187
"2019-10-26 23:41:11",187
"2019-10-27 00:41:12",187
"2019-10-27 01:41:11",187
"2019-10-27 02:41:11",187
"2019-10-27 03:41:11",187
"2019-10-27 04:41:10",187
"2019-10-27 05:41:14",187
"2019-10-27 06:41:11",187
"2019-10-27 07:41:10",187
"2019-10-27 08:41:11",187
"2019-10-27 09:41:10",187
"2019-10-27 10:41:09",187
"2019-10-27 11:41:10",187
"2019-10-27 12:41:12",187
"2019-10-27 13:41:11",187
"2019-10-27 14:41:10",187
"2019-10-27 15:41:15",187
"2019-10-27 16:41:10",187
"2019-10-27 17:41:11",187
"2019-10-27 18:41:12",187
"2019-10-27 19:41:13",187
"2019-10-27 20:41:14",187
"2019-10-27 21:41:10",187
"2019-10-27 22:41:09",187
"2019-10-27 23:41:10",187
"2019-10-28 00:41:10",187
"2019-10-28 01:41:11",187
"2019-10-28 02:41:10",187
"2019-10-28 03:41:13",187
"2019-10-28 04:41:10",187
"2019-10-28 05:41:10",187
"2019-10-28 06:41:12",187
"2019-10-28 07:41:11",187
"2019-10-28 08:41:10",187
"2019-10-28 09:41:10",187
"2019-10-28 10:41:12",187
"2019-10-28 11:41:09",187
"2019-10-28 12:41:13",187
"2019-10-28 14:41:12",186
"2019-10-28 15:41:17",186
"2019-10-28 16:41:15",187
"2019-10-28 17:41:12",187
"2019-10-28 18:41:12",187
"2019-10-28 19:41:12",187
"2019-10-28 23:41:11",187
"2019-10-29 00:41:11",187
"2019-10-29 01:41:13",187
"2019-10-29 02:41:11",187
"2019-10-29 03:41:13",187
"2019-10-29 04:41:11",187
"2019-10-29 05:41:13",187
"2019-10-29 06:41:12",187
"2019-10-29 07:41:11",187
"2019-10-29 08:41:12",187
"2019-10-29 09:41:10",187
"2019-10-29 10:41:13",187
"2019-10-29 11:41:10",187
"2019-10-29 12:41:11",187
"2019-10-29 13:41:15",187
"2019-10-29 14:41:11",187
"2019-10-29 15:41:13",187
"2019-10-29 16:41:12",188
"2019-10-29 17:41:10",188
"2019-10-29 18:41:12",188
"2019-10-29 19:41:13",189
"2019-10-29 20:41:11",189
"2019-10-29 21:41:12",189
"2019-10-29 22:41:11",189
"2019-10-29 23:41:12",189
"2019-10-30 00:41:15",189
"2019-10-30 01:41:12",189
"2019-10-30 02:41:11",189
"2019-10-30 03:41:12",189
"2019-10-30 04:41:13",189
"2019-10-30 05:41:14",189
"2019-10-30 06:41:11",189
"2019-10-30 07:41:17",189
"2019-10-30 08:41:12",189
"2019-10-30 09:41:12",189
"2019-10-30 10:41:12",189
"2019-10-30 11:41:09",189
"2019-10-30 13:05:13",189
"2019-10-30 13:41:12",189
"2019-10-30 14:41:10",189
"2019-10-30 15:41:10",190
"2019-10-30 16:41:11",190
"2019-10-30 17:41:11",190
"2019-10-30 18:41:11",190
"2019-10-30 19:41:11",190
"2019-10-30 20:41:10",190
"2019-10-30 21:41:11",190
"2019-10-30 22:41:10",190
"2019-10-30 23:41:11",190
"2019-10-31 00:41:10",190
"2019-10-31 01:41:11",190
"2019-10-31 02:41:10",190
"2019-10-31 03:41:12",190
"2019-10-31 04:41:10",190
"2019-10-31 05:41:10",190
"2019-10-31 06:41:12",190
"2019-10-31 07:41:11",190
"2019-10-31 08:41:11",190
"2019-10-31 09:41:13",190
"2019-10-31 10:41:11",190
"2019-10-31 11:41:11",190
"2019-10-31 13:06:15",190
"2019-10-31 13:41:12",190
"2019-10-31 14:41:12",190
"2019-10-31 15:41:13",190
"2019-10-31 16:41:12",191
"2019-10-31 17:41:12",191
"2019-10-31 18:41:11",191
"2019-10-31 19:41:11",191
"2019-10-31 20:41:13",191
"2019-10-31 22:04:15",191
"2019-10-31 22:41:14",191
"2019-10-31 23:41:11",191
"2019-11-01 00:41:11",191
"2019-11-01 01:41:11",191
"2019-11-01 02:41:11",191
"2019-11-01 03:41:12",191
"2019-11-01 04:41:10",191
"2019-11-01 05:41:13",191
"2019-11-01 06:41:10",191
"2019-11-01 07:41:13",191
"2019-11-01 08:41:12",191
"2019-11-01 09:41:12",191
"2019-11-01 10:41:12",191
"2019-11-01 11:41:14",191
"2019-11-01 13:37:20",191
"2019-11-01 13:46:39",191
"2019-11-01 14:41:12",191
"2019-11-01 15:41:11",191
"2019-11-01 16:41:15",191
"2019-11-01 17:41:13",191
"2019-11-01 18:41:16",191
"2019-11-01 19:41:12",191
"2019-11-01 20:41:12",190
"2019-11-01 21:41:12",190
"2019-11-01 22:41:12",190
"2019-11-01 23:41:12",190
"2019-11-02 00:41:14",190
"2019-11-02 01:41:12",190
"2019-11-02 02:41:12",190
"2019-11-02 03:41:14",190
"2019-11-02 04:41:12",190
"2019-11-02 05:41:11",190
"2019-11-02 06:41:14",190
"2019-11-02 07:41:11",190
"2019-11-02 08:41:12",190
"2019-11-02 09:41:11",190
"2019-11-02 10:41:14",190
"2019-11-02 11:41:12",190
"2019-11-02 12:41:14",190
"2019-11-02 13:41:13",190
"2019-11-02 14:41:12",190
"2019-11-02 15:41:14",190
"2019-11-02 16:41:11",190
"2019-11-02 17:41:12",190
"2019-11-02 18:41:12",190
"2019-11-02 19:41:12",190
"2019-11-02 20:41:12",190
"2019-11-02 21:41:13",190
"2019-11-02 22:41:14",190
"2019-11-02 23:41:12",190
"2019-11-03 00:41:12",190
"2019-11-03 01:41:12",190
"2019-11-03 02:41:13",190
"2019-11-03 03:41:12",190
"2019-11-03 05:41:13",190
"2019-11-03 06:41:12",190
"2019-11-03 07:41:13",190
"2019-11-03 21:41:13",190
"2019-11-03 22:41:11",190
"2019-11-03 23:41:14",190
"2019-11-04 00:41:11",190
"2019-11-04 01:41:12",190
"2019-11-04 02:41:11",190
"2019-11-04 03:41:11",190
"2019-11-04 04:41:11",190
"2019-11-04 05:41:14",190
"2019-11-04 06:41:12",190
"2019-11-04 07:41:11",190
"2019-11-04 08:41:11",190
"2019-11-04 09:41:12",190
"2019-11-04 10:41:11",190
"2019-11-04 11:41:11",190
"2019-11-04 12:41:11",190
"2019-11-04 14:06:45",190
"2019-11-04 15:41:11",189
"2019-11-04 16:41:12",188
"2019-11-04 17:41:12",188
"2019-11-04 18:41:12",188
"2019-11-04 19:41:13",188
"2019-11-04 20:41:12",188
"2019-11-04 21:41:12",187
"2019-11-04 22:41:12",187
"2019-11-04 23:41:12",187
"2019-11-05 00:41:12",187
"2019-11-05 01:41:12",187
"2019-11-05 02:41:13",187
"2019-11-05 03:41:13",187
"2019-11-05 04:41:11",187
"2019-11-05 05:41:12",187
"2019-11-05 06:41:13",187
"2019-11-05 07:41:12",187
"2019-11-05 08:41:12",187
"2019-11-05 09:41:13",187
"2019-11-05 10:41:11",187
"2019-11-05 11:41:12",187
"2019-11-05 12:41:11",187
"2019-11-05 14:06:45",187
"2019-11-05 14:41:14",187
"2019-11-05 15:41:12",187
"2019-11-05 16:41:12",188
"2019-11-05 17:41:12",188
"2019-11-05 18:41:11",187
"2019-11-05 19:41:13",188
"2019-11-05 20:41:13",188
"2019-11-05 21:41:12",188
"2019-11-05 22:41:12",188
"2019-11-05 23:41:12",188
"2019-11-06 00:41:12",188
"2019-11-06 01:41:12",188
"2019-11-06 02:41:13",188
"2019-11-06 03:41:12",188
"2019-11-06 04:41:14",188
"2019-11-06 05:41:12",188
"2019-11-06 06:41:15",188
"2019-11-06 07:41:11",188
"2019-11-06 08:41:11",188
"2019-11-06 09:41:13",188
"2019-11-06 10:41:13",188
"2019-11-06 11:41:12",188
"2019-11-06 12:41:11",188
"2019-11-06 13:41:12",188
"2019-11-06 14:41:14",188
"2019-11-06 15:41:13",188
"2019-11-06 16:41:13",189
"2019-11-06 17:41:13",189
"2019-11-06 18:41:13",189
"2019-11-06 19:41:13",189
"2019-11-06 20:41:13",189
"2019-11-06 21:41:13",189
"2019-11-06 22:41:12",189
"2019-11-06 23:41:13",189
"2019-11-07 00:41:13",189
"2019-11-07 01:41:12",189
"2019-11-07 02:41:13",189
"2019-11-07 03:41:12",189
"2019-11-07 04:41:14",189
"2019-11-07 05:41:13",189
"2019-11-07 06:41:12",189
"2019-11-07 07:41:13",189
"2019-11-07 08:41:13",189
"2019-11-07 09:41:13",189
"2019-11-07 10:41:11",189
"2019-11-07 11:41:12",189
"2019-11-07 12:41:12",189
"2019-11-07 14:05:16",189
"2019-11-07 14:41:45",189
"2019-11-07 15:41:15",189
"2019-11-07 16:41:15",189
"2019-11-07 17:41:14",190
"2019-11-07 18:41:15",190
"2019-11-07 19:41:14",190
"2019-11-07 21:05:46",191
"2019-11-07 21:41:13",191
"2019-11-07 22:41:13",191
"2019-11-07 23:41:14",191
"2019-11-08 00:41:15",191
"2019-11-08 01:41:14",191
"2019-11-08 02:41:15",191
"2019-11-08 03:41:13",191
"2019-11-08 04:41:13",191
"2019-11-08 05:41:15",191
"2019-11-08 06:41:12",191
"2019-11-08 07:41:13",191
"2019-11-08 08:41:17",191
"2019-11-08 09:41:13",191
"2019-11-08 10:41:13",191
"2019-11-08 11:41:12",191
"2019-11-08 12:41:13",191
"2019-11-08 14:06:48",191
"2019-11-08 14:41:48",191
"2019-11-08 15:41:14",192
"2019-11-08 16:41:14",192
"2019-11-08 17:41:15",192
"2019-11-08 18:41:14",192
"2019-11-08 19:41:15",192
"2019-11-08 20:41:14",192
"2019-11-08 21:41:15",192
"2019-11-08 22:41:14",192
"2019-11-08 23:41:14",192
"2019-11-09 00:41:15",192
"2019-11-09 01:41:16",192
"2019-11-09 02:41:15",192
"2019-11-09 03:41:14",192
"2019-11-09 04:41:16",192
"2019-11-09 05:41:13",192
"2019-11-09 06:41:15",192
"2019-11-09 07:41:15",192
"2019-11-09 08:41:16",192
"2019-11-09 09:41:14",192
"2019-11-09 10:41:14",192
"2019-11-09 11:41:16",192
"2019-11-09 12:41:14",192
"2019-11-09 13:41:13",192
"2019-11-09 14:41:15",192
"2019-11-09 15:41:15",192
"2019-11-09 16:41:15",192
"2019-11-09 17:41:14",192
"2019-11-09 18:41:13",192
"2019-11-09 19:41:15",192
"2019-11-09 20:41:16",192
"2019-11-09 21:41:14",192
"2019-11-09 22:41:16",192
"2019-11-09 23:41:14",192
"2019-11-10 00:41:14",192
"2019-11-10 01:41:15",192
"2019-11-10 02:41:16",192
"2019-11-10 03:41:13",192
"2019-11-10 04:41:14",192
"2019-11-10 05:41:14",192
"2019-11-10 06:41:13",192
"2019-11-10 07:41:13",192
"2019-11-10 08:41:14",192
"2019-11-10 09:41:15",192
"2019-11-10 10:41:13",192
"2019-11-10 11:41:14",192
"2019-11-10 12:41:14",192
"2019-11-10 13:41:13",192
"2019-11-10 14:41:13",192
"2019-11-10 15:41:15",192
"2019-11-10 16:41:14",192
"2019-11-10 17:41:14",192
"2019-11-10 18:41:15",192
"2019-11-10 19:41:13",192
"2019-11-10 20:41:14",192
"2019-11-10 21:41:13",192
"2019-11-10 22:41:15",192
"2019-11-10 23:41:15",192
"2019-11-11 00:41:15",192
"2019-11-11 01:41:15",192
"2019-11-11 02:41:15",192
"2019-11-11 03:41:15",192
"2019-11-11 04:41:14",192
"2019-11-11 05:41:15",192
"2019-11-11 06:41:14",192
"2019-11-11 07:41:16",192
"2019-11-11 08:41:17",192
"2019-11-11 09:41:16",192
"2019-11-11 10:41:15",192
"2019-11-11 11:41:14",192
"2019-11-11 12:41:16",192
"2019-11-11 13:41:15",192
"2019-11-11 14:41:16",192
"2019-11-11 15:41:18",192
"2019-11-11 16:41:15",192
"2019-11-11 17:41:16",192
"2019-11-11 18:41:16",192
"2019-11-11 19:41:15",192
"2019-11-11 21:41:15",192
"2019-11-11 22:41:15",192
"2019-11-11 23:41:14",192
"2019-11-12 00:41:13",192
"2019-11-12 01:41:13",192
"2019-11-12 02:41:15",192
"2019-11-12 03:41:15",192
"2019-11-12 04:41:13",192
"2019-11-12 05:41:15",192
"2019-11-12 06:41:13",192
"2019-11-12 07:41:15",192
"2019-11-12 08:41:13",192
"2019-11-12 09:41:14",192
"2019-11-12 10:41:13",192
"2019-11-12 11:41:15",192
"2019-11-12 12:41:17",192
"2019-11-12 14:05:17",192
"2019-11-12 14:41:15",192
"2019-11-12 15:41:14",192
"2019-11-12 16:41:15",192
"2019-11-12 17:41:15",193
"2019-11-12 18:41:16",194
"2019-11-12 19:41:14",194
"2019-11-12 20:41:13",193
"2019-11-12 21:41:14",193
"2019-11-12 22:41:15",193
"2019-11-12 23:41:15",193
"2019-11-13 00:41:17",193
"2019-11-13 01:41:14",193
"2019-11-13 02:41:14",193
"2019-11-13 03:41:17",193
"2019-11-13 04:41:15",193
"2019-11-13 05:41:19",193
"2019-11-13 06:41:14",193
"2019-11-13 07:41:17",193
"2019-11-13 08:41:16",193
"2019-11-13 09:41:15",193
"2019-11-13 10:41:14",193
"2019-11-13 11:41:17",193
"2019-11-13 12:41:14",193
"2019-11-13 13:41:14",193
"2019-11-13 15:41:17",193
"2019-11-13 16:41:14",193
"2019-11-13 17:41:16",193
"2019-11-13 18:41:16",193
"2019-11-13 19:41:14",193
"2019-11-13 20:41:15",193
"2019-11-13 21:41:13",193
"2019-11-13 22:41:15",193
"2019-11-13 23:41:15",193
"2019-11-14 00:41:15",193
"2019-11-14 01:41:13",193
"2019-11-14 02:41:16",193
"2019-11-14 03:41:13",193
"2019-11-14 04:41:14",193
"2019-11-14 05:41:17",193
"2019-11-14 06:41:13",193
"2019-11-14 07:41:17",193
"2019-11-14 08:41:16",193
"2019-11-14 09:41:16",193
"2019-11-14 10:41:15",193
"2019-11-14 11:41:17",193
"2019-11-14 12:41:13",193
"2019-11-14 14:04:50",193
"2019-11-14 14:41:15",193
"2019-11-14 15:41:15",194
"2019-11-14 17:41:14",194
"2019-11-14 18:41:13",194
"2019-11-14 19:41:14",194
"2019-11-14 20:41:15",194
"2019-11-14 21:41:17",195
"2019-11-14 22:41:13",195
"2019-11-14 23:41:14",195
"2019-11-15 00:41:15",195
"2019-11-15 01:41:14",195
"2019-11-15 02:41:14",195
"2019-11-15 03:41:15",195
"2019-11-15 04:41:15",195
"2019-11-15 05:41:14",195
"2019-11-15 06:41:15",195
"2019-11-15 07:41:13",195
"2019-11-15 08:41:19",195
"2019-11-15 09:41:13",195
"2019-11-15 10:41:14",195
"2019-11-15 11:41:14",195
"2019-11-15 12:41:16",195
"2019-11-15 14:07:47",195
"2019-11-15 15:41:17",195
"2019-11-15 16:41:14",195
"2019-11-15 17:41:15",195
"2019-11-15 18:41:18",196
"2019-11-15 19:41:16",196
"2019-11-15 20:41:15",196
"2019-11-15 21:41:13",196
"2019-11-15 22:41:16",196
"2019-11-15 23:41:15",196
"2019-11-16 00:41:16",196
"2019-11-16 01:41:14",196
"2019-11-16 02:41:15",196
"2019-11-16 03:41:14",196
"2019-11-16 04:41:16",196
"2019-11-16 05:41:15",196
"2019-11-16 06:41:15",196
"2019-11-16 07:41:15",196
"2019-11-16 08:41:15",196
"2019-11-16 09:41:15",196
"2019-11-16 10:41:13",196
"2019-11-16 11:41:14",196
"2019-11-16 12:41:16",196
"2019-11-16 13:41:16",196
"2019-11-16 14:41:16",196
"2019-11-16 15:41:14",196
"2019-11-16 16:41:14",196
"2019-11-16 17:41:16",196
"2019-11-16 18:41:14",196
"2019-11-16 19:41:13",196
"2019-11-16 20:41:13",196
"2019-11-16 21:41:13",196
"2019-11-16 22:41:14",196
"2019-11-16 23:41:13",196
"2019-11-17 00:41:13",196
"2019-11-17 01:41:13",196
"2019-11-17 02:41:15",196
"2019-11-17 03:41:13",196
"2019-11-17 04:41:14",196
"2019-11-17 05:41:14",196
"2019-11-17 06:41:16",196
"2019-11-17 07:41:15",196
"2019-11-17 08:41:14",196
"2019-11-17 10:41:16",196
"2019-11-17 11:41:17",196
"2019-11-17 12:41:14",196
"2019-11-17 13:41:16",196
"2019-11-17 14:41:13",196
"2019-11-17 15:41:13",196
"2019-11-17 16:41:15",196
"2019-11-17 17:41:13",196
"2019-11-17 18:41:13",196
"2019-11-17 19:41:14",196
"2019-11-17 20:41:15",196
"2019-11-17 21:41:16",196
"2019-11-17 22:41:14",196
"2019-11-17 23:41:16",196
"2019-11-18 00:41:13",196
"2019-11-18 01:41:13",196
"2019-11-18 02:41:15",196
"2019-11-18 03:41:14",196
"2019-11-18 04:41:13",196
"2019-11-18 05:41:16",196
"2019-11-18 06:41:12",196
"2019-11-18 07:41:14",196
"2019-11-18 08:41:16",196
"2019-11-18 09:41:16",196
"2019-11-18 10:41:15",196
"2019-11-18 11:41:13",196
"2019-11-18 12:41:15",196
"2019-11-18 14:06:19",196
"2019-11-18 14:41:15",196
"2019-11-18 15:41:18",198
"2019-11-18 16:41:15",198
"2019-11-18 17:41:18",198
"2019-11-18 18:41:17",198
"2019-11-18 19:41:16",198
"2019-11-18 20:41:16",198
"2019-11-18 21:41:16",199
"2019-11-18 22:41:14",199
"2019-11-18 23:41:17",199
"2019-11-19 00:41:16",199
"2019-11-19 01:41:15",199
"2019-11-19 02:41:14",199
"2019-11-19 03:41:15",199
"2019-11-19 04:41:15",199
"2019-11-19 05:41:14",199
"2019-11-19 06:41:16",199
"2019-11-19 07:41:15",199
"2019-11-19 08:41:15",199
"2019-11-19 09:41:16",199
"2019-11-19 10:41:16",199
"2019-11-19 11:41:15",199
"2019-11-19 12:41:16",199
"2019-11-19 14:06:20",199
"2019-11-19 14:41:15",199
"2019-11-19 15:41:17",201
"2019-11-19 16:41:15",201
"2019-11-19 17:41:15",201
"2019-11-19 18:41:14",201
"2019-11-19 19:41:16",200
"2019-11-19 20:41:16",200
"2019-11-19 21:41:19",200
"2019-11-19 22:41:16",200
"2019-11-19 23:41:16",200
"2019-11-20 00:41:16",200
"2019-11-20 01:41:16",200
"2019-11-20 02:41:17",200
"2019-11-20 03:41:17",200
"2019-11-20 04:41:15",200
"2019-11-20 05:41:16",200
"2019-11-20 06:41:16",200
"2019-11-20 07:41:17",200
"2019-11-20 08:41:17",200
"2019-11-20 09:41:20",200
"2019-11-20 10:41:20",200
"2019-11-20 11:41:20",200
"2019-11-20 12:41:18",200
"2019-11-20 14:05:50",200
"2019-11-20 14:41:20",200
"2019-11-20 15:41:17",200
"2019-11-20 16:41:18",199
"2019-11-20 22:41:16",199
"2019-11-20 23:41:15",199
"2019-11-21 00:41:15",199
"2019-11-21 01:41:15",199
"2019-11-21 02:41:18",199
"2019-11-21 03:41:16",199
"2019-11-21 04:41:15",199
"2019-11-21 05:41:17",199
"2019-11-21 06:41:19",199
"2019-11-21 07:41:14",199
"2019-11-21 08:41:14",199
"2019-11-21 09:41:16",199
"2019-11-21 10:41:17",199
"2019-11-21 11:41:14",199
"2019-11-21 12:41:15",199
"2019-11-21 14:05:19",199
"2019-11-21 14:41:19",199
"2019-11-21 15:41:14",198
"2019-11-21 16:41:16",198
"2019-11-21 17:41:17",198
"2019-11-21 18:41:14",198
"2019-11-21 19:41:14",197
"2019-11-21 20:41:14",197
"2019-11-21 21:41:15",196
"2019-11-21 22:41:15",196
"2019-11-21 23:41:16",196
"2019-11-22 00:41:16",196
"2019-11-22 01:41:18",196
"2019-11-22 02:41:15",196
"2019-11-22 03:41:15",196
"2019-11-22 04:41:14",196
"2019-11-22 05:41:17",196
"2019-11-22 06:41:17",196
"2019-11-22 07:41:18",196
"2019-11-22 08:41:19",196
"2019-11-22 09:41:18",196
"2019-11-22 10:41:19",196
"2019-11-22 11:41:16",196
"2019-11-22 12:41:15",196
"2019-11-22 13:41:15",196
"2019-11-22 14:41:17",196
"2019-11-22 15:41:13",197
"2019-11-22 16:41:14",197
"2019-11-22 17:41:19",197
"2019-11-22 18:41:18",197
"2019-11-22 19:41:14",197
"2019-11-22 20:41:16",197
"2019-11-22 21:41:15",197
"2019-11-22 22:41:14",197
"2019-11-22 23:41:17",197
"2019-11-23 00:41:21",197
"2019-11-23 01:41:15",197
"2019-11-23 02:41:14",197
"2019-11-23 03:41:15",197
"2019-11-23 04:41:18",197
"2019-11-23 05:41:15",197
"2019-11-23 06:41:16",197
"2019-11-23 07:41:16",197
"2019-11-23 08:41:16",197
"2019-11-23 09:41:17",197
"2019-11-23 10:41:18",197
"2019-11-23 11:41:14",197
"2019-11-23 12:41:14",197
"2019-11-23 13:41:14",197
"2019-11-23 14:41:15",197
"2019-11-23 15:41:15",197
"2019-11-23 16:41:14",197
"2019-11-23 17:41:16",197
"2019-11-23 18:41:15",197
"2019-11-23 19:41:16",197
"2019-11-23 20:41:13",197
"2019-11-23 21:41:15",197
"2019-11-23 22:41:13",197
"2019-11-23 23:41:14",197
"2019-11-24 00:41:16",197
"2019-11-24 01:41:14",197
"2019-11-24 02:41:14",197
"2019-11-24 03:41:15",197
"2019-11-24 04:41:14",197
"2019-11-24 05:41:14",197
"2019-11-24 06:41:14",197
"2019-11-24 07:41:13",197
"2019-11-24 08:41:15",197
"2019-11-24 09:41:16",197
"2019-11-24 10:41:17",197
"2019-11-24 11:41:15",197
"2019-11-24 12:41:13",197
"2019-11-24 13:41:13",197
"2019-11-24 14:41:14",197
"2019-11-24 15:41:15",197
"2019-11-24 16:41:15",197
"2019-11-24 17:41:14",197
"2019-11-24 18:41:16",197
"2019-11-24 19:41:14",197
"2019-11-24 20:41:17",197
"2019-11-24 21:41:14",197
"2019-11-24 22:41:16",197
"2019-11-24 23:41:14",197
"2019-11-25 00:41:15",197
"2019-11-25 01:41:17",197
"2019-11-25 02:41:15",197
"2019-11-25 03:41:15",197
"2019-11-25 04:41:13",197
"2019-11-25 05:41:14",197
"2019-11-25 06:41:15",197
"2019-11-25 07:41:16",197
"2019-11-25 08:41:19",197
"2019-11-25 09:41:18",197
"2019-11-25 10:41:19",197
"2019-11-25 11:41:17",197
"2019-11-25 12:41:18",197
"2019-11-25 13:41:14",197
"2019-11-25 14:41:15",197
"2019-11-25 15:41:17",197
"2019-11-25 16:41:15",196
"2019-11-25 17:41:15",196
"2019-11-25 18:41:14",196
"2019-11-25 19:41:17",197
"2019-11-25 20:41:16",198
"2019-11-25 21:41:15",198
"2019-11-25 22:41:18",198
"2019-11-25 23:41:16",198
"2019-11-26 00:41:17",198
"2019-11-26 01:41:15",198
"2019-11-26 02:41:16",198
"2019-11-26 03:41:16",198
"2019-11-26 04:41:15",198
"2019-11-26 05:41:18",198
"2019-11-26 06:41:20",198
"2019-11-26 07:41:16",198
"2019-11-26 08:41:16",198
"2019-11-26 09:41:20",198
"2019-11-26 20:41:17",198
"2019-11-26 21:41:16",198
"2019-11-26 22:41:18",198
"2019-11-26 23:41:15",198
"2019-11-27 00:41:18",198
"2019-11-27 01:41:16",198
"2019-11-27 02:41:15",198
"2019-11-27 03:41:16",198
"2019-11-27 04:41:15",198
"2019-11-27 05:41:15",198
"2019-11-27 06:41:16",198
"2019-11-27 07:41:16",198
"2019-11-27 08:41:20",198
"2019-11-27 09:41:19",198
"2019-11-27 10:41:15",198
"2019-11-27 11:41:13",198
"2019-11-27 12:41:21",198
"2019-11-27 13:41:15",198
"2019-11-27 14:41:16",198
"2019-11-27 15:41:19",197
"2019-11-27 16:41:16",197
"2019-11-27 17:41:15",197
"2019-11-27 18:41:16",197
"2019-11-27 19:41:16",197
"2019-11-27 20:41:16",197
"2019-11-27 21:41:15",197
"2019-11-27 22:41:16",197
"2019-11-27 23:41:15",197
"2019-11-28 00:41:16",197
"2019-11-28 01:41:17",197
"2019-11-28 02:41:19",197
"2019-11-28 03:41:18",197
"2019-11-28 04:41:17",197
"2019-11-28 05:41:16",197
"2019-11-28 06:41:16",197
"2019-11-28 07:41:18",197
"2019-11-28 08:41:16",197
"2019-11-28 09:41:19",197
"2019-11-28 10:41:17",197
"2019-11-28 11:41:16",197
"2019-11-28 12:41:15",197
"2019-11-28 13:41:14",197
"2019-11-28 14:41:16",197
"2019-11-28 15:41:16",197
"2019-11-28 16:41:15",197
"2019-11-28 17:41:17",197
"2019-11-28 18:41:16",197
"2019-11-28 19:41:16",197
"2019-11-28 20:41:15",197
"2019-11-28 21:41:16",197
"2019-11-28 22:41:15",197
"2019-11-28 23:41:16",197
"2019-11-29 00:41:16",197
"2019-11-29 01:41:16",197
"2019-11-29 02:41:16",197
"2019-11-29 03:41:14",197
"2019-11-29 04:41:16",197
"2019-11-29 05:41:16",197
"2019-11-29 06:41:16",197
"2019-11-29 07:41:17",197
"2019-11-29 08:41:21",197
"2019-11-29 09:41:24",197
"2019-11-29 10:41:28",197
"2019-11-29 11:41:18",197
"2019-11-29 12:41:17",197
"2019-11-29 13:41:21",197
"2019-11-29 14:41:21",197
"2019-11-29 15:41:19",198
"2019-11-29 16:41:21",198
"2019-11-29 17:41:20",198
"2019-11-29 18:41:20",198
"2019-11-29 19:41:19",198
"2019-11-29 20:41:19",198
"2019-11-29 21:41:16",198
"2019-11-29 22:41:20",198
"2019-11-29 23:41:18",198
"2019-11-30 00:41:17",198
"2019-11-30 01:41:16",198
"2019-11-30 02:41:18",198
"2019-11-30 03:41:18",198
"2019-11-30 04:41:17",198
"2019-11-30 05:41:19",198
"2019-11-30 06:41:18",198
"2019-11-30 07:41:19",198
"2019-11-30 08:41:18",198
"2019-11-30 21:41:21",198
"2019-11-30 22:41:19",198
"2019-11-30 23:41:17",198
"2019-12-01 00:41:17",198
"2019-12-01 01:41:15",198
"2019-12-01 02:41:18",198
"2019-12-01 22:41:22",198
"2019-12-01 23:41:17",198
"2019-12-02 00:41:15",198
"2019-12-02 01:41:18",198
"2019-12-02 02:41:16",198
"2019-12-02 06:13:08",198
"2019-12-02 06:41:45",198
"2019-12-02 07:41:52",198
"2019-12-02 08:41:45",198
"2019-12-02 09:41:45",198
"2019-12-02 10:41:45",198
"2019-12-02 11:41:45",198
"2019-12-02 12:41:43",198
"2019-12-02 14:05:51",198
"2019-12-02 14:41:46",198
"2019-12-02 15:41:49",198
"2019-12-02 16:41:46",200
"2019-12-02 17:41:50",200
"2019-12-02 18:41:51",200
"2019-12-02 19:41:54",199
"2019-12-02 20:41:49",199
"2019-12-02 21:41:50",199
"2019-12-02 22:41:51",199
"2019-12-02 23:41:52",199
"2019-12-03 00:41:49",199
"2019-12-03 01:41:49",199
"2019-12-03 02:41:51",199
"2019-12-03 03:41:49",199
"2019-12-03 04:41:50",199
"2019-12-03 05:41:50",199
"2019-12-03 06:41:45",199
"2019-12-03 07:41:46",199
"2019-12-03 08:41:44",199
"2019-12-03 09:41:48",199
"2019-12-03 10:41:51",199
"2019-12-03 11:41:48",199
"2019-12-03 12:41:44",199
"2019-12-03 13:41:43",199
"2019-12-03 14:41:49",199
"2019-12-03 15:41:45",199
"2019-12-03 16:41:52",199
"2019-12-03 17:41:50",199
"2019-12-03 18:41:50",199
"2019-12-03 19:41:50",199
"2019-12-03 20:41:50",199
"2019-12-03 21:41:56",198
"2019-12-03 22:41:50",198
"2019-12-03 23:41:50",198
"2019-12-04 00:41:58",198
"2019-12-04 01:42:00",198
"2019-12-04 02:41:58",198
"2019-12-04 03:41:52",198
"2019-12-04 04:41:52",198
"2019-12-04 05:41:52",198
"2019-12-04 06:41:50",198
"2019-12-04 07:41:52",198
"2019-12-04 08:41:48",198
"2019-12-04 09:41:47",198
"2019-12-04 10:41:47",198
"2019-12-04 11:41:48",198
"2019-12-04 12:41:47",198
"2019-12-04 14:05:22",198
"2019-12-04 14:41:54",198
"2019-12-04 15:41:57",198
"2019-12-04 16:41:53",198
"2019-12-04 17:41:51",198
"2019-12-04 18:41:52",198
"2019-12-04 19:41:52",198
"2019-12-04 20:41:51",199
"2019-12-04 21:41:50",199
"2019-12-04 22:41:49",199
"2019-12-04 23:41:51",199
"2019-12-05 00:41:51",199
"2019-12-05 01:41:52",199
"2019-12-05 02:41:51",199
"2019-12-05 03:41:51",199
"2019-12-05 04:41:51",199
"2019-12-05 05:41:50",199
"2019-12-05 06:41:54",199
"2019-12-05 07:41:47",199
"2019-12-05 08:41:51",199
"2019-12-05 09:41:45",199
"2019-12-05 10:41:45",199
"2019-12-05 11:41:46",199
"2019-12-05 12:41:46",199
"2019-12-05 13:41:52",199
"2019-12-05 14:41:51",199
"2019-12-05 15:41:52",199
"2019-12-05 16:41:50",199
"2019-12-05 17:41:51",199
"2019-12-05 18:41:51",199
"2019-12-05 20:05:53",200
"2019-12-05 20:41:57",200
"2019-12-05 21:41:51",200
"2019-12-05 22:41:51",200
"2019-12-05 23:41:50",200
"2019-12-06 00:41:51",200
"2019-12-06 01:41:51",200
"2019-12-06 02:41:52",200
"2019-12-06 03:41:51",200
"2019-12-06 04:41:51",200
"2019-12-06 05:41:55",200
"2019-12-06 06:41:50",200
"2019-12-06 07:41:52",200
"2019-12-06 08:41:53",200
"2019-12-06 09:41:50",200
"2019-12-06 10:41:52",200
"2019-12-06 11:41:51",200
"2019-12-06 12:41:46",200
"2019-12-06 13:42:06",200
"2019-12-06 14:41:53",200
"2019-12-06 15:41:58",200
"2019-12-06 16:41:53",200
"2019-12-06 17:41:50",200
"2019-12-06 18:41:51",200
"2019-12-06 19:41:51",200
"2019-12-06 20:41:50",200
"2019-12-06 21:41:45",200
"2019-12-06 22:41:45",200
"2019-12-06 23:41:49",200
"2019-12-07 00:41:45",200
"2019-12-07 01:41:52",200
"2019-12-07 02:41:53",200
"2019-12-07 03:41:50",200
"2019-12-07 04:41:52",200
"2019-12-07 05:41:57",200
"2019-12-07 06:41:48",200
"2019-12-07 07:41:46",200
"2019-12-07 08:41:47",200
"2019-12-07 09:41:45",200
"2019-12-07 10:41:46",200
"2019-12-07 11:41:45",200
"2019-12-07 12:41:49",200
"2019-12-07 13:42:03",200
"2019-12-07 14:41:50",200
"2019-12-07 15:41:52",200
"2019-12-07 16:41:51",200
"2019-12-07 17:41:52",200
"2019-12-07 18:41:51",200
"2019-12-07 19:41:47",200
"2019-12-07 20:41:51",200
"2019-12-07 21:41:52",200
"2019-12-07 22:41:46",200
"2019-12-07 23:41:47",200
"2019-12-08 00:41:50",200
"2019-12-08 01:41:47",200
"2019-12-08 02:41:52",200
"2019-12-08 03:41:51",200
"2019-12-08 04:41:50",200
"2019-12-08 05:41:53",200
"2019-12-08 06:41:51",200
"2019-12-08 07:41:50",200
"2019-12-08 08:41:51",200
"2019-12-08 09:41:51",200
"2019-12-08 10:41:51",200
"2019-12-08 11:41:45",200
"2019-12-08 12:41:45",200
"2019-12-08 13:41:51",200
"2019-12-08 14:41:46",200
"2019-12-08 15:41:49",200
"2019-12-08 16:41:51",200
"2019-12-08 17:41:52",200
"2019-12-08 18:41:45",200
"2019-12-08 19:41:49",200
"2019-12-08 20:41:50",200
"2019-12-08 21:41:51",200
"2019-12-08 22:41:52",200
"2019-12-08 23:41:50",200
"2019-12-09 00:41:50",200
"2019-12-09 01:41:46",200
"2019-12-09 02:41:46",200
"2019-12-09 03:41:51",200
"2019-12-09 04:41:47",200
"2019-12-09 05:41:50",200
"2019-12-09 06:41:53",200
"2019-12-09 07:41:47",200
"2019-12-09 08:41:47",200
"2019-12-09 09:41:46",200
"2019-12-09 10:41:47",200
"2019-12-09 11:41:44",200
"2019-12-09 12:41:45",200
"2019-12-09 14:06:24",200
"2019-12-09 14:41:49",200
"2019-12-09 15:41:49",201
"2019-12-09 16:41:54",201
"2019-12-09 17:41:57",201
"2019-12-09 18:41:52",202
"2019-12-09 19:41:46",202
"2019-12-09 20:41:52",202
"2019-12-09 21:41:52",202
"2019-12-09 22:41:46",202
"2019-12-09 23:41:49",202
"2019-12-10 00:41:58",202
"2019-12-10 01:41:50",202
"2019-12-10 02:41:52",202
"2019-12-10 03:41:52",202
"2019-12-10 04:41:50",202
"2019-12-10 05:41:55",202
"2019-12-10 06:41:53",202
"2019-12-10 07:41:52",202
"2019-12-10 08:41:54",202
"2019-12-10 09:41:47",202
"2019-12-10 10:41:45",202
"2019-12-10 11:41:45",202
"2019-12-10 12:41:58",202
"2019-12-10 13:41:45",202
"2019-12-10 14:41:47",202
"2019-12-10 15:41:47",202
"2019-12-10 16:41:52",202
"2019-12-10 17:41:50",202
"2019-12-10 18:41:51",203
"2019-12-10 19:41:46",203
"2019-12-10 20:41:50",203
"2019-12-10 21:41:50",203
"2019-12-10 22:41:52",203
"2019-12-10 23:41:52",203
"2019-12-11 00:41:52",203
"2019-12-11 01:41:52",203
"2019-12-11 02:41:59",203
"2019-12-11 03:41:50",203
"2019-12-11 04:41:53",203
"2019-12-11 05:41:51",203
"2019-12-11 06:41:50",203
"2019-12-11 07:41:47",202
"2019-12-11 08:41:52",202
"2019-12-11 09:41:45",202
"2019-12-11 10:41:48",202
"2019-12-11 11:41:46",202
"2019-12-11 12:41:53",202
"2019-12-11 13:41:48",202
"2019-12-11 14:42:01",202
"2019-12-11 15:41:48",202
"2019-12-11 16:41:56",202
"2019-12-11 17:41:55",202
"2019-12-11 18:41:53",202
"2019-12-11 19:41:54",202
"2019-12-11 20:41:45",202
"2019-12-11 21:41:50",202
"2019-12-11 22:41:51",202
"2019-12-11 23:41:52",202
"2019-12-12 00:41:50",202
"2019-12-12 01:41:56",202
"2019-12-12 02:41:54",202
"2019-12-12 03:41:48",202
"2019-12-12 04:41:50",202
"2019-12-12 05:41:53",202
"2019-12-12 06:41:55",202
"2019-12-12 07:41:52",202
"2019-12-12 08:41:47",202
"2019-12-12 09:41:49",202
"2019-12-12 10:41:50",202
"2019-12-12 11:41:46",202
"2019-12-12 12:41:46",202
"2019-12-12 14:04:54",202
"2019-12-12 14:42:01",202
"2019-12-12 15:41:51",203
"2019-12-12 16:41:53",204
"2019-12-12 17:41:48",203
"2019-12-12 18:41:49",202
"2019-12-12 19:41:48",202
"2019-12-12 20:41:49",202
"2019-12-12 21:41:47",202
"2019-12-12 22:41:46",202
"2019-12-12 23:41:47",202
"2019-12-13 00:42:02",202
"2019-12-13 01:41:47",202
"2019-12-13 02:41:45",202
"2019-12-13 03:41:47",202
"2019-12-13 04:41:46",202
"2019-12-13 05:41:50",202
"2019-12-13 06:41:54",202
"2019-12-13 07:41:46",202
"2019-12-13 08:41:48",202
"2019-12-13 09:41:46",202
"2019-12-13 10:41:48",202
"2019-12-13 11:41:47",202
"2019-12-13 12:41:47",202
"2019-12-13 14:36:59",202
"2019-12-13 14:44:42",202
"2019-12-13 15:41:49",202
"2019-12-13 16:41:48",202
"2019-12-13 17:41:52",202
"2019-12-13 18:41:50",202
"2019-12-13 19:41:47",202
"2019-12-13 20:42:01",202
"2019-12-13 21:41:48",202
"2019-12-13 22:41:48",202
"2019-12-13 23:41:47",202
"2019-12-14 00:41:48",202
"2019-12-14 01:41:48",202
"2019-12-14 02:41:48",202
"2019-12-14 03:41:52",202
"2019-12-14 04:41:49",202
"2019-12-14 05:41:50",202
"2019-12-14 06:41:49",202
"2019-12-14 07:41:48",202
"2019-12-14 08:41:49",202
"2019-12-14 09:41:48",202
"2019-12-14 10:41:48",202
"2019-12-14 11:41:51",202
"2019-12-14 12:41:48",202
"2019-12-14 13:41:48",202
"2019-12-14 14:41:49",202
"2019-12-14 15:41:48",202
"2019-12-14 16:41:50",202
"2019-12-14 17:41:48",202
"2019-12-14 18:41:49",202
"2019-12-14 19:41:48",202
"2019-12-14 20:41:49",202
"2019-12-14 22:41:54",202
"2019-12-14 23:41:48",202
"2019-12-15 00:41:48",202
"2019-12-15 01:41:51",202
"2019-12-15 02:41:48",202
"2019-12-15 03:41:48",202
"2019-12-15 04:41:49",202
"2019-12-15 05:41:48",202
"2019-12-15 06:41:47",202
"2019-12-15 07:41:51",202
"2019-12-15 08:41:48",202
"2019-12-15 09:41:48",202
"2019-12-15 10:41:49",202
"2019-12-15 11:41:48",202
"2019-12-15 13:41:48",202
"2019-12-15 14:41:48",202
"2019-12-15 15:41:49",202
"2019-12-15 16:41:49",202
"2019-12-15 17:41:48",202
"2019-12-15 19:41:47",202
"2019-12-15 20:41:48",202
"2019-12-15 21:41:49",202
"2019-12-15 22:41:51",202
"2019-12-15 23:41:50",202
"2019-12-16 00:41:49",202
"2019-12-16 01:41:54",202
"2019-12-16 02:41:49",202
"2019-12-16 04:41:55",202
"2019-12-16 05:41:49",202
"2019-12-16 06:41:48",202
"2019-12-16 07:41:48",202
"2019-12-16 08:41:49",202
"2019-12-16 09:41:50",202
"2019-12-16 10:41:49",202
"2019-12-16 11:41:48",202
"2019-12-16 12:41:47",202
"2019-12-16 13:41:47",202
"2019-12-16 14:41:55",202
"2019-12-16 16:04:23",200
"2019-12-16 16:41:49",200
"2019-12-16 17:41:49",201
"2019-12-16 18:41:48",201
"2019-12-16 19:41:49",202
"2019-12-16 20:41:50",202
"2019-12-16 21:41:49",202
"2019-12-16 22:41:48",202
"2019-12-16 23:41:49",202
"2019-12-17 00:41:47",202
"2019-12-17 01:41:48",202
"2019-12-17 02:41:54",202
"2019-12-17 03:41:48",202
"2019-12-17 04:41:49",202
"2019-12-17 05:41:48",202
"2019-12-17 06:41:49",202
"2019-12-17 07:41:49",202
"2019-12-17 08:41:51",202
"2019-12-17 09:41:49",202
"2019-12-17 10:41:48",202
"2019-12-17 11:41:48",202
"2019-12-17 12:41:48",202
"2019-12-17 14:05:54",202
"2019-12-17 14:41:50",202
"2019-12-17 15:41:51",203
"2019-12-17 16:41:48",203
"2019-12-17 17:41:47",202
"2019-12-17 18:41:49",202
"2019-12-17 19:41:53",201
"2019-12-17 20:41:50",201
"2019-12-17 21:41:49",201
"2019-12-17 22:41:49",201
"2019-12-17 23:41:48",201
"2019-12-18 00:41:47",201
"2019-12-18 01:41:47",201
"2019-12-18 02:41:54",201
"2019-12-18 03:41:48",201
"2019-12-18 04:41:47",201
"2019-12-18 05:41:48",201
"2019-12-18 06:41:48",201
"2019-12-18 07:41:48",201
"2019-12-18 08:41:49",201
"2019-12-18 09:41:48",201
"2019-12-18 10:41:57",201
"2019-12-18 11:41:49",201
"2019-12-18 12:41:47",201
"2019-12-18 14:04:53",201
"2019-12-18 14:41:49",201
"2019-12-18 15:41:48",201
"2019-12-18 16:41:49",201
"2019-12-18 17:41:52",200
"2019-12-18 18:41:48",200
"2019-12-18 19:41:47",200
"2019-12-18 20:41:47",199
"2019-12-18 21:41:47",199
"2019-12-18 22:41:48",199
"2019-12-18 23:41:47",199
"2019-12-19 00:41:48",199
"2019-12-19 01:41:49",199
"2019-12-19 02:41:54",199
"2019-12-19 03:41:46",199
"2019-12-19 04:41:48",199
"2019-12-19 05:41:49",199
"2019-12-19 06:41:47",199
"2019-12-19 07:41:48",199
"2019-12-19 08:41:49",199
"2019-12-19 09:41:49",199
"2019-12-19 10:41:47",199
"2019-12-19 11:41:46",199
"2019-12-19 12:41:48",199
"2019-12-19 14:06:24",199
"2019-12-19 14:41:52",199
"2019-12-19 15:41:54",199
"2019-12-19 16:41:53",199
"2019-12-19 17:41:53",199
"2019-12-19 18:41:54",199
"2019-12-19 19:41:53",199
"2019-12-19 21:06:26",199
"2019-12-19 21:41:54",199
"2019-12-19 22:41:54",199
"2019-12-19 23:41:52",199
"2019-12-20 00:41:55",199
"2019-12-20 01:41:53",199
"2019-12-20 02:42:02",199
"2019-12-20 03:41:53",199
"2019-12-20 04:41:55",199
"2019-12-20 05:41:54",199
"2019-12-20 06:41:53",199
"2019-12-20 07:41:54",199
"2019-12-20 08:41:54",199
"2019-12-20 09:41:57",199
"2019-12-20 10:41:49",199
"2019-12-20 11:41:56",199
"2019-12-20 12:41:53",199
"2019-12-20 14:05:26",199
"2019-12-20 14:42:04",199
"2019-12-20 15:41:59",199
"2019-12-20 16:42:01",199
"2019-12-20 17:42:02",199
"2019-12-20 18:41:56",199
"2019-12-20 19:41:56",199
"2019-12-20 20:42:03",199
"2019-12-20 21:41:55",199
"2019-12-20 22:41:55",199
"2019-12-20 23:41:56",199
"2019-12-21 00:42:03",199
"2019-12-21 01:41:56",199
"2019-12-21 02:41:55",199
"2019-12-21 03:41:55",199
"2019-12-21 04:41:55",199
"2019-12-21 05:41:51",199
"2019-12-21 06:41:51",199
"2019-12-21 07:41:54",199
"2019-12-21 08:41:57",199
"2019-12-21 09:41:51",199
"2019-12-21 10:41:49",199
"2019-12-21 11:41:48",199
"2019-12-21 12:41:49",199
"2019-12-21 13:41:49",199
"2019-12-21 14:41:50",199
"2019-12-21 15:41:51",199
"2019-12-21 16:41:56",199
"2019-12-21 17:41:53",199
"2019-12-21 18:41:51",199
"2019-12-21 19:41:50",199
"2019-12-21 20:41:50",199
"2019-12-21 21:41:50",199
"2019-12-21 22:41:55",199
"2019-12-21 23:41:49",199
"2019-12-22 00:41:50",199
"2019-12-22 01:41:56",199
"2019-12-22 02:41:51",199
"2019-12-22 04:41:50",199
"2019-12-22 05:41:52",199
"2019-12-22 06:41:51",199
"2019-12-22 07:41:52",199
"2019-12-22 08:41:53",199
"2019-12-22 09:41:50",199
"2019-12-22 10:41:50",199
"2019-12-22 11:41:49",199
"2019-12-22 12:41:50",199
"2019-12-22 13:41:51",199
"2019-12-22 14:41:51",199
"2019-12-22 15:41:55",199
"2019-12-22 16:41:57",199
"2019-12-22 17:41:49",199
"2019-12-22 18:41:50",199
"2019-12-22 19:41:55",199
"2019-12-22 20:41:56",199
"2019-12-22 22:41:50",199
"2019-12-22 23:41:55",199
"2019-12-23 00:41:56",199
"2019-12-23 01:41:59",199
"2019-12-23 02:41:56",199
"2019-12-23 03:41:57",199
"2019-12-23 04:41:55",199
"2019-12-23 05:41:56",199
"2019-12-23 06:41:55",199
"2019-12-23 07:41:51",199
"2019-12-23 08:41:51",199
"2019-12-23 09:41:52",199
"2019-12-23 10:41:50",199
"2019-12-23 11:41:50",199
"2019-12-23 12:41:49",199
"2019-12-23 14:06:30",199
"2019-12-23 14:42:00",199
"2019-12-23 15:41:51",200
"2019-12-23 16:41:50",200
"2019-12-23 17:41:56",200
"2019-12-23 18:41:53",200
"2019-12-23 19:41:56",200
"2019-12-23 20:42:01",201
"2019-12-23 21:41:54",202
"2019-12-23 22:41:51",202
"2019-12-23 23:41:54",202
"2019-12-24 00:41:50",202
"2019-12-24 01:41:54",202
"2019-12-24 02:41:59",202
"2019-12-24 03:41:57",202
"2019-12-24 04:42:01",202
"2019-12-24 05:41:51",202
"2019-12-24 06:41:56",202
"2019-12-24 07:41:50",202
"2019-12-24 08:41:50",202
"2019-12-24 09:41:50",202
"2019-12-24 10:41:53",202
"2019-12-24 11:41:50",202
"2019-12-24 12:41:49",202
"2019-12-24 13:41:49",202
"2019-12-24 14:41:56",202
"2019-12-24 15:41:55",202
"2019-12-24 16:41:55",202
"2019-12-24 17:41:48",201
"2019-12-24 18:41:49",201
"2019-12-24 19:41:49",201
"2019-12-24 20:41:50",201
"2019-12-24 21:41:49",201
"2019-12-24 22:41:49",201
"2019-12-24 23:41:56",201
"2019-12-25 00:41:52",201
"2019-12-25 01:41:50",201
"2019-12-25 02:41:51",201
"2019-12-25 03:41:51",201
"2019-12-25 04:41:56",201
"2019-12-25 05:41:54",201
"2019-12-25 06:41:51",201
"2019-12-25 07:41:49",201
"2019-12-25 08:41:57",201
"2019-12-25 09:41:51",201
"2019-12-25 10:41:51",201
"2019-12-25 11:41:51",201
"2019-12-25 12:41:50",201
"2019-12-25 13:41:49",201
"2019-12-25 14:41:48",201
"2019-12-25 15:41:54",201
"2019-12-25 16:41:50",201
"2019-12-25 17:41:55",201
"2019-12-25 18:41:50",201
"2019-12-25 19:41:48",201
"2019-12-25 20:41:49",201
"2019-12-25 21:41:49",201
"2019-12-25 22:41:50",201
"2019-12-25 23:41:51",201
"2019-12-26 00:41:54",201
"2019-12-26 01:41:55",201
"2019-12-26 02:41:54",201
"2019-12-26 03:41:54",201
"2019-12-26 04:41:55",201
"2019-12-26 05:41:52",201
"2019-12-26 06:41:55",201
"2019-12-26 07:41:49",201
"2019-12-26 08:41:51",201
"2019-12-26 09:41:51",201
"2019-12-26 10:41:49",201
"2019-12-26 11:41:48",201
"2019-12-26 12:41:48",201
"2019-12-26 13:41:48",201
"2019-12-26 14:41:50",201
"2019-12-26 15:41:49",203
"2019-12-26 16:41:53",203
"2019-12-26 17:41:57",204
"2019-12-26 18:41:50",204
"2019-12-26 19:41:49",204
"2019-12-26 20:42:02",204
"2019-12-26 21:41:53",204
"2019-12-26 22:41:55",204
"2019-12-26 23:41:54",204
"2019-12-27 00:41:50",204
"2019-12-27 01:41:55",204
"2019-12-27 02:41:56",204
"2019-12-27 03:41:54",204
"2019-12-27 04:41:55",204
"2019-12-27 05:41:55",204
"2019-12-27 06:41:55",204
"2019-12-27 07:41:50",204
"2019-12-27 08:41:53",204
"2019-12-27 09:41:51",204
"2019-12-27 10:41:50",204
"2019-12-27 11:41:50",204
"2019-12-27 12:41:50",204
"2019-12-27 14:06:26",204
"2019-12-27 14:41:53",204
"2019-12-27 15:41:50",207
"2019-12-27 16:41:49",207
"2019-12-27 17:41:54",208
"2019-12-27 18:41:55",210
"2019-12-27 19:42:03",210
"2019-12-27 20:41:54",210
"2019-12-27 21:42:01",210
"2019-12-27 22:41:55",210
"2019-12-27 23:41:50",210
"2019-12-28 00:41:55",210
"2019-12-28 01:41:50",210
"2019-12-28 02:41:56",210
"2019-12-28 03:41:50",210
"2019-12-28 04:41:54",210
"2019-12-28 05:41:55",210
"2019-12-28 06:41:55",210
"2019-12-28 07:41:52",210
"2019-12-28 08:41:58",210
"2019-12-28 09:41:51",210
"2019-12-28 10:41:52",210
"2019-12-28 11:41:50",210
"2019-12-28 12:41:50",210
"2019-12-28 13:41:49",210
"2019-12-28 14:41:51",210
"2019-12-28 15:41:50",210
"2019-12-28 16:41:50",210
"2019-12-28 17:41:55",210
"2019-12-28 18:41:51",210
"2019-12-28 19:41:51",210
"2019-12-28 20:41:50",210
"2019-12-28 21:41:51",210
"2019-12-28 22:41:53",210
"2019-12-28 23:42:01",210
"2019-12-29 00:41:51",210
"2019-12-29 01:41:57",210
"2019-12-29 02:41:56",210
"2019-12-29 03:41:57",210
"2019-12-29 04:41:52",210
"2019-12-29 05:41:57",210
"2019-12-29 06:41:58",210
"2019-12-29 07:41:54",210
"2019-12-29 08:41:59",210
"2019-12-29 09:41:51",210
"2019-12-29 10:41:52",210
"2019-12-29 11:41:53",210
"2019-12-29 12:41:53",210
"2019-12-29 13:41:51",210
"2019-12-29 14:41:52",210
"2019-12-29 15:41:56",210
"2019-12-29 16:41:54",210
"2019-12-29 17:41:50",210
"2019-12-29 18:41:54",210
"2019-12-29 19:41:54",210
"2019-12-29 20:41:49",210
"2019-12-29 21:42:01",210
"2019-12-29 22:41:52",210
"2019-12-29 23:41:51",210
"2019-12-30 00:41:51",210
"2019-12-30 01:41:58",210
"2019-12-30 02:42:01",210
"2019-12-30 03:41:55",210
"2019-12-30 04:42:01",210
"2019-12-30 05:41:52",210
"2019-12-30 06:41:48",210
"2019-12-30 07:41:50",210
"2019-12-30 08:41:52",210
"2019-12-30 09:42:05",210
"2019-12-30 10:41:50",210
"2019-12-30 11:41:51",210
"2019-12-30 12:41:49",210
"2019-12-30 14:06:26",210
"2019-12-30 14:41:58",210
"2019-12-30 15:41:51",210
"2019-12-30 16:41:51",213
"2019-12-30 17:41:53",213
"2019-12-30 18:41:57",213
"2019-12-30 19:41:53",212
"2019-12-30 20:41:52",212
"2019-12-30 21:41:51",212
"2019-12-30 22:41:51",212
"2019-12-30 23:41:51",212
"2019-12-31 00:41:51",212
"2019-12-31 01:41:50",212
"2019-12-31 02:41:52",212
"2019-12-31 03:41:54",212
"2019-12-31 04:41:51",212
"2019-12-31 05:41:52",212
"2019-12-31 06:41:53",212
"2019-12-31 07:41:51",212
"2019-12-31 08:41:57",212
"2019-12-31 09:41:56",212
"2019-12-31 10:41:57",212
"2019-12-31 11:41:55",212
"2019-12-31 12:41:56",212
"2019-12-31 14:07:27",212
"2019-12-31 14:42:04",212
"2019-12-31 15:41:58",213
"2019-12-31 16:41:50",214
"2019-12-31 17:41:50",214
"2019-12-31 18:41:50",214
"2019-12-31 19:41:51",213
"2019-12-31 20:41:51",213
"2019-12-31 21:41:51",213
"2019-12-31 22:41:49",213
"2019-12-31 23:41:50",213
"2020-01-01 00:41:50",213
"2020-01-01 01:41:52",213
"2020-01-01 02:41:50",213
"2020-01-01 03:41:55",213
"2020-01-01 04:41:51",213
"2020-01-01 05:41:57",213
"2020-01-01 06:41:56",213
"2020-01-01 07:41:57",213
"2020-01-01 08:41:56",213
"2020-01-01 09:41:52",213
"2020-01-01 10:41:50",213
"2020-01-01 11:41:51",213
"2020-01-01 12:41:50",213
"2020-01-01 13:41:53",213
"2020-01-01 14:41:51",213
"2020-01-01 15:41:51",213
"2020-01-01 16:41:51",213
"2020-01-01 17:41:50",213
"2020-01-01 18:41:51",213
"2020-01-01 19:41:51",213
"2020-01-01 20:41:51",213
"2020-01-01 21:41:51",213
"2020-01-01 22:41:56",213
"2020-01-01 23:42:05",213
"2020-01-02 00:41:54",213
"2020-01-02 01:41:55",213
"2020-01-02 02:42:04",213
"2020-01-02 03:41:51",213
"2020-01-02 04:41:51",213
"2020-01-02 05:41:51",213
"2020-01-02 06:41:51",213
"2020-01-02 07:41:50",213
"2020-01-02 08:41:53",213
"2020-01-02 09:41:53",213
"2020-01-02 10:41:55",213
"2020-01-02 11:41:51",213
"2020-01-02 12:41:52",213
"2020-01-02 14:07:57",213
"2020-01-02 14:42:20",213
"2020-01-02 15:41:53",214
"2020-01-02 16:41:52",214
"2020-01-02 17:41:52",215
"2020-01-02 18:41:54",216
"2020-01-02 19:41:52",216
"2020-01-02 20:41:52",216
"2020-01-02 21:41:51",218
"2020-01-02 22:42:30",218
"2020-01-02 23:41:50",218
"2020-01-03 00:41:57",218
"2020-01-03 01:41:52",218
"2020-01-03 02:41:56",218
"2020-01-03 03:41:51",218
"2020-01-03 04:41:50",218
"2020-01-03 05:41:51",218
"2020-01-03 06:41:53",218
"2020-01-03 07:41:50",218
"2020-01-03 08:41:54",218
"2020-01-03 09:41:50",218
"2020-01-03 10:41:51",218
"2020-01-03 11:41:50",218
"2020-01-03 12:41:51",218
"2020-01-03 14:07:57",218
"2020-01-03 14:44:30",218
"2020-01-03 15:41:52",217
"2020-01-03 16:41:55",217
"2020-01-03 17:41:57",217
"2020-01-03 18:41:50",217
"2020-01-03 19:41:50",217
"2020-01-03 20:41:49",217
"2020-01-03 21:41:49",217
"2020-01-03 22:41:51",217
"2020-01-03 23:41:50",217
"2020-01-04 00:41:52",217
"2020-01-04 01:41:50",217
"2020-01-04 02:41:52",217
"2020-01-04 03:41:51",217
"2020-01-04 04:41:51",217
"2020-01-04 05:41:51",217
"2020-01-04 06:41:50",217
"2020-01-04 07:41:50",217
"2020-01-04 08:41:53",217
"2020-01-04 09:41:48",217
"2020-01-04 10:41:50",217
"2020-01-04 11:41:49",217
"2020-01-04 12:41:51",217
"2020-01-04 13:41:50",217
"2020-01-04 14:41:50",217
"2020-01-04 15:41:51",217
"2020-01-04 16:41:50",217
"2020-01-04 17:41:52",217
"2020-01-04 18:41:51",217
"2020-01-04 19:41:50",217
"2020-01-04 20:41:51",217
"2020-01-04 21:42:01",217
"2020-01-04 22:41:50",217
"2020-01-04 23:41:58",217
"2020-01-05 00:41:50",217
"2020-01-05 01:42:02",217
"2020-01-05 02:41:58",217
"2020-01-05 03:41:56",217
"2020-01-05 04:41:50",217
"2020-01-05 05:41:50",217
"2020-01-05 06:41:50",217
"2020-01-05 07:41:50",217
"2020-01-05 08:41:51",217
"2020-01-05 09:41:51",217
"2020-01-05 10:41:50",217
"2020-01-05 11:41:50",217
"2020-01-05 12:41:50",217
"2020-01-05 13:41:49",217
"2020-01-05 14:41:50",217
"2020-01-05 15:41:51",217
"2020-01-05 16:41:52",217
"2020-01-05 17:42:04",217
"2020-01-05 18:41:55",217
"2020-01-05 20:41:51",217
"2020-01-05 21:42:04",217
"2020-01-05 22:41:51",217
"2020-01-05 23:41:52",217
"2020-01-06 00:41:52",217
"2020-01-06 01:41:51",217
"2020-01-06 02:41:58",217
"2020-01-06 03:41:56",217
"2020-01-06 04:41:57",217
"2020-01-06 05:41:51",217
"2020-01-06 06:41:53",217
"2020-01-06 07:41:51",217
"2020-01-06 08:41:52",217
"2020-01-16 06:41:52",211
"2020-01-16 07:41:52",211
"2020-01-16 08:41:53",211
"2020-01-16 09:41:57",211
"2020-01-16 10:41:52",211
"2020-01-16 11:41:53",211
"2020-01-16 12:41:51",211
"2020-01-16 14:07:58",211
"2020-01-16 15:41:52",211
"2020-01-16 16:41:54",211
"2020-01-16 17:41:55",212
"2020-01-16 18:41:52",213
"2020-01-16 19:41:53",213
"2020-01-16 20:41:52",213
"2020-01-16 21:41:52",213
"2020-01-16 22:41:53",213
"2020-01-16 23:41:55",213
"2020-01-17 00:42:05",213
"2020-01-17 01:42:07",213
"2020-01-17 02:41:52",213
"2020-01-17 03:41:52",213
"2020-01-17 04:41:53",213
"2020-01-17 05:41:52",213
"2020-01-17 06:41:54",213
"2020-01-17 07:41:51",213
"2020-01-17 08:41:54",213
"2020-01-17 09:42:07",213
"2020-01-17 10:41:52",213
"2020-01-17 11:41:53",213
"2020-01-17 12:41:54",213
"2020-01-17 14:05:59",213
"2020-01-17 14:41:57",213
"2020-01-17 15:41:55",212
"2020-01-17 16:41:54",212
"2020-01-17 17:41:55",211
"2020-01-17 18:41:54",212
"2020-01-17 19:41:54",211
"2020-01-17 20:41:53",211
"2020-01-17 21:41:53",211
"2020-01-17 22:41:56",211
"2020-01-17 23:41:54",211
"2020-01-18 00:42:00",211
"2020-01-18 01:41:53",211
"2020-01-18 02:41:53",211
"2020-01-18 03:41:53",211
"2020-01-18 04:41:53",211
"2020-01-18 05:41:54",211
"2020-01-18 06:41:54",211
"2020-01-18 07:41:54",211
"2020-01-18 08:41:55",211
"2020-01-18 09:41:53",211
"2020-01-18 10:41:53",211
"2020-01-18 11:41:53",211
"2020-01-18 12:41:54",211
"2020-01-18 13:41:56",211
"2020-01-18 14:41:54",211
"2020-01-18 15:41:54",211
"2020-01-18 16:41:53",211
"2020-01-18 17:41:55",211
"2020-01-18 18:41:54",211
"2020-01-18 19:42:07",211
"2020-01-18 20:41:54",211
"2020-01-18 21:41:54",211
"2020-01-18 22:41:56",211
"2020-01-18 23:41:55",211
"2020-01-19 00:41:53",211
"2020-01-19 01:41:53",211
"2020-01-19 02:41:54",211
"2020-01-19 03:41:55",211
"2020-01-19 04:41:53",211
"2020-01-19 05:41:54",211
"2020-01-19 06:41:55",211
"2020-01-19 07:41:54",211
"2020-01-19 08:42:01",211
"2020-01-19 09:41:57",211
"2020-01-19 10:41:53",211
"2020-01-19 11:41:53",211
"2020-01-19 12:41:53",211
"2020-01-19 13:41:54",211
"2020-01-19 14:41:53",211
"2020-01-19 15:42:09",211
"2020-01-19 16:41:53",211
"2020-01-19 17:41:53",211
"2020-01-19 18:41:54",211
"2020-01-19 19:42:07",211
"2020-01-19 20:41:53",211
"2020-01-19 21:41:53",211
"2020-01-19 22:41:55",211
"2020-01-19 23:42:07",211
"2020-01-20 00:42:07",211
"2020-01-20 01:42:06",211
"2020-01-20 02:42:05",211
"2020-01-20 03:42:08",211
"2020-01-20 04:42:05",211
"2020-01-20 05:41:53",211
"2020-01-20 06:42:08",211
"2020-01-20 07:41:53",211
"2020-01-20 08:42:08",211
"2020-01-20 09:50:53",211
"2020-01-20 10:42:03",211
"2020-01-20 11:41:57",211
"2020-01-20 12:41:53",211
"2020-01-20 13:42:04",211
"2020-01-20 14:42:06",211
"2020-01-20 15:42:06",211
"2020-01-20 16:41:55",211
"2020-01-20 17:42:06",211
"2020-01-20 18:41:54",211
"2020-01-20 19:42:06",211
"2020-01-20 20:42:06",211
"2020-01-20 21:42:07",211
"2020-01-20 22:42:07",211
"2020-01-20 23:42:06",211
"2020-01-21 00:42:06",211
"2020-01-21 01:42:06",211
"2020-01-21 02:42:07",211
"2020-01-21 03:41:54",211
"2020-01-21 04:41:55",211
"2020-01-21 05:41:54",211
"2020-01-21 06:41:53",211
"2020-01-21 07:41:53",211
"2020-01-21 08:41:55",211
"2020-01-21 09:59:20",211
"2020-01-21 10:42:05",211
"2020-01-21 11:41:55",211
"2020-01-21 12:41:53",211
"2020-01-21 13:41:54",211
"2020-01-21 15:42:07",210
"2020-01-21 16:41:55",211
"2020-01-21 17:42:02",211
"2020-01-21 18:41:56",211
"2020-01-21 19:42:08",211
"2020-01-21 20:41:54",211
"2020-01-21 21:42:05",210
"2020-01-21 22:42:06",210
"2020-01-21 23:41:54",210
"2020-01-22 00:41:56",210
"2020-01-22 01:41:54",210
"2020-01-22 02:42:07",210
"2020-01-22 03:41:56",210
"2020-01-22 04:41:53",210
"2020-01-22 05:41:54",210
"2020-01-22 06:41:56",210
"2020-01-22 07:41:54",210
"2020-01-22 08:41:54",210
"2020-01-22 09:55:32",210
"2020-01-22 10:41:53",210
"2020-01-22 11:41:53",210
"2020-01-22 12:42:07",210
"2020-01-22 13:42:05",210
"2020-01-22 14:41:59",210
"2020-01-22 15:41:56",210
"2020-01-22 16:42:07",211
"2020-01-22 17:42:04",210
"2020-01-22 18:42:07",210
"2020-01-22 19:42:05",210
"2020-01-22 20:42:08",211
"2020-01-22 21:42:09",212
"2020-01-22 22:41:56",212
"2020-01-22 23:42:03",212
"2020-01-23 00:42:09",212
"2020-01-23 01:42:09",212
"2020-01-23 02:41:55",212
"2020-01-23 03:41:54",212
"2020-01-23 04:41:56",212
"2020-01-23 05:41:55",212
"2020-01-23 06:41:55",212
"2020-01-23 07:41:54",212
"2020-01-23 08:41:55",212
"2020-01-23 10:41:54",212
"2020-01-23 11:41:54",212
"2020-01-23 12:41:55",212
"2020-01-23 14:07:29",212
"2020-01-23 14:42:01",212
"2020-01-23 15:41:55",213
"2020-01-23 16:41:56",213
"2020-01-23 17:41:54",213
"2020-01-23 18:41:55",213
"2020-01-23 19:41:54",213
"2020-01-23 20:41:55",213
"2020-01-23 21:42:01",213
"2020-01-23 22:41:57",213
"2020-01-23 23:41:54",213
"2020-01-24 00:41:55",213
"2020-01-24 01:41:55",213
"2020-01-24 02:42:08",213
"2020-01-24 03:41:53",213
"2020-01-24 04:41:54",213
"2020-01-24 05:41:55",213
"2020-01-24 06:41:53",213
"2020-01-24 07:41:54",213
"2020-01-24 08:41:56",213
"2020-01-24 09:53:36",213
"2020-01-24 10:41:55",213
"2020-01-24 11:41:54",213
"2020-01-24 12:41:54",213
"2020-01-24 14:06:29",213
"2020-01-24 14:41:54",213
"2020-01-24 15:41:56",213
"2020-01-24 16:41:54",212
"2020-01-24 17:41:53",211
"2020-01-24 18:41:54",211
"2020-01-24 19:41:55",210
"2020-01-24 20:41:59",210
"2020-01-24 21:41:53",210
"2020-01-24 22:41:53",210
"2020-01-24 23:41:54",210
"2020-01-25 00:41:54",210
"2020-01-25 01:41:55",210
"2020-01-25 02:42:02",210
"2020-01-25 03:41:56",210
"2020-01-25 04:41:54",210
"2020-01-25 05:41:56",210
"2020-01-25 06:41:55",210
"2020-01-25 07:41:55",210
"2020-01-25 08:41:56",210
"2020-01-25 09:54:03",210
"2020-01-25 10:41:57",210
"2020-01-25 11:41:53",210
"2020-01-25 12:41:56",210
"2020-01-25 13:41:55",210
"2020-01-25 14:41:54",210
"2020-01-25 15:41:55",210
"2020-01-25 16:41:55",210
"2020-01-25 17:41:52",210
"2020-01-25 18:41:54",210
"2020-01-25 19:41:53",210
"2020-01-25 20:41:54",210
"2020-01-25 21:41:55",210
"2020-01-25 22:41:54",210
"2020-01-25 23:41:54",210
"2020-01-26 00:41:55",210
"2020-01-26 01:41:56",210
"2020-01-26 02:41:57",210
"2020-01-26 03:41:59",210
"2020-01-26 04:41:55",210
"2020-01-26 05:41:53",210
"2020-01-26 06:41:54",210
"2020-01-26 07:41:55",210
"2020-01-27 02:41:55",210
"2020-01-27 03:41:54",210
"2020-01-27 04:42:03",210
"2020-01-27 05:41:57",210
"2020-01-27 06:41:58",210
"2020-01-27 07:41:56",210
"2020-01-27 08:41:56",210
"2020-01-27 09:41:58",210
"2020-01-27 10:41:57",210
"2020-01-27 11:41:58",210
"2020-01-27 12:41:59",210
"2020-01-27 13:41:57",210
"2020-01-27 14:42:13",210
"2020-01-27 15:42:03",212
"2020-01-27 16:41:57",212
"2020-01-27 17:41:58",212
"2020-01-27 18:41:58",211
"2020-01-27 19:42:03",211
"2020-01-27 20:41:57",212
"2020-01-27 21:41:58",212
"2020-01-27 22:42:08",212
"2020-01-27 23:42:01",212
"2020-01-28 00:41:55",212
"2020-01-28 01:42:02",212
"2020-01-28 02:42:00",212
"2020-01-28 03:42:01",212
"2020-01-28 04:42:00",212
"2020-01-28 05:42:04",212
"2020-01-28 06:41:54",212
"2020-01-28 07:41:55",212
"2020-01-28 08:41:58",212
"2020-01-28 09:42:01",212
"2020-01-28 10:41:53",212
"2020-01-28 11:41:54",212
"2020-01-28 12:41:53",212
"2020-01-28 14:07:02",212
"2020-01-28 14:42:06",212
"2020-01-28 15:41:57",211
"2020-01-28 16:42:02",211
"2020-01-28 17:41:58",211
"2020-01-28 18:41:59",210
"2020-01-28 19:42:00",210
"2020-01-28 21:42:03",210
"2020-01-28 22:42:00",210
"2020-01-28 23:41:58",210
"2020-01-29 00:41:56",210
"2020-01-29 01:42:01",210
"2020-01-29 02:42:08",210
"2020-01-29 03:42:02",210
"2020-01-29 04:41:55",210
"2020-01-29 05:42:00",210
"2020-01-29 06:41:56",210
"2020-01-29 07:41:56",210
"2020-01-29 08:41:59",210
"2020-01-29 09:41:58",210
"2020-01-29 10:41:55",210
"2020-01-29 11:41:54",210
"2020-01-29 12:41:56",210
"2020-01-29 13:42:02",210
"2020-01-29 14:42:01",210
"2020-01-29 15:42:03",212
"2020-01-29 16:41:58",212
"2020-01-29 17:42:03",213
"2020-01-29 18:42:00",213
"2020-01-29 19:42:02",213
"2020-01-29 20:42:00",213
"2020-01-29 21:42:00",213
"2020-01-29 22:41:54",213
"2020-01-29 23:41:56",213
"2020-01-30 00:42:00",213
"2020-01-30 01:42:05",213
"2020-01-30 02:42:01",213
"2020-01-30 03:41:54",213
"2020-01-30 04:42:01",213
"2020-01-30 05:42:07",213
"2020-01-30 06:42:12",213
"2020-01-30 07:41:56",213
"2020-01-30 08:41:56",213
"2020-01-30 09:41:59",213
"2020-01-30 10:41:53",213
"2020-01-30 11:41:54",213
"2020-01-30 12:41:55",213
"2020-01-30 13:41:55",213
"2020-01-30 14:41:59",215
"2020-01-30 15:41:58",215
"2020-01-30 16:42:03",215
"2020-01-30 17:42:03",215
"2020-01-30 18:42:03",216
"2020-01-30 19:42:00",216
"2020-01-30 20:41:59",216
"2020-01-30 21:42:06",216
"2020-01-30 22:41:55",216
"2020-01-30 23:41:55",216
"2020-01-31 00:42:00",216
"2020-01-31 01:42:01",216
"2020-01-31 02:41:56",216
"2020-01-31 03:41:58",216
"2020-01-31 04:41:55",216
"2020-01-31 05:41:56",216
"2020-01-31 06:41:56",216
"2020-01-31 07:41:56",216
"2020-01-31 08:42:01",216
"2020-01-31 09:42:00",216
"2020-01-31 10:41:56",216
"2020-01-31 11:41:55",216
"2020-01-31 12:41:55",216
"2020-01-31 13:41:58",216
"2020-01-31 14:42:00",216
"2020-01-31 15:42:02",216
"2020-01-31 16:42:01",216
"2020-01-31 17:41:57",216
"2020-01-31 18:41:58",216
"2020-01-31 19:41:59",215
"2020-01-31 20:41:59",215
"2020-01-31 21:41:56",215
"2020-01-31 22:41:58",215
"2020-01-31 23:41:57",215
"2020-02-01 00:41:55",215
"2020-02-01 01:42:51",215
"2020-02-01 02:42:00",215
"2020-02-01 03:41:59",215
"2020-02-01 04:42:01",215
"2020-02-01 05:42:02",215
"2020-02-01 06:41:59",215
"2020-02-01 07:42:03",215
"2020-02-01 08:42:00",215
"2020-02-01 09:41:59",215
"2020-02-01 10:41:58",215
"2020-02-01 11:41:57",215
"2020-02-01 12:41:57",215
"2020-02-01 13:41:58",215
"2020-02-01 14:41:58",215
"2020-02-01 15:41:58",215
"2020-02-01 16:41:58",215
"2020-02-01 17:41:57",215
"2020-02-01 18:41:58",215
"2020-02-01 19:41:56",215
"2020-02-01 20:41:59",215
"2020-02-01 21:42:07",215
"2020-02-01 22:42:02",215
"2020-02-01 23:42:04",215
"2020-02-02 00:42:05",215
"2020-02-02 01:42:04",215
"2020-02-02 02:42:04",215
"2020-02-02 03:42:03",215
"2020-02-02 04:42:05",215
"2020-02-02 05:42:00",215
"2020-02-02 06:42:03",215
"2020-02-02 07:42:03",215
"2020-02-02 08:42:04",215
"2020-02-02 09:42:04",215
"2020-02-02 10:42:01",215
"2020-02-02 11:42:00",215
"2020-02-02 12:42:06",215
"2020-02-02 13:42:03",215
"2020-02-02 14:42:03",215
"2020-02-02 15:42:02",215
"2020-02-02 16:42:02",215
"2020-02-02 17:42:04",215
"2020-02-02 18:42:01",215
"2020-02-02 19:42:03",215
"2020-02-02 20:42:02",215
"2020-02-02 21:42:03",215
"2020-02-02 22:42:02",215
"2020-02-02 23:42:07",215
"2020-02-03 00:42:11",215
"2020-02-03 01:42:04",215
"2020-02-03 02:42:03",215
"2020-02-03 03:42:05",215
"2020-02-03 04:42:04",215
"2020-02-03 05:42:04",215
"2020-02-03 06:42:03",215
"2020-02-03 07:42:05",215
"2020-02-03 08:42:06",215
"2020-02-03 09:42:07",215
"2020-02-03 10:42:03",215
"2020-02-03 11:42:05",215
"2020-02-03 12:42:01",215
"2020-02-03 14:43:40",214
"2020-02-03 14:51:27",214
"2020-02-03 15:42:07",214
"2020-02-03 16:42:08",214
"2020-02-03 17:42:06",214
"2020-02-03 18:42:04",214
"2020-02-03 19:42:02",214
"2020-02-03 20:42:05",214
"2020-02-03 21:42:04",214
"2020-02-03 22:42:04",214
"2020-02-03 23:42:04",214
"2020-02-04 00:42:03",214
"2020-02-04 01:42:04",214
"2020-02-04 02:42:04",214
"2020-02-04 03:42:09",214
"2020-02-04 04:42:04",214
"2020-02-04 05:42:06",214
"2020-02-04 06:42:06",214
"2020-02-04 07:42:08",214
"2020-02-04 08:41:58",214
"2020-02-04 09:42:07",214
"2020-02-04 10:42:02",214
"2020-02-04 11:42:04",214
"2020-02-04 12:42:04",214
"2020-02-04 14:10:35",214
"2020-02-04 14:42:11",214
"2020-02-04 15:42:07",214
"2020-02-04 16:42:07",213
"2020-02-04 17:42:03",214
"2020-02-04 18:42:07",214
"2020-02-04 19:42:03",213
"2020-02-04 20:42:03",213
"2020-02-04 21:42:02",212
"2020-02-04 22:42:05",212
"2020-02-04 23:42:04",212
"2020-02-05 00:42:02",212
"2020-02-05 01:42:05",212
"2020-02-05 02:42:03",212
"2020-02-05 03:42:04",212
"2020-02-05 04:42:14",212
"2020-02-05 05:42:02",212
"2020-02-05 06:42:05",212
"2020-02-05 07:42:02",212
"2020-02-05 08:42:06",212
"2020-02-05 09:42:04",212
"2020-02-05 10:42:02",212
"2020-02-05 11:42:07",212
"2020-02-05 12:42:04",212
"2020-02-05 14:04:34",212
"2020-02-05 14:42:06",212
"2020-02-05 15:42:04",211
"2020-02-05 16:42:05",211
"2020-02-05 17:42:03",211
"2020-02-05 18:42:02",211
"2020-02-05 19:42:04",211
"2020-02-05 20:42:04",212
"2020-02-05 21:42:02",212
"2020-02-05 22:42:04",212
"2020-02-05 23:42:06",212
"2020-02-06 00:42:05",212
"2020-02-06 01:42:06",212
"2020-02-06 02:42:06",212
"2020-02-06 03:42:11",212
"2020-02-06 04:42:11",212
"2020-02-06 05:42:03",212
"2020-02-06 06:41:57",212
"2020-02-06 07:42:07",212
"2020-02-06 08:42:05",212
"2020-02-06 09:42:05",212
"2020-02-06 10:42:01",212
"2020-02-06 11:42:02",212
"2020-02-06 12:42:03",212
"2020-02-06 13:42:03",212
"2020-02-06 14:42:08",212
"2020-02-06 15:42:13",211
"2020-02-06 16:42:04",211
"2020-02-06 17:42:05",211
"2020-02-06 18:42:05",211
"2020-02-06 19:42:05",212
"2020-02-06 20:42:04",212
"2020-02-06 21:42:05",211
"2020-02-06 22:42:04",211
"2020-02-06 23:42:04",211
"2020-02-07 00:42:05",211
"2020-02-07 01:42:10",211
"2020-02-07 02:42:04",211
"2020-02-07 03:42:05",211
"2020-02-07 04:42:05",211
"2020-02-07 05:42:09",211
"2020-02-07 06:42:11",211
"2020-02-07 07:42:03",211
"2020-02-07 08:42:07",211
"2020-02-07 09:42:08",211
"2020-02-07 10:42:09",211
"2020-02-07 11:42:04",211
"2020-02-07 12:42:03",211
"2020-02-07 14:06:04",211
"2020-02-07 14:42:05",211
"2020-02-07 15:42:06",213
"2020-02-07 16:42:03",212
"2020-02-07 17:42:06",212
"2020-02-07 18:42:05",212
"2020-02-07 19:42:08",211
"2020-02-07 20:42:06",211
"2020-02-07 21:42:04",211
"2020-02-07 22:42:05",211
"2020-02-07 23:42:02",211
"2020-02-08 00:42:04",211
"2020-02-08 01:42:03",211
"2020-02-08 02:42:04",211
"2020-02-08 03:42:04",211
"2020-02-08 04:42:05",211
"2020-02-08 05:42:03",211
"2020-02-08 06:42:05",211
"2020-02-08 07:42:04",211
"2020-02-08 08:42:04",211
"2020-02-08 09:42:09",211
"2020-02-08 10:41:58",211
"2020-02-08 11:42:03",211
"2020-02-08 12:42:02",211
"2020-02-08 13:42:02",211
"2020-02-08 14:42:03",211
"2020-02-08 15:42:04",211
"2020-02-08 16:42:04",211
"2020-02-08 17:42:05",211
"2020-02-08 18:44:00",211
"2020-02-08 19:42:03",211
"2020-02-08 20:42:06",211
"2020-02-08 21:42:05",211
"2020-02-08 22:42:06",211
"2020-02-08 23:42:03",211
"2020-02-09 00:42:03",211
"2020-02-09 01:42:05",211
"2020-02-09 02:42:07",211
"2020-02-09 03:42:03",211
"2020-02-09 04:42:04",211
"2020-02-09 05:42:04",211
"2020-02-09 06:42:08",211
"2020-02-09 07:42:05",211
"2020-02-09 08:42:07",211
"2020-02-09 09:42:06",211
"2020-02-09 10:42:04",211
"2020-02-09 11:42:06",211
"2020-02-09 12:42:06",211
"2020-02-09 13:42:04",211
"2020-02-09 14:42:05",211
"2020-02-09 15:42:03",211
"2020-02-09 16:42:07",211
"2020-02-09 17:42:03",211
"2020-02-09 18:42:05",211
"2020-02-09 19:42:05",211
"2020-02-09 20:42:03",211
"2020-02-09 21:42:10",211
"2020-02-09 22:42:03",211
"2020-02-09 23:42:16",211
"2020-02-10 00:42:06",211
"2020-02-10 01:42:05",211
"2020-02-10 02:42:05",211
"2020-02-10 03:42:04",211
"2020-02-10 04:42:04",211
"2020-02-10 05:42:09",211
"2020-02-10 06:42:07",211
"2020-02-10 07:42:04",211
"2020-02-10 08:42:04",211
"2020-02-10 09:42:07",211
"2020-02-10 10:42:05",211
"2020-02-10 11:42:05",211
"2020-02-10 12:42:04",211
"2020-02-10 13:42:03",211
"2020-02-10 14:42:07",211
"2020-02-10 15:42:09",211
"2020-02-10 16:42:08",211
"2020-02-10 17:42:04",211
"2020-02-10 18:42:04",211
"2020-02-10 19:42:04",211
"2020-02-10 20:42:06",211
"2020-02-10 21:42:06",211
"2020-02-10 22:42:05",211
"2020-02-10 23:42:02",211
"2020-02-11 00:42:06",211
"2020-02-11 01:42:11",211
"2020-02-11 02:42:05",211
"2020-02-11 03:42:04",211
"2020-02-11 04:42:04",211
"2020-02-11 05:42:04",211
"2020-02-11 06:42:07",211
"2020-02-11 07:42:04",211
"2020-02-11 08:42:06",211
"2020-02-11 09:42:08",211
"2020-02-11 10:42:03",211
"2020-02-11 11:42:06",211
"2020-02-11 12:42:04",211
"2020-02-11 14:06:34",211
"2020-02-11 14:42:08",211
"2020-02-11 15:42:08",211
"2020-02-11 16:42:09",211
"2020-02-11 17:42:04",211
"2020-02-11 18:42:05",211
"2020-02-11 19:42:07",211
"2020-02-11 20:42:04",212
"2020-02-11 21:43:01",212
"2020-02-11 22:42:12",212
"2020-02-11 23:42:04",212
"2020-02-12 00:42:11",212
"2020-02-12 01:42:05",212
"2020-02-12 02:42:16",212
"2020-02-12 03:42:04",212
"2020-02-12 04:42:05",212
"2020-02-12 05:42:05",212
"2020-02-12 06:42:07",212
"2020-02-12 07:42:06",212
"2020-02-12 08:42:05",212
"2020-02-12 09:42:07",212
"2020-02-12 10:42:03",212
"2020-02-12 11:42:03",212
"2020-02-12 12:42:05",212
"2020-02-12 14:06:34",212
"2020-02-12 14:42:08",212
"2020-02-12 15:42:06",213
"2020-02-12 16:42:04",212
"2020-02-12 17:42:05",212
"2020-02-12 18:42:06",212
"2020-02-12 19:42:03",212
"2020-02-12 20:42:07",212
"2020-02-12 21:42:04",211
"2020-02-12 22:41:58",211
"2020-02-12 23:41:58",211
"2020-02-13 00:42:04",211
"2020-02-13 01:42:02",211
"2020-02-13 02:42:04",211
"2020-02-13 03:42:04",211
"2020-02-13 04:42:03",211
"2020-02-13 05:42:04",211
"2020-02-13 06:42:06",211
"2020-02-13 07:41:59",211
"2020-02-13 08:42:00",211
"2020-02-13 09:41:59",211
"2020-02-13 10:41:56",211
"2020-02-13 11:42:04",211
"2020-02-13 12:41:58",211
"2020-02-13 14:06:33",211
"2020-02-13 14:41:59",211
"2020-02-13 15:42:02",210
"2020-02-13 16:42:00",210
"2020-02-13 17:42:04",209
"2020-02-13 18:42:05",209
"2020-02-13 19:42:04",209
"2020-02-13 20:42:04",209
"2020-02-13 21:42:03",209
"2020-02-13 22:41:59",209
"2020-02-13 23:41:57",209
"2020-02-14 00:41:59",209
"2020-02-14 01:41:58",209
"2020-02-14 02:42:05",209
"2020-02-14 03:41:58",209
"2020-02-14 04:41:57",209
"2020-02-14 05:41:59",209
"2020-02-14 06:41:57",209
"2020-02-14 07:41:58",209
"2020-02-14 08:42:04",209
"2020-02-14 09:42:01",209
"2020-02-14 10:41:57",209
"2020-02-14 11:41:59",209
"2020-02-14 12:41:57",209
"2020-02-14 13:42:00",209
"2020-02-14 14:41:59",209
"2020-02-14 15:42:08",209
"2020-02-14 16:41:59",209
"2020-02-14 17:41:59",208
"2020-02-14 18:41:58",208
"2020-02-14 19:41:58",208
"2020-02-14 20:42:04",208
"2020-02-14 21:41:58",208
"2020-02-14 22:41:57",208
"2020-02-14 23:42:03",208
"2020-02-15 00:41:58",208
"2020-02-15 01:42:00",208
"2020-02-15 02:41:58",208
"2020-02-15 03:41:59",208
"2020-02-15 04:42:01",208
"2020-02-15 05:41:57",208
"2020-02-15 06:41:58",208
"2020-02-15 07:41:59",208
"2020-02-15 08:41:57",208
"2020-02-15 09:42:00",208
"2020-02-15 10:41:56",208
"2020-02-15 11:41:58",208
"2020-02-15 12:42:03",208
"2020-02-15 13:41:58",208
"2020-02-15 14:42:00",208
"2020-02-15 15:41:59",208
"2020-02-15 16:41:57",208
"2020-02-15 17:41:59",208
"2020-02-15 18:42:04",208
"2020-02-15 19:41:58",208
"2020-02-15 20:41:58",208
"2020-02-15 21:41:58",208
"2020-02-15 22:41:58",208
"2020-02-15 23:41:59",208
"2020-02-16 00:41:56",208
"2020-02-16 01:41:58",208
"2020-02-16 02:41:57",208
"2020-02-16 03:41:57",208
"2020-02-16 04:41:58",208
"2020-02-16 05:41:59",208
"2020-02-16 06:41:57",208
"2020-02-16 07:41:58",208
"2020-02-16 08:41:58",208
"2020-02-16 09:41:59",208
"2020-02-16 10:41:58",208
"2020-02-16 11:41:59",208
"2020-02-16 12:41:58",208
"2020-02-16 13:41:58",208
"2020-02-16 14:41:58",208
"2020-02-16 15:42:06",208
"2020-02-16 16:42:04",208
"2020-02-16 17:41:59",208
"2020-02-16 18:41:59",208
"2020-02-16 19:41:58",208
"2020-02-16 20:41:57",208
"2020-02-16 21:41:57",208
"2020-02-16 22:41:58",208
"2020-02-16 23:41:59",208
"2020-02-17 00:41:58",208
"2020-02-17 01:41:56",208
"2020-02-17 02:41:58",208
"2020-02-17 03:41:58",208
"2020-02-17 04:41:58",208
"2020-02-17 05:41:57",208
"2020-02-17 06:42:00",208
"2020-02-17 07:41:57",208
"2020-02-17 08:41:58",208
"2020-02-17 09:41:59",208
"2020-02-17 10:41:58",208
"2020-02-17 11:41:58",208
"2020-02-17 12:42:00",208
"2020-02-17 13:41:56",208
"2020-02-17 14:41:55",208
"2020-02-17 15:41:59",208
"2020-02-17 16:42:00",208
"2020-02-17 17:41:57",208
"2020-02-17 18:41:58",208
"2020-02-17 19:41:57",208
"2020-02-17 20:41:58",208
"2020-02-17 22:41:58",208
"2020-02-17 23:42:03",208
"2020-02-18 00:41:57",208
"2020-02-18 01:41:58",208
"2020-02-18 02:42:00",208
"2020-02-18 03:41:59",208
"2020-02-18 04:41:59",208
"2020-02-18 05:42:00",208
"2020-02-18 06:41:58",208
"2020-02-18 07:41:58",208
"2020-02-18 08:41:59",208
"2020-02-18 09:42:01",208
"2020-02-18 10:41:58",208
"2020-02-18 11:41:57",208
"2020-02-18 12:42:02",208
"2020-02-18 14:07:04",208
"2020-02-18 14:42:04",208
"2020-02-18 15:42:00",208
"2020-02-18 16:42:00",208
"2020-02-18 17:41:57",207
"2020-02-18 18:41:57",208
"2020-02-18 19:41:59",208
"2020-02-18 20:41:59",208
"2020-02-18 21:41:59",208
"2020-02-18 22:41:58",208
"2020-02-18 23:41:59",208
"2020-02-19 00:42:03",208
"2020-02-19 01:41:59",208
"2020-02-19 02:42:01",208
"2020-02-19 03:42:03",208
"2020-02-19 04:42:00",208
"2020-02-19 05:42:01",208
"2020-02-19 06:41:59",208
"2020-02-19 07:42:01",208
"2020-02-19 08:42:01",208
"2020-02-19 09:41:59",208
"2020-02-19 10:41:59",208
"2020-02-19 11:41:58",208
"2020-02-19 12:41:59",208
"2020-02-19 14:08:34",208
"2020-02-19 14:42:07",208
"2020-02-19 15:42:03",208
"2020-02-19 16:42:00",208
"2020-02-19 17:41:59",208
"2020-02-19 18:42:01",208
"2020-02-19 19:41:59",208
"2020-02-19 20:41:59",208
"2020-02-19 21:42:06",208
"2020-02-19 22:42:03",208
"2020-02-19 23:42:00",208
"2020-02-20 00:41:59",208
"2020-02-20 01:42:01",208
"2020-02-20 02:42:03",208
"2020-02-20 03:42:00",208
"2020-02-20 04:41:59",208
"2020-02-20 05:41:59",208
"2020-02-20 06:42:05",208
"2020-02-20 07:41:59",208
"2020-02-20 08:41:59",208
"2020-02-20 09:42:01",208
"2020-02-20 10:42:03",208
"2020-02-20 11:41:58",208
"2020-02-20 12:42:04",208
"2020-02-20 13:42:05",208
"2020-02-20 14:42:01",208
"2020-02-20 15:42:03",207
"2020-02-20 16:41:59",207
"2020-02-20 17:42:05",207
"2020-02-20 18:42:03",207
"2020-02-20 19:42:11",207
"2020-02-20 20:42:08",208
"2020-02-20 21:42:06",209
"2020-02-20 22:42:07",209
"2020-02-20 23:42:08",209
"2020-02-21 00:42:05",209
"2020-02-21 01:42:07",209
"2020-02-21 02:42:08",209
"2020-02-21 03:42:18",209
"2020-02-21 04:42:18",209
"2020-02-21 05:42:09",209
"2020-02-21 06:42:10",209
"2020-02-21 07:42:09",209
"2020-02-21 08:42:10",209
"2020-02-21 09:42:21",209
"2020-02-21 10:42:33",209
"2020-02-21 11:42:19",209
"2020-02-21 12:42:18",209
"2020-02-21 13:42:17",209
"2020-02-21 14:42:12",209
"2020-02-21 15:42:22",209
"2020-02-21 16:42:29",209
"2020-02-21 17:42:27",209
"2020-02-21 18:42:17",209
"2020-02-21 19:42:08",209
"2020-02-21 20:42:07",209
"2020-02-21 21:42:19",209
"2020-02-21 22:42:11",209
"2020-02-21 23:42:50",209
"2020-02-22 00:42:27",209
"2020-02-22 01:42:13",209
"2020-02-22 02:42:12",209
"2020-02-22 03:42:26",209
"2020-02-22 04:42:17",209
"2020-02-22 05:42:19",209
"2020-02-22 06:42:06",209
"2020-02-22 07:42:17",209
"2020-02-22 08:42:26",209
"2020-02-22 09:42:08",209
"2020-02-22 10:42:14",209
"2020-02-22 11:42:08",209
"2020-02-22 12:42:20",209
"2020-02-22 13:42:53",209
"2020-02-22 14:42:07",209
"2020-02-22 15:42:12",209
"2020-02-22 16:42:23",209
"2020-02-22 17:42:22",209
"2020-02-22 18:42:10",209
"2020-02-22 19:42:10",209
"2020-02-22 20:42:21",209
"2020-02-22 21:42:44",209
"2020-02-22 22:42:26",209
"2020-02-22 23:42:07",209
"2020-02-23 00:42:10",209
"2020-02-23 01:42:13",209
"2020-02-23 02:42:19",209
"2020-02-23 03:42:10",209
"2020-02-23 04:42:22",209
"2020-02-23 05:42:21",209
"2020-02-23 06:42:11",209
"2020-02-23 07:42:15",209
"2020-02-23 08:42:27",209
"2020-02-23 09:42:10",209
"2020-02-23 10:42:11",209
"2020-02-23 11:42:11",209
"2020-02-23 12:42:12",209
"2020-02-23 13:42:11",209
"2020-02-23 14:42:21",209
"2020-02-23 15:42:10",209
"2020-02-23 16:42:12",209
"2020-02-23 17:42:10",209
"2020-02-23 18:42:13",209
"2020-02-23 19:42:12",209
"2020-02-23 20:42:10",209
"2020-02-23 21:42:21",209
"2020-02-23 22:42:05",209
"2020-02-23 23:42:13",209
"2020-02-24 00:42:26",209
"2020-02-24 01:42:08",209
"2020-02-24 02:42:22",209
"2020-02-24 03:42:10",209
"2020-02-24 04:42:15",209
"2020-02-24 05:42:25",209
"2020-02-24 06:42:09",209
"2020-02-24 07:42:10",209
"2020-02-24 08:42:11",209
"2020-02-24 09:55:00",209
"2020-02-24 10:42:07",209
"2020-02-24 11:42:21",209
"2020-02-24 12:42:07",209
"2020-02-24 13:42:18",209
"2020-02-24 14:42:28",209
"2020-02-24 15:42:09",208
"2020-02-24 16:42:19",207
"2020-02-24 17:42:08",209
"2020-02-24 18:42:12",209
"2020-02-24 19:42:23",209
"2020-02-24 20:42:23",210
"2020-02-24 21:42:22",211
"2020-02-24 22:42:19",211
"2020-02-24 23:42:06",211
"2020-02-25 00:42:11",211
"2020-02-25 01:42:06",211
"2020-02-25 02:42:14",211
"2020-02-25 03:42:14",211
"2020-02-25 04:42:12",211
"2020-02-25 05:42:28",211
"2020-02-25 06:42:13",211
"2020-02-25 07:42:14",211
"2020-02-25 08:42:23",211
"2020-02-25 09:55:44",211
"2020-02-25 10:42:21",211
"2020-02-25 11:42:13",211
"2020-02-25 12:42:15",211
"2020-02-25 14:08:02",211
"2020-02-25 14:42:13",211
"2020-02-25 15:42:13",215
"2020-02-25 16:42:11",216
"2020-02-25 17:42:11",217
"2020-02-25 18:42:18",217
"2020-02-25 19:42:11",217
"2020-02-25 20:42:24",218
"2020-02-25 21:42:20",218
"2020-02-25 22:42:11",218
"2020-02-25 23:42:11",218
"2020-02-26 00:42:10",218
"2020-02-26 01:42:10",218
"2020-02-26 02:42:14",218
"2020-02-26 03:42:09",218
"2020-02-26 04:42:25",218
"2020-02-26 05:42:21",218
"2020-02-26 06:42:21",218
"2020-02-26 07:42:28",218
"2020-02-26 08:42:20",218
"2020-02-26 09:42:15",218
"2020-02-26 10:42:12",218
"2020-02-26 11:42:20",218
"2020-02-26 12:42:10",218
"2020-02-26 13:42:19",218
"2020-02-26 14:42:22",218
"2020-02-26 15:42:24",218
"2020-02-26 16:42:11",218
"2020-02-26 17:42:13",218
"2020-02-26 18:42:11",218
"2020-02-26 19:42:21",218
"2020-02-26 20:42:18",218
"2020-02-26 21:42:20",218
"2020-02-26 22:42:19",218
"2020-02-26 23:42:21",218
"2020-02-27 00:42:12",218
"2020-02-27 01:42:11",218
"2020-02-27 02:42:06",218
"2020-02-27 03:42:22",218
"2020-02-27 04:42:07",218
"2020-02-27 05:42:13",218
"2020-02-27 06:42:09",218
"2020-02-27 07:42:11",218
"2020-02-27 08:42:17",218
"2020-02-27 09:42:14",218
"2020-02-27 10:42:23",218
"2020-02-27 11:42:15",218
"2020-02-27 12:42:21",218
"2020-02-27 14:06:34",218
"2020-02-27 14:42:30",218
"2020-02-27 15:42:18",218
"2020-02-27 16:42:21",218
"2020-02-27 17:42:12",217
"2020-02-27 18:42:20",217
"2020-02-27 19:42:07",217
"2020-02-27 20:42:12",217
"2020-02-27 21:42:11",217
"2020-02-27 22:42:18",217
"2020-02-27 23:42:09",217
"2020-02-28 00:42:23",217
"2020-02-28 01:42:09",217
"2020-02-28 02:42:09",217
"2020-02-28 03:42:22",217
"2020-02-28 04:42:25",217
"2020-02-28 05:42:21",217
"2020-02-28 06:42:12",217
"2020-02-28 07:42:23",217
"2020-02-28 08:42:27",217
"2020-02-28 09:42:25",217
"2020-02-28 10:42:10",217
"2020-02-28 11:42:15",217
"2020-02-28 12:42:19",217
"2020-02-28 14:07:06",217
"2020-02-28 14:42:14",217
"2020-02-28 15:42:10",216
"2020-02-28 16:42:13",216
"2020-02-28 17:42:12",216
"2020-02-28 18:42:12",216
"2020-02-28 19:42:22",216
"2020-02-28 20:42:08",216
"2020-02-28 21:42:10",216
"2020-02-28 22:42:21",216
"2020-02-28 23:42:10",216
"2020-02-29 00:42:10",216
"2020-02-29 01:42:09",216
"2020-02-29 02:42:13",216
"2020-02-29 03:42:07",216
"2020-02-29 04:42:12",216
"2020-02-29 05:42:27",216
"2020-02-29 06:42:20",216
"2020-02-29 07:42:45",216
"2020-02-29 08:42:54",216
"2020-02-29 09:42:42",216
"2020-02-29 10:42:09",216
"2020-02-29 11:42:08",216
"2020-02-29 12:42:43",216
"2020-02-29 13:42:44",216
"2020-02-29 14:42:11",216
"2020-02-29 15:42:11",216
"2020-02-29 16:42:23",216
"2020-02-29 17:42:22",216
"2020-02-29 18:42:12",216
"2020-02-29 19:42:11",216
"2020-02-29 20:42:08",216
"2020-02-29 21:42:17",216
"2020-02-29 22:42:56",216
"2020-02-29 23:42:41",216
"2020-03-01 00:42:43",216
"2020-03-01 01:42:43",216
"2020-03-01 02:42:14",216
"2020-03-01 03:42:42",216
"2020-03-01 04:42:11",216
"2020-03-01 05:42:21",216
"2020-03-01 06:42:11",216
"2020-03-01 07:42:20",216
"2020-03-01 08:42:09",216
"2020-03-01 09:42:43",216
"2020-03-01 10:42:41",216
"2020-03-01 11:42:18",216
"2020-03-01 12:42:21",216
"2020-03-01 13:42:10",216
"2020-03-01 14:42:08",216
"2020-03-01 15:42:44",216
"2020-03-01 16:42:22",216
"2020-03-01 17:42:42",216
"2020-03-01 18:42:45",216
"2020-03-01 19:42:45",216
"2020-03-01 20:42:44",216
"2020-03-01 21:42:11",216
"2020-03-01 22:42:12",216
"2020-03-01 23:42:44",216
"2020-03-02 00:42:07",216
"2020-03-02 01:42:22",216
"2020-03-02 02:42:42",216
"2020-03-02 03:42:55",216
"2020-03-02 04:42:25",216
"2020-03-02 05:42:45",216
"2020-03-02 07:42:10",216
"2020-03-02 08:42:42",216
"2020-03-02 09:42:43",216
"2020-03-02 10:42:19",216
"2020-03-02 11:42:09",216
"2020-03-02 12:42:19",216
"2020-03-02 13:42:43",216
"2020-03-02 18:44:09",217
"2020-03-03 00:42:22",220
"2020-03-03 01:42:29",220
"2020-03-03 02:42:23",220
"2020-03-03 03:42:31",220
"2020-03-03 04:42:45",220
"2020-03-03 05:44:23",220
"2020-03-03 06:42:47",220
"2020-03-03 07:42:21",220
"2020-03-03 08:42:59",220
"2020-03-03 09:43:03",220
"2020-03-03 10:42:22",220
"2020-03-03 11:43:10",220
"2020-03-03 12:42:20",220
"2020-03-03 13:43:01",220
"2020-03-03 14:43:02",220
"2020-03-03 16:43:11",221
"2020-03-03 17:43:03",222
"2020-03-03 18:42:10",222
"2020-03-03 19:42:10",221
"2020-03-03 20:42:23",220
"2020-03-03 21:42:21",220
"2020-03-03 22:43:13",220
"2020-03-03 23:42:44",220
"2020-03-04 00:42:55",220
"2020-03-04 01:42:46",220
"2020-03-04 02:42:14",220
"2020-03-04 03:42:22",220
"2020-03-04 04:43:00",220
"2020-03-04 05:42:15",220
"2020-03-04 06:42:51",220
"2020-03-04 07:42:20",220
"2020-03-04 08:42:45",220
"2020-03-04 09:42:25",220
"2020-03-04 10:42:11",220
"2020-03-04 11:42:55",220
"2020-03-04 12:42:55",220
"2020-03-04 13:42:12",220
"2020-03-04 14:42:10",220
"2020-03-04 15:43:00",220
"2020-03-04 16:42:11",219
"2020-03-04 17:42:21",220
"2020-03-04 18:42:44",220
"2020-03-04 19:42:50",220
"2020-03-04 20:42:48",221
"2020-03-04 21:42:10",223
"2020-03-04 22:42:45",223
"2020-03-04 23:42:15",223
"2020-03-05 00:42:17",223
"2020-03-05 01:42:24",223
"2020-03-05 02:42:12",223
"2020-03-05 03:42:13",223
"2020-03-05 04:42:22",223
"2020-03-05 05:42:23",223
"2020-03-05 06:42:14",223
"2020-03-05 07:42:13",223
"2020-03-05 08:43:04",223
"2020-03-05 09:42:24",223
"2020-03-05 10:42:11",223
"2020-03-05 11:42:21",223
"2020-03-05 12:42:22",223
"2020-03-05 13:42:24",223
"2020-03-05 14:42:46",223
"2020-03-05 15:42:23",225
"2020-03-05 16:42:47",225
"2020-03-05 17:42:11",225
"2020-03-05 18:42:15",224
"2020-03-05 19:42:12",223
"2020-03-05 20:42:11",223
"2020-03-05 21:42:10",223
"2020-03-05 22:42:46",223
"2020-03-05 23:42:48",223
"2020-03-06 00:42:10",223
"2020-03-06 01:42:12",223
"2020-03-06 02:42:47",223
"2020-03-06 03:42:46",223
"2020-03-06 04:42:47",223
"2020-03-06 05:42:48",223
"2020-03-06 06:42:56",223
"2020-03-06 07:42:46",223
"2020-03-06 08:42:18",223
"2020-03-06 09:42:50",223
"2020-03-06 10:42:15",223
"2020-03-06 11:42:57",223
"2020-03-06 12:42:17",223
"2020-03-06 13:42:08",223
"2020-03-06 14:43:02",223
"2020-03-06 15:42:21",226
"2020-03-06 16:42:21",225
"2020-03-06 17:42:16",226
"2020-03-06 18:42:10",226
"2020-03-06 19:42:19",226
"2020-03-06 20:42:12",226
"2020-03-06 21:42:11",226
"2020-03-06 22:42:10",226
"2020-03-06 23:42:22",226
"2020-03-07 00:42:11",226
"2020-03-07 01:42:22",226
"2020-03-07 02:42:13",226
"2020-03-07 03:42:57",226
"2020-03-07 04:42:57",226
"2020-03-07 05:42:47",226
"2020-03-07 06:42:47",226
"2020-03-07 07:42:26",226
"2020-03-07 08:42:45",226
"2020-03-07 09:42:18",226
"2020-03-07 10:42:23",226
"2020-03-07 11:42:45",226
"2020-03-07 12:42:21",226
"2020-03-07 13:42:12",226
"2020-03-07 14:42:14",226
"2020-03-07 15:42:14",226
"2020-03-07 16:42:12",226
"2020-03-07 17:42:23",226
"2020-03-07 18:42:15",226
"2020-03-07 19:42:14",226
"2020-03-07 20:42:49",226
"2020-03-07 21:42:58",226
"2020-03-07 22:42:47",226
"2020-03-07 23:42:46",226
"2020-03-08 00:42:12",226
"2020-03-08 01:42:24",226
"2020-03-08 02:42:26",226
"2020-03-08 03:42:47",226
"2020-03-08 04:42:46",226
"2020-03-08 05:42:50",226
"2020-03-08 06:42:31",226
"2020-03-08 07:42:47",226
"2020-03-08 08:42:49",226
"2020-03-08 09:42:25",226
"2020-03-08 10:42:51",226
"2020-03-08 11:42:21",226
"2020-03-08 12:42:57",226
"2020-03-08 13:42:59",226
"2020-03-08 14:42:09",226
"2020-03-08 15:42:52",226
"2020-03-08 16:42:11",226
"2020-03-08 17:42:16",226
"2020-03-08 18:43:00",226
"2020-03-08 19:42:34",226
"2020-03-08 20:42:24",226
"2020-03-08 21:42:10",226
"2020-03-08 22:42:44",226
"2020-03-08 23:42:13",226
"2020-03-09 00:42:50",226
"2020-03-09 01:42:11",226
"2020-03-09 02:42:50",226
"2020-03-09 03:42:49",226
"2020-03-09 04:42:50",226
"2020-03-09 05:42:12",226
"2020-03-09 06:42:13",226
"2020-03-09 07:42:14",226
"2020-03-09 08:42:12",226
"2020-03-09 09:42:22",226
"2020-03-09 10:42:44",226
"2020-03-09 11:42:47",226
"2020-03-09 12:42:30",226
"2020-03-09 13:42:15",226
"2020-03-09 14:42:57",226
"2020-03-09 15:42:31",226
"2020-03-09 16:42:20",226
"2020-03-09 17:42:11",225
"2020-03-09 18:42:11",225
"2020-03-09 19:42:11",225
"2020-03-09 20:42:13",224
"2020-03-09 21:42:44",224
"2020-03-09 22:42:43",224
"2020-03-09 23:42:55",224
"2020-03-10 00:42:08",224
"2020-03-10 01:42:45",224
"2020-03-10 02:42:22",224
"2020-03-10 03:42:57",224
"2020-03-10 04:42:21",224
"2020-03-10 06:42:55",224
"2020-03-10 07:42:54",224
"2020-03-10 08:42:15",224
"2020-03-10 09:42:44",224
"2020-03-10 10:42:43",224
"2020-03-10 11:42:45",224
"2020-03-10 12:42:21",224
"2020-03-10 13:42:25",224
"2020-03-10 14:42:58",224
"2020-03-10 15:42:56",224
"2020-03-10 16:42:08",223
"2020-03-10 17:42:47",223
"2020-03-10 18:42:47",223
"2020-03-10 19:42:48",223
"2020-03-10 20:43:25",223
"2020-03-10 21:42:56",223
"2020-03-10 22:42:46",223
"2020-03-10 23:42:20",223
"2020-03-11 00:42:51",223
"2020-03-11 01:42:54",223
"2020-03-11 02:42:58",223
"2020-03-11 03:42:22",223
"2020-03-11 04:42:22",223
"2020-03-11 05:42:56",223
"2020-03-11 06:42:50",223
"2020-03-11 07:42:10",223
"2020-03-11 08:42:23",223
"2020-03-11 09:42:07",223
"2020-03-11 10:42:12",223
"2020-03-11 11:42:47",223
"2020-03-11 12:42:57",223
"2020-03-11 13:42:47",223
"2020-03-11 14:42:20",224
"2020-03-11 15:42:13",224
"2020-03-11 16:42:53",225
"2020-03-11 17:42:21",224
"2020-03-11 18:42:09",224
"2020-03-11 19:42:55",224
"2020-03-11 20:42:56",224
"2020-03-11 21:42:21",224
"2020-03-11 22:42:22",224
"2020-03-11 23:42:28",224
"2020-03-12 00:42:09",224
"2020-03-12 01:42:48",224
"2020-03-12 02:42:19",224
"2020-03-12 03:42:45",224
"2020-03-12 04:42:54",224
"2020-03-12 05:42:21",224
"2020-03-12 06:42:14",224
"2020-03-12 07:42:17",224
"2020-03-12 08:42:52",224
"2020-03-12 09:42:32",224
"2020-03-12 10:42:48",224
"2020-03-12 11:42:46",224
"2020-03-12 12:42:44",224
"2020-03-12 13:42:56",224
"2020-03-12 14:42:12",221
"2020-03-12 15:42:08",221
"2020-03-12 16:42:13",221
"2020-03-12 17:42:09",220
"2020-03-12 18:42:57",220
"2020-03-12 19:42:21",220
"2020-03-12 20:42:13",218
"2020-03-12 21:42:59",218
"2020-03-12 22:42:10",218
"2020-03-12 23:43:00",218
"2020-03-13 00:42:59",218
"2020-03-13 01:42:10",218
"2020-03-13 02:42:46",218
"2020-03-13 03:42:48",218
"2020-03-13 04:42:19",218
"2020-03-13 05:42:23",218
"2020-03-13 06:43:02",218
"2020-03-13 07:43:03",218
"2020-03-13 08:43:07",218
"2020-03-13 09:43:08",218
"2020-03-13 10:42:22",218
"2020-03-13 11:42:43",218
"2020-03-13 13:06:36",218
"2020-03-13 13:42:26",218
"2020-03-13 14:42:23",219
"2020-03-13 15:42:24",220
"2020-03-13 16:42:47",220
"2020-03-13 17:42:43",220
"2020-03-13 18:42:56",220
"2020-03-13 19:42:45",221
"2020-03-13 20:42:14",221
"2020-03-13 21:42:21",221
"2020-03-13 22:42:11",221
"2020-03-13 23:42:42",221
"2020-03-14 00:42:22",221
"2020-03-14 01:42:54",221
"2020-03-14 02:42:49",221
"2020-03-14 03:42:20",221
"2020-03-14 04:42:56",221
"2020-03-14 05:42:50",221
"2020-03-14 06:42:23",221
"2020-03-14 07:42:57",221
"2020-03-14 08:42:47",221
"2020-03-14 09:42:47",221
"2020-03-14 10:42:19",221
"2020-03-14 11:42:14",221
"2020-03-14 12:42:19",221
"2020-03-14 13:42:13",221
"2020-03-14 14:42:44",221
"2020-03-14 15:42:11",221
"2020-03-14 16:42:45",221
"2020-03-14 17:42:21",221
"2020-03-14 18:42:47",221
"2020-03-14 19:42:23",221
"2020-03-14 20:42:50",221
"2020-03-14 21:42:47",221
"2020-03-14 22:42:55",221
"2020-03-14 23:42:44",221
"2020-03-15 00:42:16",221
"2020-03-15 01:42:21",221
"2020-03-15 02:42:55",221
"2020-03-15 03:42:54",221
"2020-03-15 04:42:13",221
"2020-03-15 05:42:56",221
"2020-03-15 06:42:23",221
"2020-03-15 07:43:00",221
"2020-03-15 08:59:22",221
"2020-03-15 09:42:31",221
"2020-03-15 10:42:43",221
"2020-03-15 11:42:57",221
"2020-03-15 12:42:45",221
"2020-03-15 13:42:14",221
"2020-03-15 14:42:29",221
"2020-03-15 15:42:19",221
"2020-03-15 16:42:43",221
"2020-03-15 17:42:22",221
"2020-03-15 18:42:54",221
"2020-03-15 19:42:47",221
"2020-03-15 20:42:25",221
"2020-03-15 21:42:23",221
"2020-03-15 22:42:43",221
"2020-03-15 23:42:42",221
"2020-03-16 00:42:11",221
"2020-03-16 01:42:12",221
"2020-03-16 02:42:10",221
"2020-03-16 03:42:38",221
"2020-03-16 04:42:47",221
"2020-03-16 05:42:58",221
"2020-03-16 06:42:20",221
"2020-03-16 07:42:56",221
"2020-03-16 08:57:59",221
"2020-03-16 09:42:45",221
"2020-03-16 10:42:24",221
"2020-03-16 11:42:45",221
"2020-03-16 13:08:08",221
"2020-03-16 13:42:48",221
"2020-03-16 14:42:23",224
"2020-03-16 15:42:46",224
"2020-03-16 16:42:12",224
"2020-03-16 17:42:21",223
"2020-03-16 18:42:12",223
"2020-03-16 19:42:54",222
"2020-03-16 20:42:10",223
"2020-03-16 21:42:23",223
"2020-03-16 22:42:12",223
"2020-03-16 23:42:47",223
"2020-03-17 00:42:45",223
"2020-03-17 01:42:15",223
"2020-03-17 02:42:45",223
"2020-03-17 20:10:00",230
"2020-03-17 20:17:48",230
"2020-03-17 20:42:23",230
"2020-03-17 21:42:13",230
"2020-03-17 22:42:13",230
"2020-03-17 23:42:16",230
"2020-03-18 00:42:21",230
"2020-03-18 01:42:25",230
"2020-03-18 02:42:24",230
"2020-03-18 03:42:24",230
"2020-03-18 04:42:26",230
"2020-03-18 05:42:18",230
"2020-03-18 06:42:13",230
"2020-03-18 07:42:24",230
"2020-03-18 08:42:12",230
"2020-03-18 09:42:23",230
"2020-03-18 10:42:13",230
"2020-03-18 11:42:11",230
"2020-03-18 13:08:07",230
"2020-03-18 13:42:26",230
"2020-03-18 14:42:15",233
"2020-03-18 15:42:16",233
"2020-03-18 16:42:13",233
"2020-03-18 17:42:23",233
"2020-03-18 18:42:11",233
"2020-03-18 19:42:22",233
"2020-03-18 20:42:16",234
"2020-03-18 21:42:16",234
"2020-03-18 22:42:11",234
"2020-03-18 23:42:20",234
"2020-03-19 00:42:17",234
"2020-03-19 01:42:19",234
"2020-03-19 02:42:12",234
"2020-03-19 03:42:10",234
"2020-03-19 04:42:14",234
"2020-03-19 05:42:52",234
"2020-03-19 06:42:12",234
"2020-03-19 07:42:16",234
"2020-03-19 08:42:14",234
"2020-03-19 09:42:21",234
"2020-03-19 10:42:11",234
"2020-03-19 11:42:13",234
"2020-03-19 12:42:13",234
"2020-03-19 13:42:14",234
"2020-03-19 14:42:15",234
"2020-03-19 15:42:15",234
"2020-03-19 16:42:14",234
"2020-03-19 17:42:14",234
"2020-03-19 18:42:09",234
"2020-03-19 19:42:17",235
"2020-03-19 20:42:26",237
"2020-03-19 21:42:21",237
"2020-03-19 22:42:11",237
"2020-03-19 23:42:31",237
"2020-03-20 00:42:12",237
"2020-03-20 01:42:12",237
"2020-03-20 02:42:34",237
"2020-03-20 03:42:19",237
"2020-03-20 04:42:16",237
"2020-03-20 06:42:28",237
"2020-03-20 07:42:18",237
"2020-03-20 08:42:34",237
"2020-03-20 09:42:23",237
"2020-03-20 10:42:14",237
"2020-03-20 11:42:15",237
"2020-03-20 13:07:05",237
"2020-03-20 13:42:28",237
"2020-03-20 14:42:15",242
"2020-03-20 15:42:14",240
"2020-03-20 16:42:16",240
"2020-03-20 17:42:17",241
"2020-03-20 18:42:13",241
"2020-03-20 19:42:18",241
"2020-03-20 20:42:16",241
"2020-03-20 21:42:13",241
"2020-03-20 22:42:25",241
"2020-03-20 23:42:29",241
"2020-03-21 00:42:21",241
"2020-03-21 01:42:17",241
"2020-03-21 02:42:25",241
"2020-03-21 03:42:28",241
"2020-03-21 04:42:15",241
"2020-03-21 05:42:13",241
"2020-03-21 06:42:17",241
"2020-03-21 07:42:26",241
"2020-03-21 08:42:28",241
"2020-03-21 09:42:17",241
"2020-03-21 10:42:19",241
"2020-03-21 11:42:23",241
"2020-03-21 12:42:12",241
"2020-03-21 13:42:16",241
"2020-03-21 14:42:33",241
"2020-03-21 15:42:25",241
"2020-03-21 16:42:22",241
"2020-03-21 17:42:30",241
"2020-03-21 18:42:19",241
"2020-03-21 19:42:19",241
"2020-03-21 20:42:12",241
"2020-03-21 21:42:18",241
"2020-03-21 22:42:15",241
"2020-03-21 23:42:18",241
"2020-03-22 00:42:12",241
"2020-03-22 01:42:24",241
"2020-03-22 02:42:14",241
"2020-03-22 03:42:35",241
"2020-03-22 04:42:19",241
"2020-03-22 05:42:50",241
"2020-03-22 06:42:27",241
"2020-03-22 07:42:29",241
"2020-03-22 09:13:46",241
"2020-03-22 09:42:18",241
"2020-03-22 10:42:26",241
"2020-03-22 11:42:15",241
"2020-03-22 12:42:25",241
"2020-03-22 21:52:17",241
"2020-03-22 22:42:26",241
"2020-03-22 23:42:18",241
"2020-03-23 00:42:37",241
"2020-03-23 01:42:35",241
"2020-03-23 02:42:15",241
"2020-03-23 03:42:17",241
"2020-03-23 04:42:23",241
"2020-03-23 05:42:22",241
"2020-03-23 06:42:20",241
"2020-03-23 07:42:16",241
"2020-03-23 08:42:20",241
"2020-03-23 09:42:29",241
"2020-03-23 10:42:17",241
"2020-03-23 11:42:24",241
"2020-03-23 13:06:35",241
"2020-03-23 13:42:34",241
"2020-03-23 14:42:26",244
"2020-03-23 15:42:21",247
"2020-03-23 16:42:28",247
"2020-03-23 17:42:18",248
"2020-03-23 18:42:15",249
"2020-03-23 19:42:24",249
"2020-03-23 20:42:26",249
"2020-03-23 21:42:18",249
"2020-03-23 22:42:18",249
"2020-03-23 23:42:19",249
"2020-03-24 00:42:14",249
"2020-03-24 01:42:17",249
"2020-03-24 02:42:16",249
"2020-03-24 03:42:16",249
"2020-03-24 04:42:27",249
"2020-03-24 05:42:46",249
"2020-03-24 06:42:25",249
"2020-03-24 07:42:30",249
"2020-03-24 09:08:06",249
"2020-03-24 09:42:15",249
"2020-03-24 10:42:18",249
"2020-03-24 11:42:18",249
"2020-03-24 12:42:10",249
"2020-03-24 13:42:36",249
"2020-03-24 14:42:41",248
"2020-03-24 15:42:34",248
"2020-03-24 16:42:39",247
"2020-03-24 17:42:26",247
"2020-03-24 18:42:25",249
"2020-03-24 19:42:17",249
"2020-03-24 20:42:13",250
"2020-03-24 21:42:12",250
"2020-03-24 22:42:26",250
"2020-03-24 23:42:26",250
"2020-03-25 00:42:13",250
"2020-03-25 01:42:17",250
"2020-03-25 02:42:15",250
"2020-03-25 03:42:13",250
"2020-03-25 04:42:10",250
"2020-03-25 06:42:27",250
"2020-03-25 07:42:13",250
"2020-03-25 09:42:18",250
"2020-03-25 10:42:15",250
"2020-03-25 11:42:24",250
"2020-03-25 12:42:27",250
"2020-03-25 13:42:28",250
"2020-03-25 14:42:29",249
"2020-03-25 15:42:33",249
"2020-03-25 16:42:27",248
"2020-03-25 17:42:16",248
"2020-03-25 18:42:13",248
"2020-03-25 19:42:14",247
"2020-03-25 20:42:19",246
"2020-03-25 21:42:12",246
"2020-03-25 22:42:14",246
"2020-03-25 23:42:15",246
"2020-03-26 02:04:55",246
"2020-03-26 02:42:19",246
"2020-03-26 03:42:25",246
"2020-03-26 04:42:35",246
"2020-03-26 05:42:19",246
"2020-03-26 06:42:19",246
"2020-03-26 07:42:21",245
"2020-03-26 08:42:15",245
"2020-03-26 09:42:25",245
"2020-03-26 10:42:13",245
"2020-03-26 11:42:17",245
"2020-03-26 12:42:17",245
"2020-03-26 13:42:15",245
"2020-03-26 14:42:19",243
"2020-03-26 15:42:19",245
"2020-03-26 16:42:16",244
"2020-03-26 17:42:23",243
"2020-03-26 18:42:15",245
"2020-03-26 19:42:14",245
"2020-03-26 20:42:16",244
"2020-03-26 21:42:21",244
"2020-03-26 22:42:12",244
"2020-03-26 23:42:25",244
"2020-03-27 00:42:18",244
"2020-03-27 01:42:22",244
"2020-03-27 02:42:26",244
"2020-03-27 03:42:18",244
"2020-03-27 04:42:22",244
"2020-03-27 05:42:16",244
"2020-03-27 06:42:23",244
"2020-03-27 07:42:27",244
"2020-03-27 08:43:06",244
"2020-03-27 09:42:37",244
"2020-03-27 10:42:20",244
"2020-03-27 11:42:14",244
"2020-03-27 12:42:13",244
"2020-03-27 13:42:20",244
"2020-03-27 14:42:15",247
"2020-03-27 15:42:17",248
"2020-03-27 16:42:20",250
"2020-03-27 17:42:16",250
"2020-03-27 18:42:27",250
"2020-03-27 19:42:16",249
"2020-03-27 20:42:15",250
"2020-03-27 21:42:27",250
"2020-03-27 22:42:19",250
"2020-03-27 23:42:22",250
"2020-03-28 00:42:26",250
"2020-03-28 01:42:09",250
"2020-03-28 02:42:15",250
"2020-03-28 03:42:18",250
"2020-03-28 04:42:15",250
"2020-03-28 05:42:35",250
"2020-03-28 06:42:20",250
"2020-03-28 07:42:13",250
"2020-03-28 08:42:17",250
"2020-03-28 09:42:24",250
"2020-03-28 10:42:29",250
"2020-03-28 11:42:17",250
"2020-03-28 12:42:26",250
"2020-03-28 13:42:25",250
"2020-03-28 14:42:20",250
"2020-03-28 15:42:15",250
"2020-03-28 16:42:14",250
"2020-03-28 17:42:17",250
"2020-03-28 18:42:20",250
"2020-03-28 19:42:15",250
"2020-03-28 20:42:18",250
"2020-03-28 21:42:13",250
"2020-03-28 22:42:35",250
"2020-03-28 23:42:20",250
"2020-03-29 00:42:21",250
"2020-03-29 01:42:25",250
"2020-03-29 02:42:36",250
"2020-03-29 03:42:41",250
"2020-03-29 04:42:29",250
"2020-03-29 05:42:25",250
"2020-03-29 06:42:38",250
"2020-03-29 07:42:25",250
"2020-03-29 08:42:21",250
"2020-03-29 09:42:18",250
"2020-03-29 10:42:36",250
"2020-03-29 11:42:20",250
"2020-03-29 12:42:16",250
"2020-03-29 13:42:17",250
"2020-03-29 14:42:14",250
"2020-03-29 15:42:17",250
"2020-03-29 16:42:17",250
"2020-03-29 17:42:27",250
"2020-03-29 18:42:17",250
"2020-03-29 19:42:18",250
"2020-03-29 20:42:16",250
"2020-03-29 21:42:34",250
"2020-03-29 22:42:19",250
"2020-03-29 23:42:18",250
"2020-03-30 00:42:19",250
"2020-03-30 01:42:18",250
"2020-03-30 02:42:29",250
"2020-03-30 03:42:20",250
"2020-03-30 04:42:31",250
"2020-03-30 05:42:13",250
"2020-03-30 06:42:18",250
"2020-03-30 07:42:32",250
"2020-03-30 08:42:19",250
"2020-03-30 09:42:17",250
"2020-03-30 10:42:17",250
"2020-03-30 11:42:13",250
"2020-03-30 12:42:16",250
"2020-03-30 13:42:26",250
"2020-03-30 14:42:16",253
"2020-03-30 15:42:28",255
"2020-03-30 16:42:17",255
"2020-03-30 17:42:23",256
"2020-03-30 18:42:18",258
"2020-03-30 19:42:27",257
"2020-03-30 20:42:17",258
"2020-03-30 21:42:24",258
"2020-03-30 22:42:16",258
"2020-03-30 23:42:17",258
"2020-03-31 00:42:14",258
"2020-03-31 01:42:17",258
"2020-03-31 02:42:16",258
"2020-03-31 03:42:20",258
"2020-03-31 04:42:18",258
"2020-03-31 05:42:17",258
"2020-03-31 06:42:15",258
"2020-03-31 07:42:21",257
"2020-03-31 08:42:19",257
"2020-03-31 09:42:22",257
"2020-03-31 10:42:18",257
"2020-03-31 11:42:44",257
"2020-03-31 13:05:36",257
"2020-03-31 13:42:19",257
"2020-03-31 14:42:31",262
"2020-03-31 15:42:18",262
"2020-03-31 16:42:32",261
"2020-03-31 17:42:17",261
"2020-03-31 18:42:27",261
"2020-03-31 19:42:15",260
"2020-03-31 20:42:25",259
"2020-03-31 21:42:17",259
"2020-03-31 22:42:20",259
"2020-03-31 23:42:27",259
"2020-04-01 00:42:20",259
"2020-04-01 01:42:20",259
"2020-04-01 02:42:18",259
"2020-04-01 03:42:22",259
"2020-04-01 04:42:27",259
"2020-04-01 05:42:38",259
"2020-04-01 06:42:22",259
"2020-04-01 07:42:30",259
"2020-04-01 08:42:18",259
"2020-04-01 09:42:24",259
"2020-04-01 10:42:15",259
"2020-04-01 11:42:36",259
"2020-04-01 13:08:37",259
"2020-04-01 13:42:22",259
"2020-04-01 14:42:37",260
"2020-04-01 15:42:29",261
"2020-04-01 16:42:16",261
"2020-04-01 17:42:15",262
"2020-04-01 18:42:16",262
"2020-04-01 19:42:19",262
"2020-04-01 20:42:20",262
"2020-04-01 21:42:15",262
"2020-04-01 22:42:15",262
"2020-04-01 23:42:28",262
"2020-04-02 00:42:18",262
"2020-04-02 01:42:30",262
"2020-04-02 02:42:19",262
"2020-04-02 03:42:28",262
"2020-04-02 04:42:20",262
"2020-04-02 05:42:22",262
"2020-04-02 06:42:14",262
"2020-04-02 07:42:29",262
"2020-04-02 08:42:42",262
"2020-04-02 09:42:28",262
"2020-04-02 10:42:19",262
"2020-04-02 11:42:18",262
"2020-04-02 13:09:36",262
"2020-04-02 13:42:32",262
"2020-04-02 14:42:15",264
"2020-04-02 15:42:23",264
"2020-04-02 16:42:13",264
"2020-04-02 17:42:15",264
"2020-04-02 18:42:33",264
"2020-04-02 19:42:16",264
"2020-04-02 20:42:28",265
"2020-04-02 21:42:39",265
"2020-04-02 22:42:31",265
"2020-04-02 23:42:16",265
"2020-04-03 00:42:21",265
"2020-04-03 01:42:28",265
"2020-04-03 02:42:19",265
"2020-04-03 03:42:16",265
"2020-04-03 04:42:25",265
"2020-04-03 05:42:29",265
"2020-04-03 06:42:20",265
"2020-04-03 08:42:21",265
"2020-04-03 09:42:18",265
"2020-04-03 10:42:28",265
"2020-04-03 11:42:16",265
"2020-04-03 13:10:39",265
"2020-04-03 13:42:27",265
"2020-04-03 14:42:25",265
"2020-04-03 15:42:32",265
"2020-04-03 16:42:29",265
"2020-04-03 17:42:31",265
"2020-04-03 18:42:31",265
"2020-04-03 19:42:18",265
"2020-04-03 20:42:18",265
"2020-04-03 21:42:22",265
"2020-04-03 22:42:38",265
"2020-04-03 23:42:20",265
"2020-04-04 00:42:17",265
"2020-04-04 01:42:29",265
"2020-04-04 02:42:21",265
"2020-04-04 03:42:23",265
"2020-04-04 04:42:25",265
"2020-04-04 05:42:28",265
"2020-04-04 06:42:18",265
"2020-04-04 07:42:32",265
"2020-04-04 08:42:29",265
"2020-04-04 09:42:26",265
"2020-04-04 10:42:18",265
"2020-04-04 11:42:19",265
"2020-04-04 12:42:19",265
"2020-04-04 13:42:18",265
"2020-04-04 14:42:26",265
"2020-04-04 15:42:16",265
"2020-04-04 16:42:19",265
"2020-04-04 17:42:18",265
"2020-04-04 18:42:18",265
"2020-04-04 19:42:20",265
"2020-04-04 20:42:17",265
"2020-04-04 21:42:16",265
"2020-04-04 22:42:31",265
"2020-04-04 23:42:17",265
"2020-04-05 00:42:38",265
"2020-04-05 01:42:28",265
"2020-04-05 02:42:16",265
"2020-04-05 03:42:19",265
"2020-04-05 04:42:29",265
"2020-04-05 05:42:27",265
"2020-04-05 06:42:29",265
"2020-04-05 07:42:20",265
"2020-04-05 08:42:22",265
"2020-04-05 09:42:16",265
"2020-04-05 10:42:32",265
"2020-04-05 11:42:28",265
"2020-04-05 12:42:17",265
"2020-04-05 13:42:30",265
"2020-04-05 14:42:19",265
"2020-04-05 15:42:17",265
"2020-04-05 16:42:30",265
"2020-04-05 17:42:14",265
"2020-04-05 18:42:18",265
"2020-04-05 19:42:17",265
"2020-04-05 20:42:20",265
"2020-04-05 21:42:21",265
"2020-04-05 22:42:26",265
"2020-04-05 23:42:16",265
"2020-04-06 00:42:15",265
"2020-04-06 01:42:20",265
"2020-04-06 02:42:28",265
"2020-04-06 03:42:39",265
"2020-04-06 04:42:16",265
"2020-04-06 05:42:23",265
"2020-04-06 06:42:24",265
"2020-04-06 07:42:20",265
"2020-04-06 08:42:28",265
"2020-04-06 09:42:20",265
"2020-04-06 10:42:24",265
"2020-04-06 11:42:14",265
"2020-04-06 12:42:23",265
"2020-04-06 13:42:22",265
"2020-04-06 14:42:18",269
"2020-04-06 15:42:19",270
"2020-04-06 16:42:17",271
"2020-04-06 17:42:16",271
"2020-04-06 18:43:05",272
"2020-04-06 19:42:28",272
"2020-04-06 20:42:17",272
"2020-04-06 21:42:15",272
"2020-04-06 22:42:20",272
"2020-04-06 23:42:24",272
"2020-04-07 00:42:20",272
"2020-04-07 01:42:23",272
"2020-04-07 02:42:19",272
"2020-04-07 03:42:18",272
"2020-04-07 04:42:17",272
"2020-04-07 05:42:14",272
"2020-04-07 06:42:22",272
"2020-04-07 07:42:20",272
"2020-04-07 08:42:26",272
"2020-04-07 09:42:18",272
"2020-04-07 10:42:13",272
"2020-04-07 11:42:16",272
"2020-04-07 12:42:18",272
"2020-04-07 13:42:18",272
"2020-04-07 14:42:15",270
"2020-04-07 15:42:15",270
"2020-04-07 16:42:21",271
"2020-04-07 17:42:14",271
"2020-04-07 18:42:15",271
"2020-04-07 19:42:12",271
"2020-04-07 20:42:19",273
"2020-04-07 21:42:21",273
"2020-04-07 22:42:15",273
"2020-04-07 23:42:17",273
"2020-04-08 00:42:20",273
"2020-04-08 01:42:14",273
"2020-04-08 02:42:11",273
"2020-04-08 03:42:20",273
"2020-04-08 04:42:13",273
"2020-04-08 06:42:18",273
"2020-04-08 07:42:22",273
"2020-04-08 08:42:23",273
"2020-04-08 09:42:21",273
"2020-04-08 10:42:15",273
"2020-04-08 11:42:14",273
"2020-04-08 12:42:14",273
"2020-04-08 13:42:17",273
"2020-04-08 14:42:13",276
"2020-04-08 15:42:19",276
"2020-04-08 16:42:14",276
"2020-04-08 17:42:22",276
"2020-04-08 18:42:14",276
"2020-04-08 19:42:22",276
"2020-04-08 20:42:18",275
"2020-04-08 21:42:17",275
"2020-04-08 22:42:12",275
"2020-04-08 23:42:16",275
"2020-04-09 00:42:14",275
"2020-04-09 01:42:16",275
"2020-04-09 02:42:16",275
"2020-04-09 03:42:15",275
"2020-04-09 04:42:24",275
"2020-04-09 05:42:18",275
"2020-04-09 06:42:24",275
"2020-04-09 07:42:12",275
"2020-04-09 08:42:13",275
"2020-04-09 09:42:12",275
"2020-04-09 10:42:15",275
"2020-04-09 11:42:14",275
"2020-04-09 12:42:13",275
"2020-04-09 13:42:19",275
"2020-04-09 14:42:18",278
"2020-04-09 15:42:09",278
"2020-04-09 16:42:15",278
"2020-04-09 17:42:14",279
"2020-04-09 18:42:09",280
"2020-04-09 19:42:20",279
"2020-04-09 20:42:13",280
"2020-04-09 21:42:14",280
"2020-04-09 22:42:13",280
"2020-04-09 23:42:12",280
"2020-04-10 00:42:15",280
"2020-04-10 01:42:12",280
"2020-04-10 02:42:17",280
"2020-04-10 03:42:16",280
"2020-04-10 04:42:13",280
"2020-04-10 05:42:17",280
"2020-04-10 06:42:13",280
"2020-04-10 07:42:16",280
"2020-04-10 08:42:16",280
"2020-04-10 09:42:15",280
"2020-04-10 10:42:18",280
"2020-04-10 11:42:15",280
"2020-04-10 12:42:14",280
"2020-04-10 13:42:15",280
"2020-04-10 14:42:20",280
"2020-04-10 15:42:15",280
"2020-04-10 16:42:13",280
"2020-04-10 17:42:16",280
"2020-04-10 18:42:14",280
"2020-04-10 19:42:14",280
"2020-04-10 20:42:24",280
"2020-04-10 21:42:08",280
"2020-04-10 22:42:06",280
"2020-04-10 23:42:06",280
"2020-04-11 00:42:09",280
"2020-04-11 01:42:05",280
"2020-04-11 02:42:07",280
"2020-04-11 03:42:07",280
"2020-04-11 04:42:08",280
"2020-04-11 05:42:07",280
"2020-04-11 06:42:07",280
"2020-04-11 07:42:06",280
"2020-04-11 08:42:03",280
"2020-04-11 09:42:04",280
"2020-04-11 10:42:08",280
"2020-04-11 11:42:03",280
"2020-04-11 12:42:06",280
"2020-04-11 13:42:09",280
"2020-04-11 14:42:04",280
"2020-04-11 15:42:08",280
"2020-04-11 16:42:08",280
"2020-04-11 17:42:08",280
"2020-04-11 18:42:08",280
"2020-04-11 19:42:05",280
"2020-04-11 20:42:04",280
"2020-04-11 21:42:06",280
"2020-04-11 22:42:07",280
"2020-04-11 23:42:06",280
"2020-04-12 00:42:10",280
"2020-04-12 01:42:06",280
"2020-04-12 02:42:06",280
"2020-04-12 03:42:05",280
"2020-04-12 04:42:11",280
"2020-04-12 05:42:08",280
"2020-04-12 06:42:07",280
"2020-04-12 07:42:06",280
"2020-04-12 08:42:05",280
"2020-04-12 09:42:07",280
"2020-04-12 10:42:07",280
"2020-04-12 11:42:05",280
"2020-04-12 12:42:06",280
"2020-04-12 13:42:09",280
"2020-04-12 14:42:08",280
"2020-04-12 15:42:06",280
"2020-04-12 16:42:06",280
"2020-04-12 17:42:05",280
"2020-04-12 18:42:07",280
"2020-04-12 19:42:06",280
"2020-04-12 20:42:12",280
"2020-04-12 21:42:08",280
"2020-04-12 22:42:10",280
"2020-04-12 23:42:12",280
"2020-04-13 00:42:16",280
"2020-04-13 01:42:10",280
"2020-04-13 02:42:11",280
"2020-04-13 03:42:20",280
"2020-04-13 04:42:13",280
"2020-04-13 05:42:14",280
"2020-04-13 06:42:07",280
"2020-04-13 07:42:04",280
"2020-04-13 08:42:09",280
"2020-04-13 09:42:06",280
"2020-04-13 10:42:06",280
"2020-04-13 11:42:10",280
"2020-04-13 13:07:36",280
"2020-04-13 13:42:05",280
"2020-04-13 14:42:05",284
"2020-04-13 15:42:09",285
"2020-04-13 16:42:09",284
"2020-04-13 17:42:11",283
"2020-04-13 18:42:05",283
"2020-04-13 19:42:06",284
"2020-04-13 20:42:08",284
"2020-04-13 21:42:11",284
"2020-04-13 22:42:07",284
"2020-04-13 23:42:07",284
"2020-04-14 00:42:18",284
"2020-04-14 01:42:15",284
"2020-04-14 02:42:14",284
"2020-04-14 03:42:13",284
"2020-04-14 04:42:13",284
"2020-04-14 05:42:16",284
"2020-04-14 06:42:10",284
"2020-04-14 07:42:07",284
"2020-04-14 08:42:08",284
"2020-04-14 09:42:08",284
"2020-04-14 10:42:07",284
"2020-04-14 11:42:09",284
"2020-04-14 12:42:07",284
"2020-04-14 13:42:08",284
"2020-04-14 14:42:12",285
"2020-04-14 15:42:12",285
"2020-04-14 16:42:17",281
"2020-04-14 17:42:04",281
"2020-04-14 18:42:14",282
"2020-04-14 19:42:08",284
"2020-04-14 20:42:06",284
"2020-04-14 21:42:08",284
"2020-04-14 22:42:08",284
"2020-04-14 23:42:15",284
"2020-04-15 00:42:11",284
"2020-04-15 01:42:11",284
"2020-04-15 02:42:09",284
"2020-04-15 03:42:12",284
"2020-04-15 04:42:14",284
"2020-04-15 05:42:06",284
"2020-04-15 06:42:07",284
"2020-04-15 07:42:08",284
"2020-04-15 08:42:09",284
"2020-04-15 09:42:07",284
"2020-04-15 10:42:05",284
"2020-04-15 11:42:05",284
"2020-04-15 13:10:38",284
"2020-04-15 13:42:17",284
"2020-04-15 14:42:08",285
"2020-04-15 15:42:07",285
"2020-04-15 16:42:13",285
"2020-04-15 17:42:07",286
"2020-04-15 18:42:07",287
"2020-04-15 19:42:11",287
"2020-04-15 20:42:08",290
"2020-04-15 21:42:10",290
"2020-04-15 22:42:12",290
"2020-04-15 23:42:09",290
"2020-04-16 00:42:15",290
"2020-04-16 01:42:16",290
"2020-04-16 02:42:17",290
"2020-04-16 03:42:16",290
"2020-04-16 04:42:18",290
"2020-04-16 05:42:11",290
"2020-04-16 06:42:15",290
"2020-04-16 07:42:10",290
"2020-04-16 08:42:09",290
"2020-04-16 09:42:07",290
"2020-04-16 10:42:08",290
"2020-04-16 11:42:09",290
"2020-04-16 12:42:10",290
"2020-04-16 13:42:11",290
"2020-04-16 14:42:08",292
"2020-04-16 15:42:17",293
"2020-04-16 16:42:17",293
"2020-04-16 17:42:11",291
"2020-04-16 18:42:15",290
"2020-04-16 19:42:08",289
"2020-04-16 20:42:10",288
"2020-04-16 21:42:19",288
"2020-04-16 22:42:10",288
"2020-04-16 23:42:17",288
"2020-04-17 00:42:16",288
"2020-04-17 01:42:10",288
"2020-04-17 02:42:16",288
"2020-04-17 03:42:11",288
"2020-04-17 04:42:09",288
"2020-04-17 05:42:10",288
"2020-04-17 06:42:13",288
"2020-04-17 07:42:24",288
"2020-04-17 08:42:12",288
"2020-04-17 09:42:09",288
"2020-04-17 10:42:10",288
"2020-04-17 11:42:07",288
"2020-04-17 13:07:38",288
"2020-04-17 13:42:14",288
"2020-04-17 14:42:12",291
"2020-04-17 15:42:12",294
"2020-04-17 16:42:09",293
"2020-04-17 17:42:10",293
"2020-04-17 18:42:16",295
"2020-04-17 19:42:14",294
"2020-04-17 20:42:17",297
"2020-04-17 21:42:15",297
"2020-04-17 22:42:13",297
"2020-04-17 23:42:16",297
"2020-04-18 00:42:15",297
"2020-04-18 01:42:13",297
"2020-04-18 02:42:13",297
"2020-04-18 03:42:13",297
"2020-04-18 04:42:16",297
"2020-04-18 05:42:16",297
"2020-04-18 06:42:11",297
"2020-04-18 07:42:09",297
"2020-04-18 08:42:15",297
"2020-04-18 09:42:06",297
"2020-04-18 10:42:10",297
"2020-04-18 11:42:11",297
"2020-04-18 12:42:06",297
"2020-04-18 13:42:14",297
"2020-04-18 14:42:12",297
"2020-04-18 15:42:09",297
"2020-04-18 16:42:08",297
"2020-04-18 17:42:15",297
"2020-04-18 18:42:11",297
"2020-04-18 19:42:07",297
"2020-04-18 20:42:14",297
"2020-04-18 21:42:10",297
"2020-04-18 22:42:14",297
"2020-04-18 23:42:17",297
"2020-04-19 00:42:18",297
"2020-04-19 01:42:21",297
"2020-04-19 02:42:17",297
"2020-04-19 03:42:17",297
"2020-04-19 04:42:24",297
"2020-04-19 05:42:15",297
"2020-04-19 06:42:15",297
"2020-04-19 07:42:15",297
"2020-04-19 08:42:11",297
"2020-04-19 09:42:11",297
"2020-04-19 10:42:10",297
"2020-04-19 11:42:07",297
"2020-04-19 12:42:08",297
"2020-04-19 13:42:16",297
"2020-04-19 14:42:07",297
"2020-04-19 15:42:07",297
"2020-04-19 16:42:12",297
"2020-04-19 17:42:20",297
"2020-04-19 18:42:12",297
"2020-04-19 19:42:09",297
"2020-04-19 20:42:08",297
"2020-04-19 21:42:21",297
"2020-04-19 22:42:18",297
"2020-04-19 23:42:15",297
"2020-04-20 00:42:20",297
"2020-04-20 01:42:18",297
"2020-04-20 02:42:22",297
"2020-04-20 03:42:23",297
"2020-04-20 04:42:19",297
"2020-04-20 05:42:26",297
"2020-04-20 06:42:17",297
"2020-04-20 07:42:10",297
"2020-04-20 08:42:10",297
"2020-04-20 09:42:10",297
"2020-04-20 10:42:10",297
"2020-04-20 11:42:10",297
"2020-04-20 12:42:11",297
"2020-04-20 13:42:11",297
"2020-04-20 14:42:17",305
"2020-04-20 15:42:12",306
"2020-04-20 16:42:14",306
"2020-04-20 17:42:11",305
"2020-04-20 18:42:17",305
"2020-04-20 20:42:34",304
"2020-04-20 21:42:27",304
"2020-04-20 22:42:33",304
"2020-04-20 23:42:19",304
"2020-04-21 00:42:20",304
"2020-04-21 01:42:17",304
"2020-04-21 02:42:18",304
"2020-04-21 03:42:48",304
"2020-04-21 04:42:56",304
"2020-04-21 05:43:08",304
"2020-04-21 06:42:20",304
"2020-04-21 07:42:14",304
"2020-04-21 08:42:13",304
"2020-04-21 09:42:11",304
"2020-04-21 10:42:11",304
"2020-04-21 11:42:10",304
"2020-04-21 12:42:10",304
"2020-04-21 13:42:14",304
"2020-04-21 14:42:19",304
"2020-04-21 15:42:08",306
"2020-04-21 16:42:08",306
"2020-04-21 17:42:17",306
"2020-04-21 18:42:08",306
"2020-04-21 19:42:11",306
"2020-04-21 20:42:17",307
"2020-04-21 21:42:20",307
"2020-04-21 22:42:20",307
"2020-04-21 23:42:09",307
"2020-04-22 00:42:15",307
"2020-04-22 01:42:19",307
"2020-04-22 02:42:18",307
"2020-04-22 03:42:12",307
"2020-04-22 04:42:10",307
"2020-04-22 05:42:10",307
"2020-04-22 06:42:13",307
"2020-04-22 07:42:12",307
"2020-04-22 08:42:08",307
"2020-04-22 09:42:12",307
"2020-04-22 10:42:20",307
"2020-04-22 11:42:07",307
"2020-04-22 12:42:10",307
"2020-04-22 13:42:08",307
"2020-04-22 14:42:11",307
"2020-04-22 15:42:09",309
"2020-04-22 16:42:17",312
"2020-04-22 17:42:21",310
"2020-04-22 18:42:15",312
"2020-04-22 19:42:10",312
"2020-04-22 20:42:11",312
"2020-04-22 21:42:17",312
"2020-04-22 22:42:13",312
"2020-04-22 23:42:16",312
"2020-04-23 00:42:09",312
"2020-04-23 01:42:14",312
"2020-04-23 02:42:18",312
"2020-04-23 03:42:19",312
"2020-04-23 04:42:18",312
"2020-04-23 05:42:08",312
"2020-04-23 06:42:10",312
"2020-04-23 07:42:12",312
"2020-04-23 08:42:10",312
"2020-04-23 09:42:07",312
"2020-04-23 10:42:09",312
"2020-04-23 11:42:16",312
"2020-04-23 12:42:08",312
"2020-04-23 13:42:08",312
"2020-04-23 14:42:10",314
"2020-04-23 15:42:11",316
"2020-04-23 16:42:19",316
"2020-04-23 17:42:09",315
"2020-04-23 18:42:13",315
"2020-04-23 19:42:09",315
"2020-04-23 20:42:19",315
"2020-04-23 21:42:14",315
"2020-04-23 22:42:10",315
"2020-04-23 23:42:11",315
"2020-04-24 00:42:17",315
"2020-04-24 01:42:31",315
"2020-04-24 02:42:09",315
"2020-04-24 03:42:19",315
"2020-04-24 04:42:10",315
"2020-04-24 05:42:09",315
"2020-04-24 06:42:10",315
"2020-04-24 07:42:07",315
"2020-04-24 08:42:19",315
"2020-04-24 09:42:10",315
"2020-04-24 10:42:09",315
"2020-04-24 11:42:08",315
"2020-04-24 13:08:39",315
"2020-04-24 13:42:22",315
"2020-04-24 14:42:14",316
"2020-04-24 15:42:11",318
"2020-04-24 16:42:10",320
"2020-04-24 17:42:12",322
"2020-04-24 18:42:15",321
"2020-04-24 19:42:11",321
"2020-04-24 20:42:16",322
"2020-04-24 21:42:17",322
"2020-04-24 22:42:24",322
"2020-04-24 23:42:13",322
"2020-04-25 00:42:25",322
"2020-04-25 01:42:21",322
"2020-04-25 02:42:18",322
"2020-04-25 03:42:15",322
"2020-04-25 04:42:19",322
"2020-04-25 05:42:21",322
"2020-04-25 06:42:13",322
"2020-04-25 07:42:11",322
"2020-04-25 08:42:13",322
"2020-04-25 09:42:12",322
"2020-04-25 10:42:10",322
"2020-04-25 11:42:12",322
"2020-04-25 12:42:10",322
"2020-04-25 13:42:17",322
"2020-04-25 14:42:12",322
"2020-04-25 15:42:13",322
"2020-04-25 16:42:14",322
"2020-04-25 17:42:14",322
"2020-04-25 18:42:11",322
"2020-04-25 19:42:15",322
"2020-04-25 20:42:12",322
"2020-04-25 21:42:11",322
"2020-04-25 22:42:15",322
"2020-04-25 23:42:18",322
"2020-04-26 00:42:11",322
"2020-04-26 01:42:17",322
"2020-04-26 02:42:17",322
"2020-04-26 03:42:19",322
"2020-04-26 04:42:09",322
"2020-04-26 05:42:23",322
"2020-04-26 06:42:15",322
"2020-04-26 07:42:13",322
"2020-04-26 08:42:11",322
"2020-04-26 09:42:11",322
"2020-04-26 10:42:10",322
"2020-04-26 11:42:14",322
"2020-04-26 12:42:11",322
"2020-04-26 13:42:08",322
"2020-04-26 14:42:10",322
"2020-04-26 15:42:13",322
"2020-04-26 16:42:12",322
"2020-04-26 17:42:11",322
"2020-04-26 18:42:12",322
"2020-04-26 19:42:12",322
"2020-04-26 20:42:10",322
"2020-04-26 21:42:11",322
"2020-04-26 22:42:16",322
"2020-04-26 23:42:22",322
"2020-04-27 00:42:22",322
"2020-04-27 01:42:21",322
"2020-04-27 02:42:18",322
"2020-04-27 03:42:22",322
"2020-04-27 04:42:22",322
"2020-04-27 05:42:15",322
"2020-04-27 06:42:13",322
"2020-04-27 07:42:10",322
"2020-04-27 08:42:14",322
"2020-04-27 09:42:13",322
"2020-04-27 10:42:12",322
"2020-04-27 11:42:07",322
"2020-04-27 12:42:11",322
"2020-04-27 13:42:22",322
"2020-04-27 14:42:15",332
"2020-04-27 15:42:12",332
"2020-04-27 16:42:08",332
"2020-04-27 17:42:12",333
"2020-04-27 18:42:11",335
"2020-04-27 19:42:10",335
"2020-04-27 20:42:10",338
"2020-04-27 21:42:20",338
"2020-04-27 22:42:15",338
"2020-04-27 23:42:18",338
"2020-04-28 00:42:29",338
"2020-04-28 01:42:14",338
"2020-04-28 02:42:26",338
"2020-04-28 03:42:22",338
"2020-04-28 04:42:23",338
"2020-04-28 05:42:11",338
"2020-04-28 06:42:11",338
"2020-04-28 07:42:21",338
"2020-04-28 08:42:12",338
"2020-04-28 09:42:13",338
"2020-04-28 10:42:08",338
"2020-04-28 11:42:12",338
"2020-04-28 12:42:14",338
"2020-04-28 13:42:11",338
"2020-04-28 14:42:23",352
"2020-04-28 15:42:20",354
"2020-04-28 16:42:10",354
"2020-04-28 17:42:18",352
"2020-04-28 18:42:17",354
"2020-04-28 19:42:11",353
"2020-04-28 20:42:12",355
"2020-04-28 21:42:13",355
"2020-04-28 22:42:10",355
"2020-04-28 23:42:11",355
"2020-04-29 00:42:24",355
"2020-04-29 01:42:29",355
"2020-04-29 02:42:20",355
"2020-04-29 03:42:11",355
"2020-04-29 04:42:19",355
"2020-04-29 05:42:10",355
"2020-04-29 06:42:14",355
"2020-04-29 07:42:14",355
"2020-04-29 08:42:11",355
"2020-04-29 09:42:17",355
"2020-04-29 10:42:15",355
"2020-04-29 11:42:08",355
"2020-04-29 13:06:36",355
"2020-04-29 13:42:13",355
"2020-04-29 14:42:10",360
"2020-04-29 15:42:08",362
"2020-04-29 16:42:14",361
"2020-04-29 17:42:11",362
"2020-04-29 18:42:24",361
"2020-04-29 19:42:22",359
"2020-04-29 20:42:12",358
"2020-04-29 21:42:23",358
"2020-04-29 22:42:23",358
"2020-04-29 23:42:19",358
"2020-04-30 00:42:22",358
"2020-04-30 01:42:22",358
"2020-04-30 02:42:32",358
"2020-04-30 03:42:27",358
"2020-04-30 04:42:20",358
"2020-04-30 05:42:16",358
"2020-04-30 06:42:13",358
"2020-04-30 07:42:12",358
"2020-04-30 08:42:14",358
"2020-04-30 09:42:12",358
"2020-04-30 10:42:09",358
"2020-04-30 11:42:13",358
"2020-04-30 12:42:10",358
"2020-04-30 13:42:12",358
"2020-04-30 14:42:20",363
"2020-04-30 15:42:10",362
"2020-04-30 16:42:10",361
"2020-04-30 17:43:07",362
"2020-04-30 18:42:16",361
"2020-04-30 20:42:13",359
"2020-04-30 21:42:14",359
"2020-04-30 22:42:14",359
"2020-04-30 23:42:13",359
"2020-05-01 00:42:23",359
"2020-05-01 01:42:21",359
"2020-05-01 02:42:12",359
"2020-05-01 03:42:10",359
"2020-05-01 04:42:14",359
"2020-05-01 05:42:16",359
"2020-05-01 06:42:13",359
"2020-05-01 07:42:14",359
"2020-05-01 08:42:12",359
"2020-05-01 09:42:11",359
"2020-05-01 10:42:10",359
"2020-05-01 11:42:11",359
"2020-05-01 13:07:39",359
"2020-05-01 13:42:26",359
"2020-05-01 14:42:11",360
"2020-05-01 15:42:12",360
"2020-05-01 16:42:15",360
"2020-05-01 17:42:16",360
"2020-05-01 18:42:11",360
"2020-05-01 19:42:15",360
"2020-05-01 20:42:10",360
"2020-05-01 21:42:23",360
"2020-05-01 22:42:12",360
"2020-05-01 23:42:12",360
"2020-05-02 00:42:13",360
"2020-05-02 01:42:23",360
"2020-05-02 02:42:20",360
"2020-05-02 03:42:14",360
"2020-05-02 04:42:13",360
"2020-05-02 05:42:19",360
"2020-05-02 06:42:13",360
"2020-05-02 07:42:20",360
"2020-05-02 08:42:14",360
"2020-05-02 09:42:13",360
"2020-05-02 10:42:10",360
"2020-05-02 11:42:13",360
"2020-05-02 12:42:10",360
"2020-05-02 13:42:14",360
"2020-05-02 14:42:16",360
"2020-05-02 15:42:14",360
"2020-05-02 16:42:16",360
"2020-05-02 17:42:14",360
"2020-05-02 18:42:20",360
"2020-05-02 19:42:13",360
"2020-05-02 20:42:12",360
"2020-05-02 21:42:13",360
"2020-05-02 22:42:10",360
"2020-05-02 23:42:21",360
"2020-05-03 00:42:13",360
"2020-05-03 01:42:24",360
"2020-05-03 02:42:20",360
"2020-05-03 03:42:19",360
"2020-05-03 04:42:19",360
"2020-05-03 05:42:14",360
"2020-05-03 06:42:14",360
"2020-05-03 07:42:15",360
"2020-05-03 08:42:15",360
"2020-05-03 09:42:24",360
"2020-05-03 10:42:14",360
"2020-05-03 11:42:13",360
"2020-05-03 12:42:13",360
"2020-05-03 13:42:13",360
"2020-05-03 14:42:17",360
"2020-05-03 15:42:15",360
"2020-05-03 16:42:21",360
"2020-05-03 17:42:23",360
"2020-05-03 18:42:11",360
"2020-05-03 19:42:31",360
"2020-05-03 20:42:23",360
"2020-05-03 21:42:19",360
"2020-05-03 22:42:22",360
"2020-05-03 23:42:23",360
"2020-05-04 00:42:21",360
"2020-05-04 01:42:23",360
"2020-05-04 02:42:21",360
"2020-05-04 03:42:22",360
"2020-05-04 04:42:13",360
"2020-05-04 05:42:15",360
"2020-05-04 06:42:16",360
"2020-05-04 09:28:47",360
"2020-05-04 10:47:41",360
"2020-05-04 10:55:31",360
"2020-05-04 11:03:06",360
"2020-05-04 11:42:19",360
"2020-05-04 13:06:41",360
"2020-05-04 13:42:15",360
"2020-05-04 14:42:17",360
"2020-05-04 15:42:14",364
"2020-05-04 16:42:15",365
"2020-05-04 17:42:13",365
"2020-05-04 18:42:17",365
"2020-05-04 19:42:22",364
"2020-05-04 20:42:21",367
"2020-05-04 21:42:22",367
"2020-05-04 22:42:13",367
"2020-05-04 23:42:14",367
"2020-05-05 00:42:12",367
"2020-05-05 01:42:20",367
"2020-05-05 02:42:11",367
"2020-05-05 03:42:20",367
"2020-05-05 04:42:13",367
"2020-05-05 05:42:14",367
"2020-05-05 06:42:16",367
"2020-05-05 07:42:18",367
"2020-05-05 08:42:27",367
"2020-05-05 09:42:11",367
"2020-05-05 10:42:12",367
"2020-05-05 11:42:23",367
"2020-05-05 12:42:15",367
"2020-05-05 13:42:15",367
"2020-05-05 14:42:14",373
"2020-05-05 15:42:12",372
"2020-05-05 16:42:16",373
"2020-05-05 17:42:13",372
"2020-05-05 18:42:13",369
"2020-05-05 19:42:23",369
"2020-05-05 20:42:16",368
"2020-05-05 21:42:10",368
"2020-05-05 22:42:10",368
"2020-05-05 23:42:23",368
"2020-05-06 00:42:15",368
"2020-05-06 01:42:16",368
"2020-05-06 02:42:13",368
"2020-05-06 03:42:09",368
"2020-05-06 04:42:15",368
"2020-05-06 05:42:15",368
"2020-05-06 06:42:10",368
"2020-05-06 17:42:21",371
"2020-05-06 18:42:27",373
"2020-05-06 19:42:13",375
"2020-05-06 20:42:19",374
"2020-05-06 21:42:24",374
"2020-05-06 22:42:23",374
"2020-05-06 23:42:24",374
"2020-05-07 00:42:20",374
"2020-05-07 01:42:16",374
"2020-05-07 02:42:09",374
"2020-05-07 03:42:14",374
"2020-05-07 04:42:16",374
"2020-05-07 05:42:12",374
"2020-05-07 06:42:14",374
"2020-05-07 08:42:16",374
"2020-05-07 09:42:14",374
"2020-05-07 10:42:20",374
"2020-05-07 11:42:16",374
"2020-05-07 12:42:16",374
"2020-05-07 13:42:18",374
"2020-05-07 14:42:21",376
"2020-05-07 15:42:13",376
"2020-05-07 16:42:16",375
"2020-05-07 17:42:12",376
"2020-05-07 18:42:11",376
"2020-05-07 19:42:26",376
"2020-05-07 20:42:10",375
"2020-05-07 21:42:11",375
"2020-05-07 22:42:11",375
"2020-05-07 23:42:15",375
"2020-05-08 00:42:14",375
"2020-05-08 01:42:09",375
"2020-05-08 02:42:11",375
"2020-05-08 03:42:15",375
"2020-05-08 04:42:11",375
"2020-05-08 05:42:12",375
"2020-05-08 06:42:11",375
"2020-05-08 07:42:15",375
"2020-05-08 08:42:17",375
"2020-05-08 09:42:16",375
"2020-05-08 10:42:14",375
"2020-05-08 11:42:15",375
"2020-05-08 13:06:40",375
"2020-05-08 13:42:17",375
"2020-05-08 14:42:14",372
"2020-05-08 15:42:14",372
"2020-05-08 16:42:22",371
"2020-05-08 17:42:16",373
"2020-05-08 18:42:17",374
"2020-05-08 19:42:11",375
"2020-05-08 20:42:15",375
"2020-05-08 21:42:14",375
"2020-05-08 22:42:16",375
"2020-05-08 23:42:15",375
"2020-05-09 00:42:12",375
"2020-05-09 01:42:23",375
"2020-05-09 02:42:14",375
"2020-05-09 03:42:24",375
"2020-05-09 04:42:13",375
"2020-05-09 05:42:16",375
"2020-05-09 06:42:17",375
"2020-05-09 07:42:10",375
"2020-05-09 08:42:16",375
"2020-05-09 09:42:13",375
"2020-05-09 10:42:14",375
"2020-05-09 11:42:10",375
"2020-05-09 12:42:12",375
"2020-05-09 13:42:13",375
"2020-05-09 14:42:12",375
"2020-05-09 15:42:14",375
"2020-05-09 16:42:10",375
"2020-05-09 17:42:14",375
"2020-05-09 18:42:14",375
"2020-05-09 19:42:12",375
"2020-05-09 20:42:11",375
"2020-05-09 21:42:15",375
"2020-05-09 22:42:14",375
"2020-05-09 23:42:13",375
"2020-05-10 00:42:21",375
"2020-05-10 01:42:14",375
"2020-05-10 02:42:24",375
"2020-05-10 03:42:16",375
"2020-05-10 04:42:17",375
"2020-05-10 05:42:18",375
"2020-05-10 06:42:14",375
"2020-05-10 07:42:17",375
"2020-05-10 08:42:15",375
"2020-05-10 09:42:17",375
"2020-05-10 10:42:15",375
"2020-05-10 11:42:16",375
"2020-05-10 12:42:13",375
"2020-05-10 13:42:15",375
"2020-05-10 14:42:11",375
"2020-05-10 15:42:15",375
"2020-05-10 16:42:16",375
"2020-05-10 17:42:13",375
"2020-05-10 18:42:15",375
"2020-05-10 19:42:13",375
"2020-05-10 20:42:17",375
"2020-05-10 21:42:14",375
"2020-05-10 22:42:13",375
"2020-05-10 23:42:15",375
"2020-05-11 00:42:16",375
"2020-05-11 01:42:11",375
"2020-05-11 02:42:14",375
"2020-05-11 03:42:25",375
"2020-05-11 04:42:14",375
"2020-05-11 05:42:16",375
"2020-05-11 06:42:14",375
"2020-05-11 07:42:15",375
"2020-05-11 08:42:19",375
"2020-05-11 09:44:04",375
"2020-05-11 10:42:14",375
"2020-05-11 11:42:11",375
"2020-05-11 13:05:40",375
"2020-05-11 13:42:21",375
"2020-05-11 14:42:18",382
"2020-05-11 15:42:23",383
"2020-05-11 16:42:16",382
"2020-05-11 17:42:17",382
"2020-05-11 18:42:16",383
"2020-05-11 19:42:14",382
"2020-05-11 20:42:14",382
"2020-05-11 21:42:16",382
"2020-05-11 22:42:12",382
"2020-05-11 23:42:19",382
"2020-05-12 00:42:17",382
"2020-05-12 01:42:16",382
"2020-05-12 02:42:15",382
"2020-05-12 03:42:12",382
"2020-05-12 04:42:15",382
"2020-05-12 05:42:15",382
"2020-05-12 06:42:20",382
"2020-05-12 07:42:14",382
"2020-05-12 08:42:16",382
"2020-05-12 09:42:16",382
"2020-05-12 10:42:17",382
"2020-05-12 11:42:14",382
"2020-05-12 13:11:40",382
"2020-05-12 17:42:11",387
"2020-05-12 18:42:12",387
"2020-05-12 19:42:20",387
"2020-05-12 20:42:22",386
"2020-05-12 21:42:23",386
"2020-05-12 22:42:11",386
"2020-05-12 23:42:11",386
"2020-05-13 00:42:21",386
"2020-05-13 01:42:15",386
"2020-05-13 02:42:21",386
"2020-05-13 03:42:23",386
"2020-05-13 06:42:14",386
"2020-05-13 07:42:22",386
"2020-05-13 08:42:19",386
"2020-05-13 09:42:11",386
"2020-05-13 10:42:13",386
"2020-05-13 11:42:11",386
"2020-05-13 12:42:11",386
"2020-05-13 13:42:11",386
"2020-05-13 14:42:12",384
"2020-05-13 15:42:14",385
"2020-05-13 16:42:23",383
"2020-05-13 17:42:13",382
"2020-05-13 18:42:19",381
"2020-05-13 19:42:14",381
"2020-05-13 20:42:13",381
"2020-05-13 21:42:11",381
"2020-05-13 22:42:14",381
"2020-05-13 23:42:15",381
"2020-05-14 00:42:12",381
"2020-05-14 01:42:17",381
"2020-05-14 02:42:13",381
"2020-05-14 03:42:15",381
"2020-05-14 04:42:13",381
"2020-05-14 05:42:16",381
"2020-05-14 06:42:17",381
"2020-05-14 07:42:14",381
"2020-05-14 08:42:18",381
"2020-05-14 09:42:12",381
"2020-05-14 10:42:14",381
"2020-05-14 11:42:16",381
"2020-05-14 12:42:16",381
"2020-05-14 13:42:18",381
"2020-05-14 14:42:17",388
"2020-05-14 15:42:14",386
"2020-05-14 16:42:13",386
"2020-05-14 17:42:13",387
"2020-05-14 18:42:20",388
"2020-05-14 19:42:21",388
"2020-05-14 20:42:13",389
"2020-05-14 21:42:15",389
"2020-05-14 22:42:23",389
"2020-05-14 23:42:17",389
"2020-05-15 00:42:23",389
"2020-05-15 01:42:39",389
"2020-05-15 02:42:24",389
"2020-05-15 03:42:23",389
"2020-05-15 04:42:23",389
"2020-05-15 05:42:16",389
"2020-05-15 06:42:22",389
"2020-05-15 07:42:14",389
"2020-05-15 08:42:17",389
"2020-05-15 09:42:25",389
"2020-05-15 10:42:12",389
"2020-05-15 11:42:14",389
"2020-05-15 12:42:15",389
"2020-05-15 13:42:17",389
"2020-05-15 14:42:13",390
"2020-05-15 15:42:15",390
"2020-05-15 16:42:12",390
"2020-05-15 17:42:23",390
"2020-05-15 18:42:13",390
"2020-05-15 19:42:18",390
"2020-05-15 20:42:16",389
"2020-05-15 21:42:15",389
"2020-05-15 22:42:13",389
"2020-05-15 23:42:12",389
"2020-05-16 00:42:21",389
"2020-05-16 01:42:31",389
"2020-05-16 02:42:26",389
"2020-05-16 03:42:18",389
"2020-05-16 04:42:15",389
"2020-05-16 05:42:15",389
"2020-05-16 06:42:24",389
"2020-05-16 07:42:24",389
"2020-05-16 08:42:14",389
"2020-05-16 09:42:18",389
"2020-05-16 10:42:14",389
"2020-05-16 11:42:12",389
"2020-05-16 12:42:16",389
"2020-05-16 13:42:15",389
"2020-05-16 14:42:13",389
"2020-05-16 15:42:19",389
"2020-05-16 16:42:16",389
"2020-05-16 17:42:13",389
"2020-05-16 18:42:15",389
"2020-05-16 19:42:13",389
"2020-05-16 20:42:16",389
"2020-05-16 21:42:15",389
"2020-05-16 22:42:17",389
"2020-05-16 23:42:16",389
"2020-05-17 00:42:15",389
"2020-05-17 01:42:17",389
"2020-05-18 08:16:12",389
"2020-05-18 08:18:31",389
"2020-05-18 08:18:38",389
"2020-05-18 08:18:57",389
"2020-05-18 08:19:06",389
"2020-05-18 08:19:18",389
"2020-05-18 08:19:47",389
"2020-05-18 08:20:25",389
"2020-05-18 08:25:13",389
"2020-05-18 08:30:33",389
"2020-05-18 08:31:21",389
"2020-05-18 08:31:26",389
"2020-05-18 08:31:27",389
"2020-05-18 08:34:32",389
"2020-05-18 08:34:58",389
"2020-05-18 08:35:34",389
"2020-05-18 08:37:15",389
"2020-05-18 08:47:41",389
"2020-05-18 08:51:06",389
"2020-05-18 08:52:32",389
"2020-05-18 08:55:27",389
"2020-05-18 09:02:33",389
"2020-05-18 09:04:18",389
"2020-05-18 09:06:07",389
"2020-05-18 09:06:14",389
"2020-05-18 09:06:16",389
"2020-05-18 09:08:04",389
"2020-05-18 09:33:26",389
"2020-05-18 09:34:07",389
"2020-05-18 09:34:44",389
"2020-05-18 11:43:22",389
"2020-05-18 11:50:58",389
"2020-05-18 11:58:34",389
"2020-05-18 12:06:12",389
"2020-05-18 13:06:10",389
"2020-05-18 13:42:20",389
"2020-05-18 14:42:14",388
"2020-05-18 15:42:28",388
"2020-05-18 16:42:31",387
"2020-05-18 17:42:15",386
"2020-05-18 18:42:23",385
"2020-05-18 19:42:19",385
"2020-05-18 20:42:17",387
"2020-05-18 21:42:26",387
"2020-05-18 22:42:25",387
"2020-05-18 23:42:27",387
"2020-05-19 00:43:14",387
"2020-05-19 01:42:13",387
"2020-05-19 02:42:18",387
"2020-05-19 03:42:17",387
"2020-05-19 04:42:20",387
"2020-05-19 05:42:18",387
"2020-05-19 06:42:18",387
"2020-05-19 07:42:18",387
"2020-05-19 08:42:21",387
"2020-05-19 09:42:31",387
"2020-05-19 10:42:17",387
"2020-05-19 11:42:24",387
"2020-05-19 13:06:43",387
"2020-05-19 13:42:19",387
"2020-05-19 14:42:16",391
"2020-05-19 15:42:16",390
"2020-05-19 16:42:21",392
"2020-05-19 17:42:15",390
"2020-05-19 18:42:18",391
"2020-05-19 19:42:18",392
"2020-05-19 20:42:20",392
"2020-05-19 21:42:20",392
"2020-05-19 22:42:27",392
"2020-05-19 23:42:17",392
"2020-05-20 00:42:29",392
"2020-05-20 01:42:33",392
"2020-05-20 02:42:24",392
"2020-05-20 03:42:26",392
"2020-05-20 04:42:20",392
"2020-05-20 05:42:18",392
"2020-05-20 06:42:16",392
"2020-05-20 07:42:21",392
"2020-05-20 08:42:17",392
"2020-05-20 09:42:21",392
"2020-05-20 10:42:15",392
"2020-05-20 11:42:17",392
"2020-05-20 12:42:15",392
"2020-05-20 13:42:19",392
"2020-05-20 14:42:18",390
"2020-05-20 15:42:16",389
"2020-05-20 16:42:17",387
"2020-05-20 17:42:26",385
"2020-05-20 18:42:18",385
"2020-05-20 19:42:17",384
"2020-05-20 20:42:15",384
"2020-05-20 21:42:18",384
"2020-05-20 22:42:14",384
"2020-05-20 23:42:17",384
"2020-05-21 00:42:26",384
"2020-05-21 01:42:16",384
"2020-05-21 02:42:18",384
"2020-05-21 03:42:19",384
"2020-05-21 04:42:15",384
"2020-05-21 05:42:16",384
"2020-05-21 06:42:20",384
"2020-05-21 07:42:15",384
"2020-05-21 08:42:18",384
"2020-05-21 09:42:16",384
"2020-05-21 10:42:17",384
"2020-05-21 11:42:20",384
"2020-05-21 12:42:16",384
"2020-05-21 13:42:19",384
"2020-05-21 14:42:15",385
"2020-05-21 15:42:16",386
"2020-05-21 16:42:23",387
"2020-05-21 17:42:19",387
"2020-05-21 18:42:17",387
"2020-05-21 19:42:16",387
"2020-05-21 20:42:18",386
"2020-05-21 21:42:19",386
"2020-05-21 22:42:19",386
"2020-05-21 23:42:26",386
"2020-05-22 00:42:56",386
"2020-05-22 01:42:19",386
"2020-05-22 02:42:22",386
"2020-05-22 03:42:27",386
"2020-05-22 04:42:20",386
"2020-05-22 05:42:21",386
"2020-05-22 06:42:15",386
"2020-05-22 07:42:18",386
"2020-05-22 08:42:21",386
"2020-05-22 09:42:19",386
"2020-05-22 10:42:16",386
"2020-05-22 11:42:16",386
"2020-05-22 12:42:17",386
"2020-05-22 13:42:21",386
"2020-05-22 14:42:16",389
"2020-05-22 15:42:17",390
"2020-05-22 16:42:17",391
"2020-05-22 17:42:17",391
"2020-05-22 18:42:26",391
"2020-05-22 19:42:17",388
"2020-05-22 20:42:15",389
"2020-05-22 21:42:16",389
"2020-05-22 22:42:17",389
"2020-05-22 23:42:17",389
"2020-05-23 00:42:17",389
"2020-05-23 01:42:17",389
"2020-05-23 02:42:23",389
"2020-05-23 03:42:19",389
"2020-05-23 04:42:26",389
"2020-05-23 05:42:16",389
"2020-05-23 06:42:22",389
"2020-05-23 07:42:21",389
"2020-05-23 08:42:21",389
"2020-05-23 09:42:18",389
"2020-05-23 10:42:17",389
"2020-05-23 11:42:23",389
"2020-05-23 12:42:20",389
"2020-05-23 13:42:20",389
"2020-05-23 14:42:18",389
"2020-05-23 15:42:17",389
"2020-05-23 16:42:21",389
"2020-05-23 17:42:19",389
"2020-05-23 18:42:23",389
"2020-05-23 19:42:17",389
"2020-05-23 20:42:16",389
"2020-05-23 21:42:15",389
"2020-05-23 22:42:18",389
"2020-05-23 23:42:19",389
"2020-05-24 00:42:28",389
"2020-05-24 01:42:17",389
"2020-05-24 02:42:16",389
"2020-05-24 03:42:19",389
"2020-05-24 04:42:18",389
"2020-05-24 05:42:17",389
"2020-05-24 06:42:17",389
"2020-05-24 07:42:17",389
"2020-05-24 08:42:22",389
"2020-05-24 09:42:15",389
"2020-05-24 10:42:21",389
"2020-05-24 11:42:19",389
"2020-05-24 12:42:18",389
"2020-05-24 13:42:19",389
"2020-05-24 14:42:20",389
"2020-05-24 15:42:15",389
"2020-05-24 16:42:20",389
"2020-05-24 17:42:20",389
"2020-05-24 18:42:20",389
"2020-05-24 19:42:19",389
"2020-05-24 20:42:20",389
"2020-05-24 21:42:21",389
"2020-05-24 22:42:20",389
"2020-05-24 23:42:15",389
"2020-05-25 00:42:16",389
"2020-05-25 01:42:23",389
"2020-05-25 02:42:18",389
"2020-05-25 03:42:31",389
"2020-05-25 04:42:17",389
"2020-05-25 05:43:43",389
"2020-05-25 06:42:43",389
"2020-05-25 07:42:20",389
"2020-05-25 08:42:25",389
"2020-05-25 09:42:18",389
"2020-05-25 10:42:16",389
"2020-05-25 11:42:27",389
"2020-05-25 12:42:18",389
"2020-05-25 13:42:15",389
"2020-05-25 14:42:20",389
"2020-05-25 15:42:17",389
"2020-05-25 16:42:14",389
"2020-05-25 17:42:18",389
"2020-05-25 18:42:18",389
"2020-05-25 19:42:19",389
"2020-05-25 20:42:21",389
"2020-05-25 21:42:15",389
"2020-05-25 22:42:15",389
"2020-05-25 23:42:15",389
"2020-05-26 00:42:19",389
"2020-05-26 01:42:17",389
"2020-05-26 02:42:15",389
"2020-05-26 03:42:20",389
"2020-05-26 04:42:21",389
"2020-05-26 05:42:17",389
"2020-05-26 06:42:20",389
"2020-05-26 07:42:21",389
"2020-05-26 08:42:22",389
"2020-05-26 09:42:18",389
"2020-05-26 10:42:18",389
"2020-05-26 11:42:22",389
"2020-05-26 12:42:18",389
"2020-05-26 13:42:20",389
"2020-05-26 14:42:19",384
"2020-05-26 15:42:17",384
"2020-05-26 16:42:17",383
"2020-05-26 17:42:18",383
"2020-05-26 18:42:15",383
"2020-05-26 19:42:19",383
"2020-05-26 20:42:17",383
"2020-05-26 21:42:24",383
"2020-05-26 22:42:16",383
"2020-05-26 23:42:17",383
"2020-05-27 00:42:30",383
"2020-05-27 01:42:16",383
"2020-05-27 02:42:17",383
"2020-05-27 03:42:17",383
"2020-05-27 04:42:18",383
"2020-05-27 05:42:17",383
"2020-05-27 06:42:20",383
"2020-05-27 07:42:19",383
"2020-05-27 08:42:16",383
"2020-05-27 09:42:15",383
"2020-05-27 10:42:15",383
"2020-05-27 11:42:15",383
"2020-05-27 13:07:12",383
"2020-05-27 13:42:24",383
"2020-05-27 14:42:19",386
"2020-05-27 15:42:15",386
"2020-05-27 16:42:17",384
"2020-05-27 17:42:15",384
"2020-05-27 18:42:15",385
"2020-05-27 19:42:20",387
"2020-05-27 20:42:18",387
"2020-05-27 21:42:19",387
"2020-05-27 22:42:17",387
"2020-05-27 23:42:15",387
"2020-05-28 00:42:18",387
"2020-05-28 01:42:20",387
"2020-05-28 02:42:16",387
"2020-05-28 03:42:16",387
"2020-05-28 04:42:17",387
"2020-05-28 05:42:15",387
"2020-05-28 06:42:17",387
"2020-05-28 07:42:22",387
"2020-05-28 08:42:19",387
"2020-05-28 09:42:15",387
"2020-05-28 10:42:20",387
"2020-05-28 11:42:22",387
"2020-05-28 13:07:44",387
"2020-05-28 13:42:19",387
"2020-05-28 14:42:20",388
"2020-05-28 15:42:18",392
"2020-05-28 16:42:20",394
"2020-05-28 17:42:18",398
"2020-05-28 18:42:18",399
"2020-05-28 19:42:17",401
"2020-05-28 20:42:23",403
"2020-05-28 21:42:27",403
"2020-05-28 22:42:20",403
"2020-05-28 23:42:22",403
"2020-05-29 00:42:21",403
"2020-05-29 01:42:20",403
"2020-05-29 02:42:27",403
"2020-05-29 03:42:18",403
"2020-05-29 04:42:18",403
"2020-05-29 05:42:26",403
"2020-05-29 06:42:25",403
"2020-05-29 07:42:24",403
"2020-05-29 08:42:23",403
"2020-05-29 09:50:09",403
"2020-05-29 10:42:22",403
"2020-05-29 11:42:19",403
"2020-05-29 12:42:20",403
"2020-05-29 13:42:23",403
"2020-05-29 14:42:26",409
"2020-05-29 15:42:19",408
"2020-05-29 16:42:15",408
"2020-05-29 17:42:21",408
"2020-05-29 18:42:20",406
"2020-05-29 19:42:20",405
"2020-05-29 20:42:23",406
"2020-05-29 21:42:18",406
"2020-05-29 22:42:18",406
"2020-05-29 23:42:28",406
"2020-05-30 00:42:16",406
"2020-05-30 01:42:15",406
"2020-05-30 02:42:17",406
"2020-05-30 03:42:18",406
"2020-05-30 04:42:17",406
"2020-05-30 05:42:20",406
"2020-05-30 06:42:22",406
"2020-05-30 07:42:28",406
"2020-05-30 08:42:21",406
"2020-05-30 09:42:16",406
"2020-05-30 10:42:21",406
"2020-05-30 11:42:19",406
"2020-05-30 12:42:18",406
"2020-05-30 13:42:18",406
"2020-05-30 14:42:17",406
"2020-05-30 15:42:18",406
"2020-05-30 16:42:27",406
"2020-05-30 17:42:19",406
"2020-05-30 18:42:18",406
"2020-05-30 19:42:21",406
"2020-05-30 20:42:18",406
"2020-05-30 21:42:21",406
"2020-05-30 22:42:19",406
"2020-05-30 23:42:21",406
"2020-05-31 00:42:21",406
"2020-05-31 01:42:21",406
"2020-05-31 02:42:19",406
"2020-05-31 03:42:20",406
"2020-05-31 04:42:19",406
"2020-05-31 05:42:21",406
"2020-05-31 06:42:21",406
"2020-05-31 07:42:21",406
"2020-05-31 09:28:09",406
"2020-05-31 09:42:19",406
"2020-05-31 10:42:19",406
"2020-05-31 13:08:32",406
"2020-05-31 13:17:36",406
"2020-06-01 04:47:57",406
"2020-06-01 04:58:42",406
"2020-06-01 04:59:37",406
"2020-06-01 05:00:16",406
"2020-06-01 05:00:24",406
"2020-06-01 05:00:48",406
"2020-06-01 05:00:58",406
"2020-06-01 05:03:49",406
"2020-06-01 05:04:44",406
"2020-06-01 05:08:40",406
"2020-06-01 05:08:50",406
"2020-06-01 05:09:32",406
"2020-06-01 05:10:29",406
"2020-06-01 05:15:35",406
"2020-06-01 05:16:44",406
"2020-06-01 06:36:50",406
"2020-06-01 06:44:26",406
"2020-06-01 06:52:02",406
"2020-06-01 07:42:19",406
"2020-06-01 08:42:22",406
"2020-06-01 09:42:20",406
"2020-06-01 10:42:16",406
"2020-06-01 11:42:19",406
"2020-06-01 13:05:46",406
"2020-06-01 13:42:33",406
"2020-06-01 14:42:23",407
"2020-06-01 15:42:20",409
"2020-06-01 16:42:30",409
"2020-06-01 17:42:29",410
"2020-06-01 18:42:29",411
"2020-06-01 19:42:22",409
"2020-06-01 20:42:21",410
"2020-06-01 21:42:21",410
"2020-06-01 22:42:17",410
"2020-06-01 23:42:22",410
"2020-06-02 00:42:23",410
"2020-06-02 01:42:18",410
"2020-06-02 02:42:18",410
"2020-06-02 03:42:20",410
"2020-06-02 04:42:19",410
"2020-06-02 05:42:19",410
"2020-06-02 06:42:19",410
"2020-06-02 07:42:22",410
"2020-06-02 08:42:22",410
"2020-06-02 09:42:19",410
"2020-06-02 10:42:22",410
"2020-06-02 11:42:19",410
"2020-06-02 12:42:29",410
"2020-06-02 13:42:24",410
"2020-06-02 14:42:31",410
"2020-06-02 15:42:31",412
"2020-06-02 16:42:19",412
"2020-06-02 17:42:30",412
"2020-06-02 18:42:20",413
"2020-06-02 19:42:29",413
"2020-06-02 20:42:30",413
"2020-06-02 21:42:17",413
"2020-06-02 22:42:21",413
"2020-06-02 23:42:17",413
"2020-06-03 00:42:24",413
"2020-06-03 01:42:31",413
"2020-06-03 02:42:16",413
"2020-06-03 03:42:27",413
"2020-06-03 04:42:26",413
"2020-06-03 05:42:17",413
"2020-06-03 06:42:20",413
"2020-06-03 07:42:28",413
"2020-06-03 08:42:18",413
"2020-06-03 09:42:19",413
"2020-06-03 10:42:21",413
"2020-06-03 11:42:19",413
"2020-06-03 13:09:15",413
"2020-06-03 13:42:21",413
"2020-06-03 14:42:19",415
"2020-06-03 15:42:30",416
"2020-06-03 16:42:29",415
"2020-06-03 17:42:32",416
"2020-06-03 18:42:34",416
"2020-06-03 19:42:31",418
"2020-06-03 20:42:19",418
"2020-06-03 21:42:20",417
"2020-06-03 22:42:19",417
"2020-06-03 23:42:17",417
"2020-06-04 00:42:29",417
"2020-06-04 01:42:25",417
"2020-06-04 02:42:20",417
"2020-06-04 03:42:21",417
"2020-06-04 04:42:24",417
"2020-06-04 05:42:19",417
"2020-06-04 06:42:20",417
"2020-06-04 07:42:26",417
"2020-06-04 08:42:26",417
"2020-06-04 09:42:23",417
"2020-06-04 10:42:20",417
"2020-06-04 11:42:20",417
"2020-06-04 12:42:22",417
"2020-06-04 13:42:25",417
"2020-06-04 14:42:40",423
"2020-06-04 15:42:29",421
"2020-06-04 17:07:47",419
"2020-06-04 17:42:21",419
"2020-06-04 18:42:28",419
"2020-06-04 19:42:17",419
"2020-06-04 20:42:30",418
"2020-06-04 21:42:30",418
"2020-06-04 22:42:20",418
"2020-06-04 23:42:23",418
"2020-06-05 00:42:22",418
"2020-06-05 01:42:18",418
"2020-06-05 02:42:20",418
"2020-06-05 03:42:20",418
"2020-06-05 04:42:20",418
"2020-06-05 05:42:23",418
"2020-06-05 06:42:22",418
"2020-06-05 07:42:22",418
"2020-06-05 08:42:22",418
"2020-06-05 09:42:19",418
"2020-06-05 10:42:17",418
"2020-06-05 11:42:20",418
"2020-06-05 13:10:15",418
"2020-06-05 13:42:31",418
"2020-06-05 14:42:26",418
"2020-06-05 15:42:21",417
"2020-06-05 16:42:36",420
"2020-06-05 17:42:21",421
"2020-06-05 18:42:21",424
"2020-06-05 19:42:21",425
"2020-06-05 20:42:32",426
"2020-06-05 21:42:23",426
"2020-06-05 22:42:21",426
"2020-06-05 23:42:21",426
"2020-06-06 00:42:25",426
"2020-06-06 01:42:18",426
"2020-06-06 02:42:21",426
"2020-06-06 03:42:22",426
"2020-06-06 04:42:24",426
"2020-06-06 05:42:25",426
"2020-06-06 06:42:22",426
"2020-06-06 07:42:35",426
"2020-06-06 08:42:23",426
"2020-06-06 09:53:32",426
"2020-06-06 10:42:18",426
"2020-06-06 11:42:21",426
"2020-06-06 12:42:22",426
"2020-06-06 13:42:20",426
"2020-06-06 14:42:31",426
"2020-06-06 15:42:20",426
"2020-06-06 16:42:29",426
"2020-06-06 18:42:22",426
"2020-06-06 19:42:20",426
"2020-06-06 20:42:21",426
"2020-06-06 21:42:20",426
"2020-06-06 22:42:20",426
"2020-06-06 23:42:24",426
"2020-06-07 00:42:24",426
"2020-06-07 01:42:19",426
"2020-06-07 02:42:21",426
"2020-06-07 03:42:22",426
"2020-06-07 04:42:21",426
"2020-06-07 05:42:20",426
"2020-06-07 06:42:22",426
"2020-06-07 07:42:22",426
"2020-06-07 08:42:22",426
"2020-06-08 04:42:18",426
"2020-06-08 05:42:17",426
"2020-06-08 06:42:31",426
"2020-06-08 07:42:17",426
"2020-06-08 08:42:22",426
"2020-06-08 09:42:19",426
"2020-06-08 10:42:18",426
"2020-06-08 11:42:20",426
"2020-06-08 12:42:33",426
"2020-06-08 13:42:23",426
"2020-06-08 14:42:44",431
"2020-06-08 15:42:23",429
"2020-06-08 16:42:30",428
"2020-06-08 17:42:27",426
"2020-06-08 18:42:38",425
"2020-06-08 19:42:35",425
"2020-06-08 20:42:29",425
"2020-06-08 21:42:28",425
"2020-06-08 22:42:25",425
"2020-06-08 23:42:26",425
"2020-06-09 00:42:25",425
"2020-06-09 01:42:31",425
"2020-06-09 02:42:29",425
"2020-06-09 03:42:24",425
"2020-06-09 04:42:37",425
"2020-06-09 05:42:43",425
"2020-06-09 06:42:37",425
"2020-06-09 07:42:27",425
"2020-06-09 08:42:28",425
