timestamp,users_holding
"2018-05-02 04:54:41",58
"2018-05-02 06:39:53",58
"2018-05-03 00:36:32",60
"2018-05-03 06:34:56",60
"2018-05-03 06:49:55",60
"2018-05-03 07:08:08",60
"2018-05-03 07:35:21",60
"2018-05-03 07:44:35",60
"2018-05-03 11:20:36",60
"2018-05-03 12:44:00",60
"2018-05-03 13:44:01",60
"2018-05-03 14:44:01",60
"2018-05-03 15:44:02",60
"2018-05-03 16:44:01",60
"2018-05-03 17:44:01",60
"2018-05-03 18:44:01",60
"2018-05-03 19:44:01",60
"2018-05-03 20:44:01",60
"2018-05-03 21:44:00",60
"2018-05-03 22:44:02",60
"2018-05-03 23:44:00",60
"2018-05-04 00:44:00",60
"2018-05-04 01:44:01",60
"2018-05-04 02:44:02",60
"2018-05-04 03:44:01",60
"2018-05-04 04:44:01",60
"2018-05-04 05:44:01",60
"2018-05-04 06:44:01",60
"2018-05-04 07:44:01",60
"2018-05-04 08:44:02",60
"2018-05-04 09:44:01",60
"2018-05-04 10:44:01",60
"2018-05-04 11:44:01",60
"2018-05-04 12:44:00",60
"2018-05-04 20:48:45",60
"2018-05-04 20:54:45",60
"2018-05-04 21:00:44",60
"2018-05-04 21:06:44",60
"2018-05-04 21:12:43",60
"2018-05-04 21:18:44",60
"2018-05-04 21:24:43",60
"2018-05-04 21:30:43",60
"2018-05-04 21:44:00",60
"2018-05-04 22:44:01",60
"2018-05-04 23:44:01",60
"2018-05-05 00:44:00",60
"2018-05-05 01:44:01",60
"2018-05-05 02:44:01",60
"2018-05-05 03:44:01",60
"2018-05-05 04:44:01",60
"2018-05-05 05:44:00",60
"2018-05-05 06:44:01",60
"2018-05-05 07:44:01",60
"2018-05-05 08:44:01",60
"2018-05-05 09:44:00",60
"2018-05-05 10:44:02",60
"2018-05-05 11:44:00",60
"2018-05-05 12:44:01",60
"2018-05-05 13:44:02",60
"2018-05-05 14:44:01",60
"2018-05-05 15:44:02",60
"2018-05-05 16:44:01",60
"2018-05-05 17:44:02",60
"2018-05-05 18:44:01",60
"2018-05-05 19:44:01",60
"2018-05-05 20:44:01",60
"2018-05-05 21:44:00",60
"2018-05-05 22:44:01",60
"2018-05-05 23:44:00",60
"2018-05-06 00:44:00",60
"2018-05-06 01:44:00",60
"2018-05-06 02:44:01",60
"2018-05-06 03:44:00",60
"2018-05-06 04:44:00",60
"2018-05-06 05:44:01",60
"2018-05-06 06:44:00",60
"2018-05-06 07:44:05",60
"2018-05-06 08:43:59",60
"2018-05-06 09:44:00",60
"2018-05-06 10:44:00",60
"2018-05-06 11:44:01",60
"2018-05-06 12:44:00",60
"2018-05-06 13:44:01",60
"2018-05-06 14:44:00",60
"2018-05-06 15:44:01",60
"2018-05-06 16:44:01",60
"2018-05-06 17:44:00",60
"2018-05-06 18:44:02",60
"2018-05-06 19:44:01",60
"2018-05-06 20:44:02",60
"2018-05-06 21:44:01",60
"2018-05-06 22:44:00",60
"2018-05-06 23:44:01",60
"2018-05-07 00:44:00",60
"2018-05-07 01:44:00",60
"2018-05-07 01:57:36",60
"2018-05-07 02:44:01",60
"2018-05-07 03:44:01",60
"2018-05-07 04:44:00",60
"2018-05-07 05:44:01",60
"2018-05-07 06:44:00",60
"2018-05-07 07:44:00",60
"2018-05-07 08:44:03",60
"2018-05-07 09:44:00",60
"2018-05-07 10:44:00",60
"2018-05-07 11:44:00",60
"2018-05-07 12:44:00",60
"2018-05-07 13:44:10",60
"2018-05-07 14:44:01",59
"2018-05-07 15:44:02",59
"2018-05-07 16:44:06",59
"2018-05-07 22:44:01",59
"2018-05-07 23:44:01",59
"2018-05-08 00:44:03",59
"2018-05-08 01:44:06",59
"2018-05-08 02:44:01",59
"2018-05-08 03:44:01",59
"2018-05-08 04:44:02",59
"2018-05-08 05:44:01",59
"2018-05-08 06:44:02",59
"2018-05-08 07:44:02",59
"2018-05-08 08:44:01",59
"2018-05-08 09:44:00",59
"2018-05-08 10:44:00",59
"2018-05-08 11:44:00",59
"2018-05-08 12:44:00",59
"2018-05-08 13:44:02",59
"2018-05-08 14:44:02",60
"2018-05-08 15:44:01",60
"2018-05-08 16:44:01",60
"2018-05-08 17:44:01",60
"2018-05-08 18:44:02",60
"2018-05-08 19:44:01",60
"2018-05-08 20:44:00",60
"2018-05-08 21:44:00",60
"2018-05-08 22:44:01",60
"2018-05-08 23:44:06",60
"2018-05-09 00:44:02",60
"2018-05-09 01:44:01",60
"2018-05-09 02:44:01",60
"2018-05-09 03:44:00",60
"2018-05-09 04:44:02",60
"2018-05-09 05:44:02",60
"2018-05-09 06:44:01",60
"2018-05-09 07:44:02",60
"2018-05-09 08:44:01",60
"2018-05-09 09:44:00",60
"2018-05-09 10:44:01",60
"2018-05-09 11:44:01",60
"2018-05-09 12:44:00",60
"2018-05-09 13:44:03",60
"2018-05-09 14:44:01",60
"2018-05-09 15:44:01",60
"2018-05-09 16:44:01",60
"2018-05-09 17:44:03",59
"2018-05-09 18:44:01",59
"2018-05-09 19:44:01",59
"2018-05-09 20:44:00",59
"2018-05-09 21:44:02",59
"2018-05-09 22:44:00",59
"2018-05-09 23:44:00",59
"2018-05-10 00:44:02",59
"2018-05-10 01:44:02",59
"2018-05-10 02:44:02",59
"2018-05-10 03:44:03",59
"2018-05-10 04:44:03",59
"2018-05-10 05:44:02",59
"2018-05-10 06:44:02",59
"2018-05-10 07:44:03",59
"2018-05-10 08:44:02",59
"2018-05-10 09:44:01",59
"2018-05-10 10:44:02",59
"2018-05-10 11:44:02",59
"2018-05-10 12:44:02",59
"2018-05-10 13:44:12",59
"2018-05-10 14:44:03",58
"2018-05-10 15:44:03",58
"2018-05-10 16:44:03",58
"2018-05-10 17:44:03",58
"2018-05-10 18:44:02",58
"2018-05-10 19:44:03",58
"2018-05-10 20:44:02",58
"2018-05-10 21:44:02",58
"2018-05-10 22:44:02",58
"2018-05-10 23:44:03",58
"2018-05-11 00:44:03",58
"2018-05-11 01:44:03",58
"2018-05-11 02:44:02",58
"2018-05-11 03:44:02",58
"2018-05-11 04:44:02",58
"2018-05-11 05:44:04",58
"2018-05-11 06:44:02",58
"2018-05-11 07:44:02",58
"2018-05-11 08:44:02",58
"2018-05-11 09:44:02",58
"2018-05-11 10:44:02",58
"2018-05-11 11:44:02",58
"2018-05-11 12:44:01",58
"2018-05-11 13:44:04",58
"2018-05-11 14:44:03",60
"2018-05-11 15:44:03",60
"2018-05-11 16:44:03",60
"2018-05-11 17:44:03",60
"2018-05-11 18:44:03",60
"2018-05-11 19:44:03",60
"2018-05-11 20:44:01",60
"2018-05-11 21:44:02",60
"2018-05-11 22:44:02",60
"2018-05-11 23:44:02",60
"2018-05-12 00:44:03",60
"2018-05-12 01:44:02",60
"2018-05-12 02:44:04",60
"2018-05-12 03:44:03",60
"2018-05-12 04:44:02",60
"2018-05-12 05:44:03",60
"2018-05-12 06:44:03",60
"2018-05-12 07:44:02",60
"2018-05-12 08:44:02",60
"2018-05-12 09:44:02",60
"2018-05-12 10:44:02",60
"2018-05-12 11:44:02",60
"2018-05-12 12:44:02",60
"2018-05-12 13:44:03",60
"2018-05-12 14:44:02",60
"2018-05-12 15:44:04",60
"2018-05-12 16:44:02",60
"2018-05-12 17:44:03",60
"2018-05-12 18:44:01",60
"2018-05-12 19:44:03",60
"2018-05-12 20:44:02",60
"2018-05-12 21:44:01",60
"2018-05-12 22:44:02",60
"2018-05-12 23:44:02",60
"2018-05-13 00:44:03",60
"2018-05-13 01:44:02",60
"2018-05-13 02:44:01",60
"2018-05-13 03:44:02",60
"2018-05-13 04:44:03",60
"2018-05-13 05:44:03",60
"2018-05-13 06:44:03",60
"2018-05-13 07:44:02",60
"2018-05-13 08:44:02",60
"2018-05-13 09:44:03",60
"2018-05-13 10:44:01",60
"2018-05-13 11:44:01",60
"2018-05-13 12:44:02",60
"2018-05-13 13:44:02",60
"2018-05-13 14:44:02",60
"2018-05-13 15:44:02",60
"2018-05-13 16:44:03",60
"2018-05-13 17:44:02",60
"2018-05-13 18:44:03",60
"2018-05-13 19:44:01",60
"2018-05-13 20:44:03",60
"2018-05-13 21:44:03",60
"2018-05-13 22:44:03",60
"2018-05-13 23:44:03",60
"2018-05-14 00:44:03",60
"2018-05-14 01:44:03",60
"2018-05-14 02:44:03",60
"2018-05-14 03:44:03",60
"2018-05-14 04:44:04",60
"2018-05-14 05:44:03",60
"2018-05-14 06:44:01",60
"2018-05-14 07:44:02",60
"2018-05-14 08:44:01",60
"2018-05-14 09:44:02",60
"2018-05-14 10:44:02",60
"2018-05-14 11:44:02",60
"2018-05-14 12:44:01",60
"2018-05-14 13:44:05",60
"2018-05-14 14:44:03",59
"2018-05-14 15:44:02",59
"2018-05-14 16:44:02",59
"2018-05-14 17:44:02",58
"2018-05-14 18:44:04",58
"2018-05-14 19:44:02",57
"2018-05-14 20:44:02",57
"2018-05-14 21:44:02",57
"2018-05-14 22:44:03",57
"2018-05-14 23:44:03",57
"2018-05-15 00:44:03",57
"2018-05-15 01:44:03",57
"2018-05-15 02:44:03",57
"2018-05-15 03:44:02",57
"2018-05-15 04:44:03",57
"2018-05-15 05:44:02",57
"2018-05-15 06:44:01",57
"2018-05-15 07:44:02",57
"2018-05-15 08:44:02",57
"2018-05-15 09:44:02",57
"2018-05-15 10:44:03",57
"2018-05-15 11:44:02",57
"2018-05-15 12:44:02",57
"2018-05-15 13:44:03",57
"2018-05-15 14:44:03",57
"2018-05-15 15:44:02",57
"2018-05-15 16:44:02",57
"2018-05-15 17:44:01",57
"2018-05-15 18:44:06",57
"2018-05-15 19:44:01",57
"2018-05-15 20:44:01",57
"2018-05-15 21:44:00",57
"2018-05-15 22:44:02",57
"2018-05-15 23:44:02",57
"2018-05-16 00:44:01",57
"2018-05-16 01:44:01",57
"2018-05-16 02:44:01",57
"2018-05-16 03:44:02",57
"2018-05-16 04:44:03",57
"2018-05-16 05:44:01",57
"2018-05-16 06:44:02",57
"2018-05-16 07:44:02",57
"2018-05-16 08:44:03",57
"2018-05-16 09:44:00",57
"2018-05-16 10:44:01",57
"2018-05-16 11:44:02",57
"2018-05-16 12:44:03",57
"2018-05-16 13:44:02",57
"2018-05-16 14:44:01",57
"2018-05-16 15:44:02",57
"2018-05-16 16:44:01",58
"2018-05-16 17:44:03",57
"2018-05-16 18:44:02",57
"2018-05-16 19:44:02",57
"2018-05-16 20:44:02",57
"2018-05-16 21:44:01",57
"2018-05-16 22:44:02",57
"2018-05-16 23:44:02",57
"2018-05-17 00:44:04",57
"2018-05-17 01:44:02",57
"2018-05-17 02:44:02",57
"2018-05-17 03:44:02",57
"2018-05-17 04:44:03",57
"2018-05-17 05:44:03",57
"2018-05-17 06:44:04",57
"2018-05-17 07:44:03",57
"2018-05-17 08:44:06",57
"2018-05-17 09:44:02",57
"2018-05-17 10:44:00",57
"2018-05-17 11:44:02",57
"2018-05-17 12:44:01",57
"2018-05-17 13:44:03",57
"2018-05-17 14:44:02",58
"2018-05-17 15:44:03",58
"2018-05-18 07:44:03",58
"2018-05-18 08:44:03",58
"2018-05-18 09:44:01",58
"2018-05-18 10:44:01",58
"2018-05-18 11:44:01",58
"2018-05-18 12:44:02",58
"2018-05-18 13:44:04",58
"2018-05-18 14:44:02",58
"2018-05-18 15:44:02",58
"2018-05-18 16:44:02",58
"2018-05-18 17:44:01",58
"2018-05-18 18:44:01",58
"2018-05-18 19:44:02",58
"2018-05-18 20:44:03",58
"2018-05-18 21:44:01",58
"2018-05-18 22:44:02",58
"2018-05-18 23:44:02",58
"2018-05-19 00:44:01",58
"2018-05-19 01:44:03",58
"2018-05-19 02:44:03",58
"2018-05-19 03:44:03",58
"2018-05-19 04:44:02",58
"2018-05-19 05:44:03",58
"2018-05-19 06:44:04",58
"2018-05-19 07:44:01",58
"2018-05-19 08:44:02",58
"2018-05-19 09:44:02",58
"2018-05-19 10:44:01",58
"2018-05-19 11:44:02",58
"2018-05-19 12:44:02",58
"2018-05-19 13:44:03",58
"2018-05-19 14:44:03",58
"2018-05-19 15:44:03",58
"2018-05-19 16:44:03",58
"2018-05-19 17:44:03",58
"2018-05-19 18:44:02",58
"2018-05-19 19:44:02",58
"2018-05-19 20:44:02",58
"2018-05-19 21:44:02",58
"2018-05-19 22:44:02",58
"2018-05-19 23:44:02",58
"2018-05-20 00:44:02",58
"2018-05-20 01:44:03",58
"2018-05-20 02:44:02",58
"2018-05-20 03:44:02",58
"2018-05-20 04:44:03",58
"2018-05-20 05:44:02",58
"2018-05-20 06:44:01",58
"2018-05-20 07:44:01",58
"2018-05-20 08:44:02",58
"2018-05-20 09:44:02",58
"2018-05-20 10:44:02",58
"2018-05-20 11:44:02",58
"2018-05-20 12:44:01",58
"2018-05-20 13:44:01",58
"2018-05-20 14:44:04",58
"2018-05-20 15:44:02",58
"2018-05-20 16:44:02",58
"2018-05-20 17:44:03",58
"2018-05-20 18:44:02",58
"2018-05-20 19:44:02",58
"2018-05-20 20:44:02",58
"2018-05-20 21:44:01",58
"2018-05-20 22:44:02",58
"2018-05-20 23:44:02",58
"2018-05-21 00:44:03",58
"2018-05-21 01:44:15",58
"2018-05-21 02:44:09",58
"2018-05-21 03:44:03",58
"2018-05-21 04:44:07",58
"2018-05-21 05:44:02",58
"2018-05-21 06:44:03",58
"2018-05-21 07:44:03",58
"2018-05-21 08:44:05",58
"2018-05-21 09:44:02",58
"2018-05-21 10:44:01",58
"2018-05-21 11:44:01",58
"2018-05-21 12:44:05",58
"2018-05-21 13:44:02",58
"2018-05-21 14:44:02",58
"2018-05-21 15:44:01",58
"2018-05-21 16:44:01",58
"2018-05-21 17:44:00",58
"2018-05-21 18:44:02",58
"2018-05-21 19:44:01",58
"2018-05-21 20:44:01",58
"2018-05-21 21:44:02",58
"2018-05-21 22:44:01",58
"2018-05-21 23:44:02",58
"2018-05-22 00:44:02",58
"2018-05-22 01:44:03",58
"2018-05-22 02:44:02",58
"2018-05-22 03:44:03",58
"2018-05-22 04:44:03",58
"2018-05-22 05:44:01",58
"2018-05-22 06:44:01",58
"2018-05-22 07:44:02",58
"2018-05-22 08:44:08",58
"2018-05-22 09:44:01",58
"2018-05-22 10:44:02",58
"2018-05-22 11:44:01",58
"2018-05-22 12:44:02",58
"2018-05-22 13:44:04",58
"2018-05-22 14:44:03",58
"2018-05-22 15:44:03",58
"2018-05-22 16:44:02",58
"2018-05-22 17:44:02",58
"2018-05-22 18:44:02",58
"2018-05-22 19:44:02",58
"2018-05-22 20:44:03",58
"2018-05-22 21:44:02",58
"2018-05-22 22:44:02",58
"2018-05-22 23:44:02",58
"2018-05-23 00:44:02",58
"2018-05-23 01:44:02",58
"2018-05-23 02:44:02",58
"2018-05-23 03:44:03",58
"2018-05-23 04:44:02",58
"2018-05-23 05:44:03",58
"2018-05-23 06:44:03",58
"2018-05-23 07:44:06",58
"2018-05-23 08:44:02",58
"2018-05-23 09:44:02",58
"2018-05-23 10:44:03",58
"2018-05-23 11:44:02",58
"2018-05-23 12:44:01",58
"2018-05-23 13:44:03",58
"2018-05-23 14:44:02",58
"2018-05-23 15:44:02",58
"2018-05-23 16:44:04",58
"2018-05-23 17:44:02",58
"2018-05-23 18:44:01",58
"2018-05-23 19:44:02",58
"2018-05-23 20:44:03",58
"2018-05-23 21:44:02",58
"2018-05-23 22:44:03",58
"2018-05-23 23:44:02",58
"2018-05-24 00:44:02",58
"2018-05-24 01:44:02",58
"2018-05-24 02:44:03",58
"2018-05-24 03:44:02",58
"2018-05-24 04:44:02",58
"2018-05-24 06:44:03",58
"2018-05-24 07:44:03",58
"2018-05-24 08:44:03",58
"2018-05-24 09:44:03",58
"2018-05-24 10:44:02",58
"2018-05-24 11:44:01",58
"2018-05-24 12:44:02",58
"2018-05-24 20:13:10",58
"2018-05-24 20:44:01",58
"2018-05-24 21:44:03",58
"2018-05-24 22:44:02",58
"2018-05-24 23:44:03",58
"2018-05-25 00:44:02",58
"2018-05-25 01:44:03",58
"2018-05-25 02:44:02",58
"2018-05-25 03:44:02",58
"2018-05-25 04:44:03",58
"2018-05-25 05:44:03",58
"2018-05-25 06:44:02",58
"2018-05-25 07:44:02",58
"2018-05-25 08:44:02",58
"2018-05-25 09:44:02",58
"2018-05-25 10:44:03",58
"2018-05-25 11:44:02",58
"2018-05-25 12:44:02",58
"2018-05-25 13:44:03",58
"2018-05-25 14:44:02",58
"2018-05-25 15:44:02",58
"2018-05-25 16:44:03",58
"2018-05-25 17:44:01",58
"2018-05-25 18:44:02",58
"2018-05-25 19:44:02",58
"2018-05-25 20:44:02",58
"2018-05-25 21:44:02",58
"2018-05-25 22:44:01",58
"2018-05-25 23:44:02",58
"2018-05-26 00:44:02",58
"2018-05-26 01:44:02",58
"2018-05-26 02:44:03",58
"2018-05-26 03:44:02",58
"2018-05-26 04:44:01",58
"2018-05-26 05:44:02",58
"2018-05-26 06:44:02",58
"2018-05-26 07:44:03",58
"2018-05-26 08:44:03",58
"2018-05-26 09:44:01",58
"2018-05-26 10:44:02",58
"2018-05-26 11:44:02",58
"2018-05-26 12:44:02",58
"2018-05-26 13:44:03",58
"2018-05-26 14:44:02",58
"2018-05-26 15:44:03",58
"2018-05-26 16:44:02",58
"2018-05-26 17:44:03",58
"2018-05-26 18:44:03",58
"2018-05-26 19:44:06",58
"2018-05-26 20:44:02",58
"2018-05-26 21:44:02",58
"2018-05-26 22:44:02",58
"2018-05-26 23:44:02",58
"2018-05-27 00:44:02",58
"2018-05-27 01:44:03",58
"2018-05-27 02:44:02",58
"2018-05-27 03:44:02",58
"2018-05-27 04:44:02",58
"2018-05-27 05:44:03",58
"2018-05-27 06:44:02",58
"2018-05-27 07:44:01",58
"2018-05-27 08:44:02",58
"2018-05-27 09:44:01",58
"2018-05-27 10:44:01",58
"2018-05-27 11:44:02",58
"2018-05-27 12:44:01",58
"2018-05-27 13:44:03",58
"2018-05-27 14:44:02",58
"2018-05-27 15:44:02",58
"2018-05-27 16:44:02",58
"2018-05-27 17:44:01",58
"2018-05-27 18:44:02",58
"2018-05-27 19:44:01",58
"2018-05-27 20:44:03",58
"2018-05-27 21:44:03",58
"2018-05-27 22:44:03",58
"2018-05-27 23:44:03",58
"2018-05-28 00:44:02",58
"2018-05-28 01:44:02",58
"2018-05-28 02:44:02",58
"2018-05-28 03:44:03",58
"2018-05-28 04:44:02",58
"2018-05-28 05:44:02",58
"2018-05-28 06:44:02",58
"2018-05-28 07:44:01",58
"2018-05-28 08:44:01",58
"2018-05-28 09:44:02",58
"2018-05-28 10:44:02",58
"2018-05-28 11:44:02",58
"2018-05-28 12:44:02",58
"2018-05-28 13:44:02",58
"2018-05-28 14:44:02",58
"2018-05-28 15:44:02",58
"2018-05-28 16:44:01",58
"2018-05-28 17:44:02",58
"2018-05-28 18:44:02",58
"2018-05-28 19:44:02",58
"2018-05-28 20:44:02",58
"2018-05-28 21:44:02",58
"2018-05-28 22:44:02",58
"2018-05-28 23:44:02",58
"2018-05-29 00:44:02",58
"2018-05-29 01:44:01",58
"2018-05-29 02:44:02",58
"2018-05-29 03:44:02",58
"2018-05-29 04:44:02",58
"2018-05-29 05:44:02",58
"2018-05-29 06:44:02",58
"2018-05-29 07:44:02",58
"2018-05-29 08:44:08",58
"2018-05-29 09:44:02",58
"2018-05-29 10:44:01",58
"2018-05-29 11:44:01",58
"2018-05-29 12:44:02",58
"2018-05-30 19:54:43",50
"2018-05-30 20:44:02",49
"2018-05-30 21:44:02",49
"2018-05-30 22:44:02",49
"2018-05-30 23:44:02",49
"2018-05-31 00:44:02",49
"2018-05-31 01:44:04",49
"2018-05-31 02:44:02",49
"2018-05-31 03:44:06",49
"2018-05-31 04:44:02",49
"2018-05-31 05:44:02",49
"2018-05-31 06:44:03",49
"2018-05-31 07:44:02",49
"2018-05-31 08:44:02",49
"2018-05-31 09:44:02",49
"2018-05-31 10:44:02",49
"2018-05-31 11:44:02",49
"2018-05-31 12:44:02",49
"2018-05-31 13:44:04",49
"2018-05-31 14:44:03",49
"2018-05-31 15:44:02",49
"2018-05-31 16:44:02",49
"2018-05-31 17:44:02",50
"2018-05-31 18:44:03",50
"2018-05-31 19:44:02",50
"2018-05-31 20:44:03",50
"2018-05-31 21:44:02",50
"2018-05-31 22:44:03",50
"2018-05-31 23:44:02",50
"2018-06-01 00:44:02",50
"2018-06-01 01:44:02",50
"2018-06-01 02:44:02",50
"2018-06-01 03:44:02",50
"2018-06-01 04:44:02",50
"2018-06-01 05:44:01",50
"2018-06-01 06:44:03",50
"2018-06-01 07:44:03",50
"2018-06-01 08:44:05",50
"2018-06-01 09:44:02",50
"2018-06-01 10:44:01",50
"2018-06-01 11:44:02",50
"2018-06-01 12:44:02",50
"2018-06-01 13:44:11",50
"2018-06-01 14:44:03",51
"2018-06-01 15:44:04",51
"2018-06-01 16:44:04",51
"2018-06-01 17:44:04",51
"2018-06-01 18:44:03",51
"2018-06-01 19:44:04",51
"2018-06-01 20:44:03",51
"2018-06-01 21:44:04",51
"2018-06-01 22:44:04",51
"2018-06-01 23:44:03",51
"2018-06-02 00:44:03",51
"2018-06-02 01:44:03",51
"2018-06-02 02:44:04",51
"2018-06-02 03:44:04",51
"2018-06-02 04:44:03",51
"2018-06-02 05:44:04",51
"2018-06-02 06:44:03",51
"2018-06-02 07:44:03",51
"2018-06-02 08:44:02",51
"2018-06-02 09:44:05",51
"2018-06-02 10:44:02",51
"2018-06-02 11:44:02",51
"2018-06-02 12:44:04",51
"2018-06-02 13:44:04",51
"2018-06-02 14:44:04",51
"2018-06-02 15:44:04",51
"2018-06-02 16:44:04",51
"2018-06-02 17:44:03",51
"2018-06-02 18:44:03",51
"2018-06-02 19:44:04",51
"2018-06-02 20:44:04",51
"2018-06-02 21:44:04",51
"2018-06-02 22:44:03",51
"2018-06-02 23:44:04",51
"2018-06-03 00:44:02",51
"2018-06-03 01:44:04",51
"2018-06-03 02:44:03",51
"2018-06-03 03:44:03",51
"2018-06-03 04:44:02",51
"2018-06-03 05:44:04",51
"2018-06-03 06:44:03",51
"2018-06-03 19:46:19",51
"2018-06-03 20:44:04",51
"2018-06-03 21:44:03",51
"2018-06-03 22:44:03",51
"2018-06-03 23:44:03",51
"2018-06-04 00:44:03",51
"2018-06-04 01:44:03",51
"2018-06-04 02:44:04",51
"2018-06-04 03:44:03",51
"2018-06-04 04:44:05",51
"2018-06-04 05:44:03",51
"2018-06-04 06:44:03",51
"2018-06-04 07:44:03",51
"2018-06-04 08:44:03",51
"2018-06-04 09:44:04",51
"2018-06-04 10:43:57",51
"2018-06-04 11:43:56",51
"2018-06-04 12:43:57",51
"2018-06-04 13:43:58",51
"2018-06-04 14:43:58",50
"2018-06-04 15:43:58",50
"2018-06-04 16:43:57",50
"2018-06-04 17:43:58",50
"2018-06-04 18:43:58",50
"2018-06-04 19:43:59",50
"2018-06-04 20:43:59",50
"2018-06-04 21:43:58",50
"2018-06-04 22:44:00",50
"2018-06-04 23:44:01",50
"2018-06-05 00:44:00",50
"2018-06-05 01:44:00",50
"2018-06-05 02:44:00",50
"2018-06-05 03:43:59",50
"2018-06-05 04:44:01",50
"2018-06-05 05:44:01",50
"2018-06-05 06:44:00",50
"2018-06-05 07:43:59",50
"2018-06-05 08:44:00",50
"2018-06-05 09:44:00",50
"2018-06-05 10:43:59",50
"2018-06-05 11:43:58",50
"2018-06-05 12:43:58",50
"2018-06-05 13:44:02",50
"2018-06-05 14:44:02",50
"2018-06-05 15:44:00",50
"2018-06-05 16:44:01",50
"2018-06-05 17:44:00",50
"2018-06-05 18:43:59",50
"2018-06-05 19:44:01",50
"2018-06-05 20:44:00",51
"2018-06-05 21:44:00",51
"2018-06-05 22:44:00",51
"2018-06-05 23:44:00",51
"2018-06-06 00:44:01",51
"2018-06-06 01:44:00",51
"2018-06-06 02:44:00",51
"2018-06-06 03:44:01",51
"2018-06-06 04:44:00",51
"2018-06-06 05:44:00",51
"2018-06-06 06:44:00",51
"2018-06-06 07:43:59",51
"2018-06-06 08:44:00",51
"2018-06-06 09:44:00",51
"2018-06-06 10:43:59",51
"2018-06-06 11:43:59",51
"2018-06-06 12:44:00",51
"2018-06-06 13:44:01",51
"2018-06-06 14:44:00",51
"2018-06-06 15:44:01",52
"2018-06-06 16:44:01",52
"2018-06-06 17:44:00",52
"2018-06-06 18:44:01",51
"2018-06-06 19:44:00",50
"2018-06-06 20:44:00",50
"2018-06-06 21:44:01",50
"2018-06-06 22:44:02",50
"2018-06-06 23:44:03",50
"2018-06-07 00:44:03",50
"2018-06-07 01:44:03",50
"2018-06-07 02:44:04",50
"2018-06-07 03:44:03",50
"2018-06-07 04:44:03",50
"2018-06-07 05:44:04",50
"2018-06-07 06:44:03",50
"2018-06-07 07:44:03",50
"2018-06-07 08:44:03",50
"2018-06-07 09:44:03",50
"2018-06-07 10:44:03",50
"2018-06-07 11:44:03",50
"2018-06-07 12:44:03",50
"2018-06-07 13:44:04",50
"2018-06-07 14:44:05",50
"2018-06-07 15:44:03",50
"2018-06-07 16:44:04",50
"2018-06-07 17:44:04",50
"2018-06-07 18:44:04",50
"2018-06-07 19:44:05",50
"2018-06-07 20:44:04",50
"2018-06-07 21:44:04",50
"2018-06-07 22:44:05",50
"2018-06-07 23:44:05",50
"2018-06-08 00:44:04",50
"2018-06-08 01:44:03",50
"2018-06-08 02:44:05",50
"2018-06-08 03:44:04",50
"2018-06-08 04:44:06",50
"2018-06-08 05:44:04",50
"2018-06-08 06:44:06",50
"2018-06-08 07:44:05",50
"2018-06-08 08:44:04",50
"2018-06-08 09:44:03",50
"2018-06-08 10:44:04",50
"2018-06-08 11:44:03",50
"2018-06-08 12:44:05",50
"2018-06-08 13:44:05",50
"2018-06-08 14:44:04",50
"2018-06-08 15:44:03",50
"2018-06-08 16:44:05",50
"2018-06-08 17:44:04",50
"2018-06-08 18:44:04",50
"2018-06-08 19:44:04",50
"2018-06-08 20:44:05",50
"2018-06-08 21:44:04",50
"2018-06-08 22:44:04",50
"2018-06-08 23:44:04",50
"2018-06-09 00:44:04",50
"2018-06-09 01:44:05",50
"2018-06-09 02:44:04",50
"2018-06-09 03:44:04",50
"2018-06-09 04:44:05",50
"2018-06-09 05:44:04",50
"2018-06-09 06:44:06",50
"2018-06-09 07:44:04",50
"2018-06-09 08:44:04",50
"2018-06-09 09:44:04",50
"2018-06-09 10:44:05",50
"2018-06-09 11:44:05",50
"2018-06-09 12:44:05",50
"2018-06-09 13:44:05",50
"2018-06-09 14:44:05",50
"2018-06-09 15:44:07",50
"2018-06-09 16:44:05",50
"2018-06-09 17:44:06",50
"2018-06-09 18:44:06",50
"2018-06-09 19:44:05",50
"2018-06-09 20:44:05",50
"2018-06-09 21:44:05",50
"2018-06-09 22:44:04",50
"2018-06-09 23:44:04",50
"2018-06-10 00:44:04",50
"2018-06-10 01:44:04",50
"2018-06-10 02:44:04",50
"2018-06-10 03:44:04",50
"2018-06-10 04:44:05",50
"2018-06-10 05:44:04",50
"2018-06-10 06:44:04",50
"2018-06-10 07:44:05",50
"2018-06-10 08:44:04",50
"2018-06-10 09:44:04",50
"2018-06-10 10:44:05",50
"2018-06-10 11:44:04",50
"2018-06-10 12:44:04",50
"2018-06-10 13:44:03",50
"2018-06-10 14:44:05",50
"2018-06-10 15:44:03",50
"2018-06-10 16:44:05",50
"2018-06-10 17:44:05",50
"2018-06-10 18:44:05",50
"2018-06-10 19:44:04",50
"2018-06-10 20:44:04",50
"2018-06-10 21:44:03",50
"2018-06-10 22:44:05",50
"2018-06-10 23:44:04",50
"2018-06-11 00:44:04",50
"2018-06-11 01:44:04",50
"2018-06-11 02:44:04",50
"2018-06-11 03:44:04",50
"2018-06-11 04:44:04",50
"2018-06-11 06:44:03",50
"2018-06-11 07:44:04",50
"2018-06-11 08:44:04",50
"2018-06-11 09:44:03",50
"2018-06-11 10:44:05",50
"2018-06-11 11:44:04",50
"2018-06-11 12:44:04",50
"2018-06-11 13:44:05",50
"2018-06-11 14:44:04",49
"2018-06-11 15:44:04",49
"2018-06-11 16:44:04",49
"2018-06-11 17:44:03",49
"2018-06-11 18:44:04",49
"2018-06-11 19:44:04",49
"2018-06-11 20:44:04",49
"2018-06-11 21:44:04",49
"2018-06-11 22:44:03",49
"2018-06-11 23:44:04",49
"2018-06-12 00:44:04",49
"2018-06-12 01:44:05",49
"2018-06-12 02:44:04",49
"2018-06-12 03:44:05",49
"2018-06-12 04:44:04",49
"2018-06-12 05:44:04",49
"2018-06-12 06:44:05",49
"2018-06-12 07:44:05",49
"2018-06-12 08:44:04",49
"2018-06-12 09:44:04",49
"2018-06-12 10:44:04",49
"2018-06-12 11:44:04",49
"2018-06-12 12:44:05",49
"2018-06-12 13:44:07",49
"2018-06-12 14:44:04",49
"2018-06-12 15:44:04",49
"2018-06-12 16:44:04",48
"2018-06-12 17:44:04",48
"2018-06-12 18:44:04",48
"2018-06-12 19:44:04",48
"2018-06-12 20:44:04",48
"2018-06-12 21:44:04",48
"2018-06-12 22:44:03",48
"2018-06-12 23:44:05",48
"2018-06-13 00:44:04",48
"2018-06-13 01:44:04",48
"2018-06-13 02:44:03",48
"2018-06-13 03:44:04",48
"2018-06-13 04:44:05",48
"2018-06-13 05:44:04",48
"2018-06-13 06:44:05",48
"2018-06-13 07:44:04",48
"2018-06-13 08:44:06",48
"2018-06-13 09:44:04",48
"2018-06-13 10:44:04",48
"2018-06-13 11:44:03",48
"2018-06-13 12:44:04",48
"2018-06-13 13:44:06",48
"2018-06-13 14:44:05",48
"2018-06-13 15:44:04",48
"2018-06-13 16:44:04",48
"2018-06-13 17:44:04",48
"2018-06-13 18:44:05",48
"2018-06-13 19:44:05",48
"2018-06-13 20:44:04",48
"2018-06-13 21:44:05",48
"2018-06-13 22:44:03",48
"2018-06-13 23:44:04",48
"2018-06-14 00:44:05",48
"2018-06-14 01:44:05",48
"2018-06-14 02:44:04",48
"2018-06-14 03:44:05",48
"2018-06-14 04:44:04",48
"2018-06-14 05:44:06",48
"2018-06-14 06:44:04",48
"2018-06-14 07:44:05",48
"2018-06-14 08:44:04",48
"2018-06-14 09:44:03",48
"2018-06-14 10:44:04",48
"2018-06-14 11:44:05",48
"2018-06-14 12:44:05",48
"2018-06-14 13:44:05",48
"2018-06-14 14:44:04",48
"2018-06-14 15:44:05",48
"2018-06-14 16:44:03",48
"2018-06-14 17:44:04",49
"2018-06-14 18:44:04",49
"2018-06-14 19:44:05",49
"2018-06-14 20:44:05",49
"2018-06-14 21:44:04",49
"2018-06-14 22:44:05",49
"2018-06-14 23:44:04",49
"2018-06-15 00:44:04",49
"2018-06-15 01:44:03",49
"2018-06-15 02:44:04",49
"2018-06-15 03:44:04",49
"2018-06-15 04:44:05",49
"2018-06-15 05:44:06",49
"2018-06-15 06:44:05",49
"2018-06-15 07:44:04",49
"2018-06-15 08:44:04",49
"2018-06-15 09:44:04",49
"2018-06-15 10:44:04",49
"2018-06-15 11:44:03",49
"2018-06-15 12:44:04",49
"2018-06-15 13:44:06",49
"2018-06-15 14:44:05",49
"2018-06-15 15:44:05",49
"2018-06-15 16:44:05",49
"2018-06-15 17:44:05",49
"2018-06-15 18:44:06",49
"2018-06-15 19:44:05",49
"2018-06-15 20:44:05",48
"2018-06-15 21:44:04",48
"2018-06-15 22:44:05",48
"2018-06-15 23:44:05",48
"2018-06-16 00:44:05",48
"2018-06-16 01:44:05",48
"2018-06-16 02:44:08",48
"2018-06-16 03:44:05",48
"2018-06-16 04:44:07",48
"2018-06-16 05:44:08",48
"2018-06-16 06:44:06",48
"2018-06-16 07:44:05",48
"2018-06-16 08:44:05",48
"2018-06-16 09:44:05",48
"2018-06-16 10:44:05",48
"2018-06-16 11:44:06",48
"2018-06-16 12:44:05",48
"2018-06-16 13:44:06",48
"2018-06-16 14:44:06",48
"2018-06-16 15:44:05",48
"2018-06-16 16:44:06",48
"2018-06-16 17:44:05",48
"2018-06-16 18:44:05",48
"2018-06-16 19:44:06",48
"2018-06-16 20:44:05",48
"2018-06-16 21:44:05",48
"2018-06-16 22:44:06",48
"2018-06-16 23:44:05",48
"2018-06-17 00:44:05",48
"2018-06-17 01:44:05",48
"2018-06-17 02:44:08",48
"2018-06-17 03:44:05",48
"2018-06-17 04:44:06",48
"2018-06-17 05:44:06",48
"2018-06-17 06:44:04",48
"2018-06-17 07:44:05",48
"2018-06-17 08:44:05",48
"2018-06-17 09:44:04",48
"2018-06-17 10:44:04",48
"2018-06-17 11:44:04",48
"2018-06-17 12:44:05",48
"2018-06-17 13:44:06",48
"2018-06-17 14:44:06",48
"2018-06-17 15:44:04",48
"2018-06-17 16:44:05",48
"2018-06-17 17:44:05",48
"2018-06-17 18:44:04",48
"2018-06-17 19:44:07",48
"2018-06-17 20:44:06",48
"2018-06-17 21:44:05",48
"2018-06-17 22:44:05",48
"2018-06-17 23:44:05",48
"2018-06-18 00:44:06",48
"2018-06-18 01:44:06",48
"2018-06-18 02:44:06",48
"2018-06-18 03:44:05",48
"2018-06-18 04:44:05",48
"2018-06-18 05:44:06",48
"2018-06-18 06:44:04",48
"2018-06-18 07:44:04",48
"2018-06-18 08:44:12",48
"2018-06-18 09:44:05",48
"2018-06-18 10:44:04",48
"2018-06-18 11:44:05",48
"2018-06-18 12:44:05",48
"2018-06-18 13:44:07",48
"2018-06-18 14:44:05",48
"2018-06-18 15:44:05",47
"2018-06-18 16:44:05",47
"2018-06-18 17:44:05",47
"2018-06-18 18:44:06",47
"2018-06-18 19:44:06",48
"2018-06-18 20:44:06",48
"2018-06-18 21:44:04",48
"2018-06-18 22:44:05",48
"2018-06-18 23:44:05",48
"2018-06-19 00:44:05",48
"2018-06-19 01:44:05",48
"2018-06-19 02:44:06",48
"2018-06-19 03:44:06",48
"2018-06-19 04:44:05",48
"2018-06-19 05:44:06",48
"2018-06-19 06:44:05",48
"2018-06-19 07:44:08",48
"2018-06-19 08:44:07",48
"2018-06-19 09:44:04",48
"2018-06-19 10:44:04",48
"2018-06-19 11:44:04",48
"2018-06-19 12:44:05",48
"2018-06-19 13:44:08",48
"2018-06-19 14:44:06",48
"2018-06-19 15:44:05",48
"2018-06-19 16:44:05",48
"2018-06-19 17:44:06",48
"2018-06-19 18:44:06",48
"2018-06-19 19:44:05",48
"2018-06-19 20:44:04",48
"2018-06-19 21:44:05",48
"2018-06-19 22:44:05",48
"2018-06-19 23:44:06",48
"2018-06-20 00:44:15",48
"2018-06-20 01:44:07",48
"2018-06-20 02:44:05",48
"2018-06-20 03:44:06",48
"2018-06-20 04:44:06",48
"2018-06-20 05:44:04",48
"2018-06-20 06:44:05",48
"2018-06-20 07:44:05",48
"2018-06-20 08:44:05",48
"2018-06-20 09:44:04",48
"2018-06-20 10:44:05",48
"2018-06-20 11:44:05",48
"2018-06-20 12:44:05",48
"2018-06-20 14:08:40",49
"2018-06-20 14:44:07",49
"2018-06-20 15:44:07",49
"2018-06-20 16:44:07",49
"2018-06-20 17:44:06",49
"2018-06-20 18:44:06",49
"2018-06-20 19:44:06",49
"2018-06-20 20:44:04",49
"2018-06-20 21:44:05",49
"2018-06-20 22:44:05",49
"2018-06-20 23:44:05",49
"2018-06-21 00:44:05",49
"2018-06-21 01:44:05",49
"2018-06-21 02:44:05",49
"2018-06-21 03:44:06",49
"2018-06-21 04:44:06",49
"2018-06-21 05:44:07",49
"2018-06-21 06:44:04",49
"2018-06-21 07:44:05",49
"2018-06-21 08:44:08",49
"2018-06-21 09:44:04",49
"2018-06-21 10:44:05",49
"2018-06-21 11:44:05",49
"2018-06-21 12:44:05",49
"2018-06-21 13:44:06",49
"2018-06-21 14:44:06",49
"2018-06-21 15:44:06",49
"2018-06-21 16:44:06",49
"2018-06-21 17:44:06",49
"2018-06-21 18:44:05",49
"2018-06-21 19:44:06",49
"2018-06-21 20:44:06",49
"2018-06-21 21:44:06",49
"2018-06-21 22:44:06",49
"2018-06-21 23:44:05",49
"2018-06-22 00:44:05",49
"2018-06-22 01:44:04",49
"2018-06-22 02:44:05",49
"2018-06-22 03:44:06",49
"2018-06-22 04:44:05",49
"2018-06-22 05:44:07",49
"2018-06-22 06:44:05",49
"2018-06-22 07:44:05",49
"2018-06-22 08:44:06",49
"2018-06-22 09:44:05",49
"2018-06-22 10:44:05",49
"2018-06-22 11:44:05",49
"2018-06-22 12:44:05",49
"2018-06-22 13:44:07",49
"2018-06-22 15:08:08",49
"2018-06-22 15:44:06",49
"2018-06-22 16:44:06",49
"2018-06-22 17:44:06",49
"2018-06-22 18:44:06",49
"2018-06-22 19:44:07",49
"2018-06-22 20:44:05",49
"2018-06-22 21:44:05",49
"2018-06-22 22:44:05",49
"2018-06-22 23:44:05",49
"2018-06-23 00:44:24",49
"2018-06-23 01:45:21",49
"2018-06-23 02:44:05",49
"2018-06-23 03:44:06",49
"2018-06-23 04:44:05",49
"2018-06-23 05:44:06",49
"2018-06-23 06:44:05",49
"2018-06-23 07:44:05",49
"2018-06-23 08:44:05",49
"2018-06-23 09:44:05",49
"2018-06-23 10:44:05",49
"2018-06-23 11:44:06",49
"2018-06-23 12:44:05",49
"2018-06-23 13:44:05",49
"2018-06-23 14:44:05",49
"2018-06-23 15:44:06",49
"2018-06-23 16:44:06",49
"2018-06-23 17:44:05",49
"2018-06-23 18:44:05",49
"2018-06-23 19:44:06",49
"2018-06-23 20:44:06",49
"2018-06-23 21:44:05",49
"2018-06-23 22:44:05",49
"2018-06-23 23:44:04",49
"2018-06-24 00:44:25",49
"2018-06-24 01:44:05",49
"2018-06-24 02:44:04",49
"2018-06-24 03:44:09",49
"2018-06-24 04:44:05",49
"2018-06-24 05:44:05",49
"2018-06-24 06:44:06",49
"2018-06-24 07:44:06",49
"2018-06-24 08:44:05",49
"2018-06-24 09:44:05",49
"2018-06-24 10:44:50",49
"2018-06-24 11:44:05",49
"2018-06-24 12:44:07",49
"2018-06-24 13:44:05",49
"2018-06-24 14:44:20",49
"2018-06-24 15:44:28",49
"2018-06-24 16:44:05",49
"2018-06-24 17:44:05",49
"2018-06-24 18:44:05",49
"2018-06-24 19:44:05",49
"2018-06-24 20:44:05",49
"2018-06-24 21:44:05",49
"2018-06-24 22:44:05",49
"2018-06-24 23:44:06",49
"2018-06-25 00:44:05",49
"2018-06-25 01:44:05",49
"2018-06-25 02:44:06",49
"2018-06-25 03:44:16",49
"2018-06-25 04:44:12",49
"2018-06-25 05:44:07",49
"2018-06-25 06:44:05",49
"2018-06-25 07:44:05",49
"2018-06-25 08:44:06",49
"2018-06-25 09:44:06",49
"2018-06-25 10:44:05",49
"2018-06-25 11:44:05",49
"2018-06-25 12:44:04",49
"2018-06-25 13:44:08",49
"2018-06-25 14:44:05",48
"2018-06-25 15:44:05",48
"2018-06-25 16:44:04",48
"2018-06-25 17:44:05",48
"2018-06-25 18:44:05",48
"2018-06-25 19:44:06",48
"2018-06-25 20:44:06",48
"2018-06-25 21:44:06",48
"2018-06-25 22:44:04",48
"2018-06-26 01:12:31",48
"2018-06-26 01:44:06",48
"2018-06-26 02:44:05",48
"2018-06-26 03:44:20",48
"2018-06-26 04:44:17",48
"2018-06-26 05:44:08",48
"2018-06-26 06:44:05",48
"2018-06-26 07:44:07",48
"2018-06-26 08:44:06",48
"2018-06-26 09:44:07",48
"2018-06-26 10:44:11",48
"2018-06-26 11:44:14",48
"2018-06-26 12:44:21",48
"2018-06-26 13:44:08",48
"2018-06-26 14:44:06",48
"2018-06-26 15:44:24",48
"2018-06-26 16:44:06",48
"2018-06-26 17:44:05",48
"2018-06-26 18:44:06",48
"2018-06-26 19:44:07",48
"2018-06-26 20:44:06",48
"2018-06-26 21:44:05",48
"2018-06-26 22:44:05",48
"2018-06-26 23:44:05",48
"2018-06-27 00:44:06",48
"2018-06-27 01:44:05",48
"2018-06-27 02:44:05",48
"2018-06-27 03:44:08",48
"2018-06-27 04:44:12",48
"2018-06-27 05:44:08",48
"2018-06-27 06:44:06",48
"2018-06-27 07:44:05",48
"2018-06-27 08:44:05",48
"2018-06-27 09:44:06",48
"2018-06-27 10:44:05",48
"2018-06-27 11:44:05",48
"2018-06-27 12:44:06",48
"2018-06-27 13:44:28",48
"2018-06-27 14:44:26",48
"2018-06-27 15:44:27",48
"2018-06-27 16:44:07",48
"2018-06-27 17:44:05",48
"2018-06-27 18:44:06",48
"2018-06-27 19:44:08",48
"2018-06-27 20:44:05",48
"2018-06-27 21:44:05",48
"2018-06-27 22:44:04",48
"2018-06-27 23:44:05",48
"2018-06-28 00:44:06",48
"2018-06-28 01:44:05",48
"2018-06-28 02:44:14",48
"2018-06-28 03:44:23",48
"2018-06-28 04:44:21",48
"2018-06-28 05:44:17",48
"2018-06-28 06:44:06",48
"2018-06-28 07:44:06",48
"2018-06-28 08:44:06",48
"2018-06-28 09:44:04",48
"2018-06-28 10:44:06",48
"2018-06-28 11:44:05",48
"2018-06-28 12:44:05",48
"2018-06-28 13:44:07",48
"2018-06-28 14:44:24",48
"2018-06-28 15:44:28",48
"2018-06-28 16:44:06",48
"2018-06-28 17:44:08",48
"2018-06-28 18:44:06",48
"2018-06-28 19:44:11",48
"2018-06-28 20:44:06",48
"2018-06-28 21:44:07",48
"2018-06-28 22:44:06",48
"2018-06-28 23:44:07",48
"2018-06-29 00:44:07",48
"2018-06-29 01:44:06",48
"2018-06-29 02:44:07",48
"2018-06-29 03:44:17",48
"2018-06-29 04:44:11",48
"2018-06-29 05:44:09",48
"2018-06-29 06:44:08",48
"2018-06-29 07:44:08",48
"2018-06-29 08:44:09",48
"2018-06-29 09:44:07",48
"2018-06-29 10:44:06",48
"2018-06-29 11:44:07",48
"2018-06-29 12:44:13",48
"2018-06-29 13:44:08",48
"2018-06-29 14:44:07",48
"2018-06-29 15:44:07",48
"2018-06-29 16:44:07",48
"2018-06-29 17:44:06",48
"2018-06-29 18:44:07",48
"2018-06-29 19:44:12",48
"2018-06-29 20:44:06",48
"2018-06-29 21:44:09",48
"2018-06-29 22:44:08",48
"2018-06-29 23:44:10",48
"2018-06-30 00:44:09",48
"2018-06-30 01:44:06",48
"2018-06-30 02:44:07",48
"2018-06-30 03:44:18",48
"2018-06-30 04:44:13",48
"2018-06-30 05:44:13",48
"2018-06-30 06:44:11",48
"2018-06-30 07:44:07",48
"2018-06-30 08:44:06",48
"2018-06-30 09:44:06",48
"2018-06-30 10:44:08",48
"2018-06-30 11:44:09",48
"2018-06-30 12:44:14",48
"2018-06-30 13:44:25",48
"2018-06-30 14:44:10",48
"2018-06-30 15:44:23",48
"2018-06-30 16:44:11",48
"2018-06-30 17:44:06",48
"2018-06-30 18:44:06",48
"2018-06-30 19:44:15",48
"2018-06-30 20:44:06",48
"2018-06-30 21:44:06",48
"2018-06-30 22:44:06",48
"2018-06-30 23:44:07",48
"2018-07-01 00:44:06",48
"2018-07-01 01:44:07",48
"2018-07-01 02:44:06",48
"2018-07-01 03:44:07",48
"2018-07-01 04:44:06",48
"2018-07-01 05:44:06",48
"2018-07-01 06:44:06",48
"2018-07-01 07:44:06",48
"2018-07-01 08:44:06",48
"2018-07-01 09:44:07",48
"2018-07-01 10:44:06",48
"2018-07-01 11:44:06",48
"2018-07-01 12:44:07",48
"2018-07-01 13:44:07",48
"2018-07-01 14:44:06",48
"2018-07-01 15:44:07",48
"2018-07-01 16:44:10",48
"2018-07-01 17:44:07",48
"2018-07-01 18:44:06",48
"2018-07-01 19:44:10",48
"2018-07-01 20:44:07",48
"2018-07-01 21:44:07",48
"2018-07-01 22:44:06",48
"2018-07-01 23:44:07",48
"2018-07-02 00:44:07",48
"2018-07-02 01:44:09",48
"2018-07-02 02:44:08",48
"2018-07-02 03:44:06",48
"2018-07-02 04:44:06",48
"2018-07-02 05:44:07",48
"2018-07-02 06:44:07",48
"2018-07-02 07:44:06",48
"2018-07-02 08:44:08",48
"2018-07-02 09:44:07",48
"2018-07-02 10:44:06",48
"2018-07-02 11:44:06",48
"2018-07-02 12:44:06",48
"2018-07-02 13:44:08",48
"2018-07-02 14:44:06",48
"2018-07-02 15:44:07",48
"2018-07-02 16:44:08",48
"2018-07-02 17:44:07",49
"2018-07-02 18:44:07",49
"2018-07-02 19:44:09",49
"2018-07-02 20:44:06",49
"2018-07-02 21:44:06",49
"2018-07-02 22:44:07",49
"2018-07-02 23:44:07",49
"2018-07-03 00:53:42",49
"2018-07-03 01:44:07",49
"2018-07-03 02:44:07",49
"2018-07-03 03:44:06",49
"2018-07-03 04:44:07",49
"2018-07-03 05:44:06",49
"2018-07-03 06:44:06",49
"2018-07-03 07:44:06",49
"2018-07-03 08:44:07",49
"2018-07-03 09:44:07",49
"2018-07-03 10:44:06",49
"2018-07-03 11:44:06",49
"2018-07-03 12:44:06",49
"2018-07-03 13:44:07",49
"2018-07-03 14:44:07",49
"2018-07-03 15:44:06",49
"2018-07-03 16:44:06",49
"2018-07-03 17:44:07",49
"2018-07-03 18:44:05",49
"2018-07-03 19:44:12",49
"2018-07-03 20:44:06",49
"2018-07-03 21:44:06",49
"2018-07-03 22:44:06",49
"2018-07-03 23:44:06",49
"2018-07-04 00:44:06",49
"2018-07-04 01:44:07",49
"2018-07-04 02:44:07",49
"2018-07-04 03:44:07",49
"2018-07-04 04:44:06",49
"2018-07-04 05:44:06",49
"2018-07-04 06:44:07",49
"2018-07-04 07:44:06",49
"2018-07-04 08:44:09",49
"2018-07-04 09:44:07",49
"2018-07-04 10:44:07",49
"2018-07-04 11:44:06",49
"2018-07-04 12:44:06",49
"2018-07-04 13:44:07",49
"2018-07-04 14:44:06",49
"2018-07-04 15:44:06",49
"2018-07-04 16:44:07",49
"2018-07-04 17:44:07",49
"2018-07-04 18:44:06",49
"2018-07-04 19:44:08",49
"2018-07-04 20:44:07",49
"2018-07-04 21:44:07",49
"2018-07-04 22:44:06",49
"2018-07-04 23:44:06",49
"2018-07-05 00:44:05",49
"2018-07-05 01:44:06",49
"2018-07-05 02:44:07",49
"2018-07-05 03:44:07",49
"2018-07-05 04:44:07",49
"2018-07-05 05:44:05",49
"2018-07-05 06:44:06",49
"2018-07-05 07:44:06",49
"2018-07-05 08:44:07",49
"2018-07-05 09:44:06",49
"2018-07-05 10:44:06",49
"2018-07-05 11:44:07",49
"2018-07-05 12:44:06",49
"2018-07-05 13:44:07",49
"2018-07-05 14:44:06",49
"2018-07-05 15:44:07",49
"2018-07-05 16:44:07",49
"2018-07-05 17:44:09",49
"2018-07-05 18:44:06",49
"2018-07-05 19:44:13",49
"2018-07-05 20:44:05",49
"2018-07-05 21:44:07",49
"2018-07-05 22:44:07",49
"2018-07-05 23:44:06",49
"2018-07-06 00:44:06",49
"2018-07-06 01:44:07",49
"2018-07-06 02:44:06",49
"2018-07-06 03:44:07",49
"2018-07-06 04:44:07",49
"2018-07-06 05:44:06",49
"2018-07-06 06:44:06",49
"2018-07-06 07:44:07",49
"2018-07-06 08:44:07",49
"2018-07-06 09:44:06",49
"2018-07-06 10:44:07",49
"2018-07-06 11:44:11",49
"2018-07-06 12:44:07",49
"2018-07-06 13:44:10",49
"2018-07-06 14:44:09",49
"2018-07-06 15:44:09",49
"2018-07-06 16:44:08",49
"2018-07-06 17:44:08",49
"2018-07-06 18:44:06",49
"2018-07-06 19:44:13",49
"2018-07-06 20:44:07",48
"2018-07-06 21:44:07",48
"2018-07-06 22:44:06",48
"2018-07-06 23:44:06",48
"2018-07-07 00:44:07",48
"2018-07-07 01:44:06",48
"2018-07-07 02:44:08",48
"2018-07-07 03:44:07",48
"2018-07-07 04:44:07",48
"2018-07-07 05:44:06",48
"2018-07-07 06:44:07",48
"2018-07-07 07:44:06",48
"2018-07-07 08:44:07",48
"2018-07-07 09:44:06",48
"2018-07-07 10:44:07",48
"2018-07-07 11:44:06",48
"2018-07-07 12:44:07",48
"2018-07-07 13:44:07",48
"2018-07-07 14:44:07",48
"2018-07-07 15:44:07",48
"2018-07-07 16:44:08",48
"2018-07-07 17:44:08",48
"2018-07-07 18:44:09",48
"2018-07-07 19:44:13",48
"2018-07-07 20:44:07",48
"2018-07-07 21:44:06",48
"2018-07-07 22:44:08",48
"2018-07-07 23:44:07",48
"2018-07-08 00:44:07",48
"2018-07-08 01:44:07",48
"2018-07-08 02:44:08",48
"2018-07-08 03:44:08",48
"2018-07-08 04:44:09",48
"2018-07-08 05:44:08",48
"2018-07-08 06:44:07",48
"2018-07-08 07:44:07",48
"2018-07-08 08:44:06",48
"2018-07-08 09:44:07",48
"2018-07-08 10:44:06",48
"2018-07-08 11:44:07",48
"2018-07-08 12:44:08",48
"2018-07-08 13:44:07",48
"2018-07-08 14:44:07",48
"2018-07-08 15:44:07",48
"2018-07-08 16:44:07",48
"2018-07-08 17:44:07",48
"2018-07-08 18:44:08",48
"2018-07-08 19:44:16",48
"2018-07-08 20:44:08",48
"2018-07-08 21:44:07",48
"2018-07-08 22:44:07",48
"2018-07-08 23:44:07",48
"2018-07-09 00:44:07",48
"2018-07-09 01:44:07",48
"2018-07-09 02:44:07",48
"2018-07-09 03:44:09",48
"2018-07-09 04:44:06",48
"2018-07-09 05:44:07",48
"2018-07-09 06:44:06",48
"2018-07-09 07:44:06",48
"2018-07-09 08:44:07",48
"2018-07-09 09:44:07",48
"2018-07-09 10:44:07",48
"2018-07-09 11:44:06",48
"2018-07-09 12:44:07",48
"2018-07-09 13:44:14",48
"2018-07-09 14:44:07",48
"2018-07-09 15:44:08",48
"2018-07-09 16:44:08",48
"2018-07-09 17:44:08",48
"2018-07-09 18:44:09",48
"2018-07-09 19:44:30",48
"2018-07-09 20:44:07",49
"2018-07-09 21:44:07",49
"2018-07-09 22:44:07",49
"2018-07-09 23:44:07",49
"2018-07-10 00:44:07",49
"2018-07-10 01:44:09",49
"2018-07-10 02:44:07",49
"2018-07-10 03:44:08",49
"2018-07-10 04:44:08",49
"2018-07-10 05:44:08",49
"2018-07-10 06:44:07",49
"2018-07-10 07:44:07",49
"2018-07-10 08:44:07",49
"2018-07-10 09:44:07",49
"2018-07-10 10:44:06",49
"2018-07-10 11:44:07",49
"2018-07-10 12:44:06",49
"2018-07-10 13:44:15",49
"2018-07-10 14:44:11",49
"2018-07-10 15:44:08",49
"2018-07-10 16:44:07",49
"2018-07-10 17:44:09",49
"2018-07-10 18:44:07",49
"2018-07-10 19:44:14",49
"2018-07-10 20:44:07",49
"2018-07-10 21:44:07",49
"2018-07-10 22:44:13",49
"2018-07-10 23:44:08",49
"2018-07-11 00:44:08",49
"2018-07-11 01:44:08",49
"2018-07-11 02:44:08",49
"2018-07-11 03:44:08",49
"2018-07-11 04:44:08",49
"2018-07-11 05:44:08",49
"2018-07-11 06:44:08",49
"2018-07-11 07:44:07",49
"2018-07-11 08:44:07",49
"2018-07-11 09:44:07",49
"2018-07-11 10:44:07",49
"2018-07-11 11:44:06",49
"2018-07-11 12:44:06",49
"2018-07-11 13:44:10",49
"2018-07-11 14:44:09",49
"2018-07-11 15:44:08",49
"2018-07-11 16:44:07",49
"2018-07-11 17:44:07",49
"2018-07-11 18:44:07",49
"2018-07-11 19:44:10",49
"2018-07-11 20:44:07",49
"2018-07-11 21:44:06",49
"2018-07-11 22:44:07",49
"2018-07-11 23:44:08",49
"2018-07-12 00:44:08",49
"2018-07-12 01:44:06",49
"2018-07-12 02:44:08",49
"2018-07-12 03:44:07",49
"2018-07-12 04:44:08",49
"2018-07-12 05:44:09",49
"2018-07-12 06:44:08",49
"2018-07-12 07:44:07",49
"2018-07-12 08:44:07",49
"2018-07-12 09:44:08",49
"2018-07-12 10:44:06",49
"2018-07-12 11:44:06",49
"2018-07-12 12:44:07",49
"2018-07-12 13:44:11",49
"2018-07-12 14:44:09",50
"2018-07-12 15:44:09",50
"2018-07-12 16:44:11",50
"2018-07-12 17:44:09",49
"2018-07-12 18:44:10",49
"2018-07-12 19:44:25",49
"2018-07-12 20:44:08",49
"2018-07-12 21:44:08",49
"2018-07-12 22:44:09",49
"2018-07-12 23:44:09",49
"2018-07-13 00:44:09",49
"2018-07-13 01:44:09",49
"2018-07-13 02:44:09",49
"2018-07-13 03:44:09",49
"2018-07-13 04:44:09",49
"2018-07-13 05:44:09",49
"2018-07-13 06:44:09",49
"2018-07-13 07:44:08",49
"2018-07-13 08:44:09",49
"2018-07-13 09:44:08",49
"2018-07-13 10:44:07",49
"2018-07-13 11:44:07",49
"2018-07-13 12:44:08",49
"2018-07-13 13:44:15",49
"2018-07-13 14:44:10",48
"2018-07-13 15:44:11",48
"2018-07-13 16:44:09",47
"2018-07-13 17:44:09",47
"2018-07-13 18:44:10",48
"2018-07-13 19:44:10",48
"2018-07-13 20:44:08",47
"2018-07-13 21:44:07",47
"2018-07-13 22:44:08",47
"2018-07-13 23:44:09",47
"2018-07-14 00:44:08",47
"2018-07-14 01:44:07",47
"2018-07-14 02:44:08",47
"2018-07-14 03:44:09",47
"2018-07-14 04:44:08",47
"2018-07-14 05:44:08",47
"2018-07-14 06:44:08",47
"2018-07-14 07:44:07",47
"2018-07-14 08:44:08",47
"2018-07-14 09:44:08",47
"2018-07-14 10:44:08",47
"2018-07-14 11:44:08",47
"2018-07-14 12:44:08",47
"2018-07-14 13:44:09",47
"2018-07-14 14:44:09",47
"2018-07-14 15:44:08",47
"2018-07-14 16:44:09",47
"2018-07-14 17:44:08",47
"2018-07-14 18:44:09",47
"2018-07-14 19:44:12",47
"2018-07-14 20:44:08",47
"2018-07-14 21:44:08",47
"2018-07-14 22:44:09",47
"2018-07-14 23:44:08",47
"2018-07-15 00:44:07",47
"2018-07-15 01:44:08",47
"2018-07-15 02:44:09",47
"2018-07-15 03:44:08",47
"2018-07-15 04:44:08",47
"2018-07-15 05:44:08",47
"2018-07-15 06:44:08",47
"2018-07-15 07:44:07",47
"2018-07-15 08:44:08",47
"2018-07-15 09:44:08",47
"2018-07-15 10:44:08",47
"2018-07-15 11:44:07",47
"2018-07-15 12:44:08",47
"2018-07-15 13:44:08",47
"2018-07-15 14:44:07",47
"2018-07-15 15:44:09",47
"2018-07-15 16:44:09",47
"2018-07-15 17:44:08",47
"2018-07-15 18:44:08",47
"2018-07-15 19:44:20",47
"2018-07-15 20:44:09",47
"2018-07-15 21:44:15",47
"2018-07-15 22:44:09",47
"2018-07-15 23:44:09",47
"2018-07-16 00:44:08",47
"2018-07-16 01:44:08",47
"2018-07-16 02:44:08",47
"2018-07-16 03:44:09",47
"2018-07-16 04:44:10",47
"2018-07-16 05:44:08",47
"2018-07-16 06:44:09",47
"2018-07-16 07:44:17",47
"2018-07-16 08:44:10",47
"2018-07-16 09:44:07",47
"2018-07-16 10:44:08",47
"2018-07-16 11:44:08",47
"2018-07-16 12:44:07",47
"2018-07-16 13:44:21",47
"2018-07-16 14:44:09",47
"2018-07-16 15:44:10",47
"2018-07-16 16:44:10",47
"2018-07-16 17:44:11",47
"2018-07-16 18:44:10",47
"2018-07-16 19:44:49",47
"2018-07-16 20:44:09",47
"2018-07-16 21:44:09",47
"2018-07-16 22:44:08",47
"2018-07-16 23:44:08",47
"2018-07-17 00:44:20",47
"2018-07-17 01:44:09",47
"2018-07-17 02:44:09",47
"2018-07-17 03:44:08",47
"2018-07-17 04:44:09",47
"2018-07-17 05:44:10",47
"2018-07-17 06:44:09",47
"2018-07-17 07:44:19",47
"2018-07-17 08:44:08",47
"2018-07-17 09:44:08",47
"2018-07-17 10:44:08",47
"2018-07-17 11:44:07",47
"2018-07-17 12:44:08",47
"2018-07-17 13:44:13",47
"2018-07-17 14:44:10",47
"2018-07-17 15:44:09",47
"2018-07-17 16:44:09",47
"2018-07-17 17:44:09",47
"2018-07-17 18:44:10",47
"2018-07-17 19:44:31",47
"2018-07-17 20:44:08",47
"2018-07-17 21:44:08",47
"2018-07-17 22:44:07",47
"2018-07-17 23:44:13",47
"2018-07-18 00:44:14",47
"2018-07-18 01:44:13",47
"2018-07-18 02:44:23",47
"2018-07-18 03:44:15",47
"2018-07-18 04:44:13",47
"2018-07-18 05:44:16",47
"2018-07-18 06:44:13",47
"2018-07-18 07:44:12",47
"2018-07-18 08:44:17",47
"2018-07-18 09:44:12",47
"2018-07-18 10:44:11",47
"2018-07-18 11:44:11",47
"2018-07-18 12:44:12",47
"2018-07-18 13:44:17",47
"2018-07-18 14:44:16",46
"2018-07-18 15:44:13",46
"2018-07-18 16:44:14",46
"2018-07-18 17:44:14",46
"2018-07-18 18:44:13",46
"2018-07-18 19:44:23",46
"2018-07-18 20:44:12",46
"2018-07-18 21:44:12",46
"2018-07-18 22:44:13",46
"2018-07-18 23:44:12",46
"2018-07-19 00:44:13",46
"2018-07-19 01:44:13",46
"2018-07-19 02:44:13",46
"2018-07-19 03:44:18",46
"2018-07-19 04:44:20",46
"2018-07-19 05:44:16",46
"2018-07-19 06:44:16",46
"2018-07-19 07:44:23",46
"2018-07-19 08:44:13",46
"2018-07-19 09:44:13",46
"2018-07-19 10:44:12",46
"2018-07-19 11:44:13",46
"2018-07-19 12:44:12",46
"2018-07-19 13:44:17",46
"2018-07-19 14:44:14",50
"2018-07-19 15:44:16",52
"2018-07-19 16:44:15",53
"2018-07-19 17:44:16",53
"2018-07-19 18:44:16",53
"2018-07-19 19:44:19",53
"2018-07-19 20:44:15",53
"2018-07-19 21:44:14",53
"2018-07-19 22:44:15",53
"2018-07-19 23:44:17",53
"2018-07-20 00:44:15",53
"2018-07-20 01:44:15",53
"2018-07-20 02:44:16",53
"2018-07-20 03:44:19",53
"2018-07-20 04:44:20",53
"2018-07-20 05:44:19",53
"2018-07-20 06:44:18",53
"2018-07-20 07:44:17",53
"2018-07-20 08:44:14",53
"2018-07-20 09:44:26",53
"2018-07-20 10:44:13",53
"2018-07-20 11:44:13",53
"2018-07-20 12:44:12",53
"2018-07-20 14:07:48",54
"2018-07-20 14:44:16",54
"2018-07-20 15:44:17",53
"2018-07-20 16:44:16",52
"2018-07-20 17:44:14",53
"2018-07-20 18:44:17",52
"2018-07-20 19:44:26",52
"2018-07-20 20:44:14",52
"2018-07-20 21:44:14",52
"2018-07-20 22:44:12",52
"2018-07-20 23:44:16",52
"2018-07-21 00:44:14",52
"2018-07-21 01:44:15",52
"2018-07-21 02:44:16",52
"2018-07-21 03:44:22",52
"2018-07-21 04:44:14",52
"2018-07-21 05:44:13",52
"2018-07-21 06:44:14",52
"2018-07-21 07:44:13",52
"2018-07-21 08:44:13",52
"2018-07-21 09:44:15",52
"2018-07-21 10:44:14",52
"2018-07-21 11:44:12",52
"2018-07-21 12:44:13",52
"2018-07-21 13:44:15",52
"2018-07-21 14:44:14",52
"2018-07-21 15:44:14",52
"2018-07-21 16:44:16",52
"2018-07-21 17:44:14",52
"2018-07-21 18:44:15",52
"2018-07-21 19:44:20",52
"2018-07-21 20:44:13",52
"2018-07-21 21:44:13",52
"2018-07-21 22:44:13",52
"2018-07-21 23:44:14",52
"2018-07-22 00:44:14",52
"2018-07-22 01:44:13",52
"2018-07-22 02:44:14",52
"2018-07-22 03:44:16",52
"2018-07-22 04:44:14",52
"2018-07-22 05:44:13",52
"2018-07-22 06:44:29",52
"2018-07-22 07:44:24",52
"2018-07-22 08:44:14",52
"2018-07-22 09:44:12",52
"2018-07-22 10:44:12",52
"2018-07-22 11:44:13",52
"2018-07-22 12:44:15",52
"2018-07-22 13:44:14",52
"2018-07-22 14:44:18",52
"2018-07-22 15:44:14",52
"2018-07-22 16:44:14",52
"2018-07-22 17:44:13",52
"2018-07-22 18:44:13",52
"2018-07-22 19:44:24",52
"2018-07-22 20:44:14",52
"2018-07-22 21:44:14",52
"2018-07-22 22:44:13",52
"2018-07-22 23:44:13",52
"2018-07-23 00:44:14",52
"2018-07-23 01:44:13",52
"2018-07-23 02:44:15",52
"2018-07-23 03:44:14",52
"2018-07-23 04:44:13",52
"2018-07-23 05:44:12",52
"2018-07-23 06:44:13",52
"2018-07-23 07:44:14",52
"2018-07-23 08:44:16",52
"2018-07-23 09:44:19",52
"2018-07-23 23:44:27",53
"2018-07-24 00:44:13",53
"2018-07-24 01:44:13",53
"2018-07-24 02:44:14",53
"2018-07-24 03:44:13",53
"2018-07-24 04:44:12",53
"2018-07-24 05:44:12",53
"2018-07-24 06:44:13",53
"2018-07-24 07:44:12",53
"2018-07-24 08:44:12",53
"2018-07-24 09:44:11",53
"2018-07-24 10:44:12",53
"2018-07-24 11:44:12",53
"2018-07-24 12:44:13",53
"2018-07-24 13:44:25",53
"2018-07-24 14:44:13",53
"2018-07-24 15:44:13",53
"2018-07-24 16:44:15",52
"2018-07-24 17:44:14",52
"2018-07-24 18:44:13",52
"2018-07-24 19:44:13",52
"2018-07-24 20:44:11",52
"2018-07-24 21:44:12",52
"2018-07-24 22:44:12",52
"2018-07-24 23:44:12",52
"2018-07-25 00:44:13",52
"2018-07-25 01:44:12",52
"2018-07-25 02:44:12",52
"2018-07-25 03:44:13",52
"2018-07-25 04:44:13",52
"2018-07-25 05:44:12",52
"2018-07-25 06:44:12",52
"2018-07-25 07:44:11",52
"2018-07-25 08:44:13",52
"2018-07-25 09:44:12",52
"2018-07-25 10:44:11",52
"2018-07-25 11:44:11",52
"2018-07-25 12:44:12",52
"2018-07-25 13:44:20",52
"2018-07-25 14:44:15",54
"2018-07-25 15:44:16",54
"2018-07-25 16:44:16",54
"2018-07-25 17:44:21",54
"2018-07-25 18:44:17",54
"2018-07-25 19:44:16",55
"2018-07-25 20:44:15",55
"2018-07-25 21:44:16",55
"2018-07-25 22:44:14",55
"2018-07-25 23:44:13",55
"2018-07-26 00:44:13",55
"2018-07-26 01:44:14",55
"2018-07-26 02:44:15",55
"2018-07-26 03:44:15",55
"2018-07-26 04:44:14",55
"2018-07-26 05:44:14",55
"2018-07-26 06:44:14",55
"2018-07-26 07:44:13",55
"2018-07-26 08:44:13",55
"2018-07-26 09:44:14",55
"2018-07-26 10:44:14",55
"2018-07-26 11:44:13",55
"2018-07-26 12:44:14",55
"2018-07-26 14:44:17",56
"2018-07-26 15:44:16",57
"2018-07-26 16:44:15",56
"2018-07-26 17:44:15",56
"2018-07-26 18:44:16",56
"2018-07-26 19:44:16",56
"2018-07-26 20:44:15",56
"2018-07-26 21:44:13",56
"2018-07-26 22:44:13",56
"2018-07-26 23:44:14",56
"2018-07-27 00:44:14",56
"2018-07-27 01:44:15",56
"2018-07-27 02:44:13",56
"2018-07-27 03:44:14",56
"2018-07-27 04:44:15",56
"2018-07-27 05:44:15",56
"2018-07-27 06:44:14",56
"2018-07-27 07:44:14",56
"2018-07-27 08:44:13",56
"2018-07-27 09:44:12",56
"2018-07-27 10:44:14",56
"2018-07-27 11:44:13",56
"2018-07-27 12:44:14",56
"2018-07-27 13:44:22",56
"2018-07-27 14:44:17",56
"2018-07-27 15:44:15",56
"2018-07-27 16:44:15",56
"2018-07-27 17:44:16",56
"2018-07-27 18:44:15",56
"2018-07-27 19:44:15",56
"2018-07-27 20:44:14",56
"2018-07-27 21:44:14",56
"2018-07-27 22:44:12",56
"2018-07-27 23:44:13",56
"2018-07-28 00:44:14",56
"2018-07-28 01:44:13",56
"2018-07-28 02:44:13",56
"2018-07-28 03:44:14",56
"2018-07-28 04:44:13",56
"2018-07-28 05:44:14",56
"2018-07-28 06:44:14",56
"2018-07-28 07:44:13",56
"2018-07-28 08:44:13",56
"2018-07-28 09:44:14",56
"2018-07-28 10:44:12",56
"2018-07-28 11:44:12",56
"2018-07-28 12:44:13",56
"2018-07-28 13:44:13",56
"2018-07-28 14:44:13",56
"2018-07-28 15:44:14",56
"2018-07-28 16:44:14",56
"2018-07-28 17:44:14",56
"2018-07-28 18:44:14",56
"2018-07-28 19:44:34",56
"2018-07-28 20:44:26",56
"2018-07-28 21:44:14",56
"2018-07-28 22:44:13",56
"2018-07-28 23:44:14",56
"2018-07-29 00:44:13",56
"2018-07-29 01:44:14",56
"2018-07-29 02:44:13",56
"2018-07-29 03:44:13",56
"2018-07-29 04:44:14",56
"2018-07-29 05:44:14",56
"2018-07-29 06:44:14",56
"2018-07-29 07:44:13",56
"2018-07-29 08:44:13",56
"2018-07-29 09:44:13",56
"2018-07-29 10:44:14",56
"2018-07-29 11:44:12",56
"2018-07-29 12:44:14",56
"2018-07-29 13:44:15",56
"2018-07-29 14:44:13",56
"2018-07-29 15:44:12",56
"2018-07-29 16:44:15",56
"2018-07-29 17:44:14",56
"2018-07-29 18:44:13",56
"2018-07-29 19:44:15",56
"2018-07-29 20:44:14",56
"2018-07-29 21:44:15",56
"2018-07-29 22:44:15",56
"2018-07-29 23:44:14",56
"2018-07-30 00:44:13",56
"2018-07-30 01:44:14",56
"2018-07-30 02:44:13",56
"2018-07-30 03:44:14",56
"2018-07-30 04:44:13",56
"2018-07-30 05:44:13",56
"2018-07-30 06:44:12",56
"2018-07-30 07:44:13",56
"2018-07-30 08:44:14",56
"2018-07-30 09:44:14",56
"2018-07-30 10:44:12",56
"2018-07-30 11:44:13",56
"2018-07-30 12:44:14",56
"2018-07-30 13:44:22",56
"2018-07-30 14:44:18",55
"2018-07-30 15:44:16",56
"2018-07-30 16:44:17",56
"2018-07-30 17:44:17",56
"2018-07-30 18:44:14",56
"2018-07-30 19:44:17",56
"2018-07-30 20:44:14",57
"2018-07-30 21:44:15",57
"2018-07-30 22:44:16",57
"2018-07-30 23:44:14",57
"2018-07-31 00:44:16",57
"2018-07-31 01:44:15",57
"2018-07-31 02:44:15",57
"2018-07-31 03:44:15",57
"2018-07-31 04:44:14",57
"2018-07-31 05:44:15",57
"2018-07-31 06:44:15",57
"2018-07-31 07:44:15",57
"2018-07-31 08:44:40",57
"2018-07-31 09:51:11",57
"2018-07-31 10:44:14",57
"2018-07-31 11:44:14",57
"2018-07-31 12:44:13",57
"2018-07-31 13:44:23",57
"2018-07-31 14:44:16",57
"2018-07-31 15:44:16",57
"2018-07-31 16:44:16",57
"2018-07-31 17:44:15",57
"2018-07-31 18:44:15",57
"2018-07-31 19:44:17",57
"2018-07-31 20:44:16",57
"2018-07-31 21:44:14",57
"2018-07-31 22:44:15",57
"2018-07-31 23:44:16",57
"2018-08-01 00:44:16",57
"2018-08-01 01:44:14",57
"2018-08-01 02:44:14",57
"2018-08-01 03:44:15",57
"2018-08-01 04:44:15",57
"2018-08-01 05:44:15",57
"2018-08-01 06:44:14",57
"2018-08-01 07:44:14",57
"2018-08-01 08:44:15",57
"2018-08-01 09:44:15",57
"2018-08-01 10:44:13",57
"2018-08-01 11:44:14",57
"2018-08-01 12:44:13",57
"2018-08-01 14:09:22",57
"2018-08-01 14:44:16",57
"2018-08-01 15:44:17",57
"2018-08-01 16:44:17",57
"2018-08-01 17:44:17",57
"2018-08-01 18:44:15",57
"2018-08-01 19:45:45",57
"2018-08-01 20:44:14",57
"2018-08-01 21:44:14",57
"2018-08-01 22:44:14",57
"2018-08-01 23:44:14",57
"2018-08-02 00:44:16",57
"2018-08-02 01:44:15",57
"2018-08-02 02:44:15",57
"2018-08-02 03:44:15",57
"2018-08-02 04:44:16",57
"2018-08-02 05:44:14",57
"2018-08-02 06:44:14",57
"2018-08-02 07:44:14",57
"2018-08-02 08:44:14",57
"2018-08-02 09:44:15",57
"2018-08-02 10:44:15",57
"2018-08-02 11:44:14",57
"2018-08-02 12:44:14",57
"2018-08-02 13:44:20",57
"2018-08-02 14:44:18",57
"2018-08-02 15:44:18",57
"2018-08-02 16:44:15",57
"2018-08-02 17:44:17",57
"2018-08-02 18:44:16",57
"2018-08-02 19:44:17",57
"2018-08-02 20:44:15",57
"2018-08-02 21:44:14",57
"2018-08-02 22:44:14",57
"2018-08-02 23:44:14",57
"2018-08-03 00:44:15",57
"2018-08-03 01:44:16",57
"2018-08-03 02:44:15",57
"2018-08-03 03:44:15",57
"2018-08-03 04:44:15",57
"2018-08-03 05:44:15",57
"2018-08-03 06:44:15",57
"2018-08-03 07:44:14",57
"2018-08-03 08:44:15",57
"2018-08-03 09:44:15",57
"2018-08-03 10:44:15",57
"2018-08-03 11:46:16",57
"2018-08-03 13:09:14",57
"2018-08-03 13:44:21",57
"2018-08-03 14:44:16",57
"2018-08-03 15:44:15",56
"2018-08-03 16:44:16",56
"2018-08-03 17:44:15",56
"2018-08-03 18:44:15",56
"2018-08-03 19:44:15",56
"2018-08-03 20:44:15",55
"2018-08-03 21:44:14",55
"2018-08-03 22:44:14",55
"2018-08-03 23:44:15",55
"2018-08-04 00:44:14",55
"2018-08-04 01:44:14",55
"2018-08-04 02:44:15",55
"2018-08-04 03:44:14",55
"2018-08-04 04:44:14",55
"2018-08-04 05:44:15",55
"2018-08-04 06:44:15",55
"2018-08-04 07:44:15",55
"2018-08-04 08:44:14",55
"2018-08-04 09:44:15",55
"2018-08-04 10:44:15",55
"2018-08-04 11:44:14",55
"2018-08-04 12:44:13",55
"2018-08-04 13:44:16",55
"2018-08-04 14:44:14",55
"2018-08-04 15:44:15",55
"2018-08-04 16:44:14",55
"2018-08-04 17:44:15",55
"2018-08-04 18:44:15",55
"2018-08-04 19:44:15",55
"2018-08-04 20:44:14",55
"2018-08-04 21:44:14",55
"2018-08-04 22:44:13",55
"2018-08-04 23:44:16",55
"2018-08-05 00:44:13",55
"2018-08-05 01:44:14",55
"2018-08-05 02:44:15",55
"2018-08-05 03:44:14",55
"2018-08-05 04:44:14",55
"2018-08-05 05:44:14",55
"2018-08-05 06:44:15",55
"2018-08-05 07:44:14",55
"2018-08-05 08:44:14",55
"2018-08-05 09:44:14",55
"2018-08-05 10:44:14",55
"2018-08-05 11:44:14",55
"2018-08-05 12:44:14",55
"2018-08-05 13:44:14",55
"2018-08-05 14:44:14",55
"2018-08-05 15:44:15",55
"2018-08-05 16:44:16",55
"2018-08-05 17:44:14",55
"2018-08-05 18:44:14",55
"2018-08-05 19:44:15",55
"2018-08-05 20:44:14",55
"2018-08-05 21:44:15",55
"2018-08-05 22:44:14",55
"2018-08-05 23:44:15",55
"2018-08-06 00:44:15",55
"2018-08-06 01:44:13",55
"2018-08-06 02:44:14",55
"2018-08-06 03:44:14",55
"2018-08-06 04:44:14",55
"2018-08-06 05:44:14",55
"2018-08-06 06:44:14",55
"2018-08-06 07:44:15",55
"2018-08-06 08:44:15",55
"2018-08-06 09:44:14",55
"2018-08-06 10:44:15",55
"2018-08-06 11:44:13",55
"2018-08-06 12:44:14",55
"2018-08-06 13:44:18",55
"2018-08-06 14:44:16",55
"2018-08-06 15:44:15",55
"2018-08-06 16:44:40",55
"2018-08-06 17:44:17",55
"2018-08-06 18:44:17",55
"2018-08-06 19:44:16",55
"2018-08-06 20:44:16",55
"2018-08-06 21:44:18",55
"2018-08-06 22:44:15",55
"2018-08-06 23:44:15",55
"2018-08-07 00:44:16",55
"2018-08-07 01:44:16",55
"2018-08-07 02:44:17",55
"2018-08-07 03:44:18",55
"2018-08-07 04:44:16",55
"2018-08-07 05:44:15",55
"2018-08-07 06:44:15",55
"2018-08-07 07:44:15",55
"2018-08-07 08:44:15",55
"2018-08-07 09:44:14",55
"2018-08-07 10:44:14",55
"2018-08-07 11:44:15",55
"2018-08-07 12:44:15",55
"2018-08-07 13:44:22",55
"2018-08-07 14:44:16",54
"2018-08-07 15:44:16",55
"2018-08-07 16:44:15",55
"2018-08-07 17:44:18",54
"2018-08-07 18:44:17",54
"2018-08-07 19:44:18",54
"2018-08-07 20:44:16",55
"2018-08-07 21:44:16",55
"2018-08-07 22:44:15",55
"2018-08-07 23:44:15",55
"2018-08-08 00:44:16",55
"2018-08-08 01:44:18",55
"2018-08-08 02:44:16",55
"2018-08-08 03:44:16",55
"2018-08-08 04:44:15",55
"2018-08-08 05:44:17",55
"2018-08-08 06:44:16",55
"2018-08-08 07:44:17",55
"2018-08-08 08:44:17",55
"2018-08-08 09:44:17",55
"2018-08-08 10:44:17",55
"2018-08-08 11:44:17",55
"2018-08-08 12:44:17",55
"2018-08-08 13:44:20",55
"2018-08-08 14:44:16",55
"2018-08-08 15:44:18",54
"2018-08-08 16:44:18",54
"2018-08-08 17:44:16",54
"2018-08-08 18:44:15",54
"2018-08-08 19:44:16",53
"2018-08-08 20:44:15",55
"2018-08-08 21:44:15",55
"2018-08-08 22:44:15",55
"2018-08-08 23:44:15",55
"2018-08-10 00:22:32",56
"2018-08-10 00:44:20",56
"2018-08-10 01:44:21",56
"2018-08-10 02:44:20",56
"2018-08-10 03:44:16",56
"2018-08-10 04:44:20",56
"2018-08-10 05:44:22",56
"2018-08-10 06:44:19",56
"2018-08-10 07:44:20",56
"2018-08-10 08:44:20",56
"2018-08-10 09:44:19",56
"2018-08-10 10:44:19",56
"2018-08-10 11:44:19",56
"2018-08-10 12:44:18",56
"2018-08-10 13:44:23",56
"2018-08-10 14:44:22",55
"2018-08-10 15:44:21",55
"2018-08-10 16:44:21",55
"2018-08-10 17:44:20",55
"2018-08-10 18:44:19",55
"2018-08-10 19:44:20",55
"2018-08-10 20:44:20",55
"2018-08-10 21:44:20",55
"2018-08-10 22:44:19",55
"2018-08-10 23:44:20",55
"2018-08-11 00:44:20",55
"2018-08-11 01:44:20",55
"2018-08-11 02:44:20",55
"2018-08-11 03:44:20",55
"2018-08-11 04:44:19",55
"2018-08-11 05:44:20",55
"2018-08-11 06:44:19",55
"2018-08-11 07:44:19",55
"2018-08-11 08:44:18",55
"2018-08-11 09:44:19",55
"2018-08-11 10:44:19",55
"2018-08-11 11:44:19",55
"2018-08-11 12:44:19",55
"2018-08-11 13:44:19",55
"2018-08-11 14:44:19",55
"2018-08-11 15:44:20",55
"2018-08-11 16:44:20",55
"2018-08-11 17:44:19",55
"2018-08-11 18:44:21",55
"2018-08-11 19:44:19",55
"2018-08-11 20:44:19",55
"2018-08-11 21:44:20",55
"2018-08-11 22:44:19",55
"2018-08-11 23:44:20",55
"2018-08-12 00:44:20",55
"2018-08-12 01:44:19",55
"2018-08-12 02:44:19",55
"2018-08-12 03:44:19",55
"2018-08-12 04:44:20",55
"2018-08-12 05:44:19",55
"2018-08-12 06:44:18",55
"2018-08-12 07:44:18",55
"2018-08-12 08:44:18",55
"2018-08-12 09:44:18",55
"2018-08-12 10:44:18",55
"2018-08-12 11:44:18",55
"2018-08-12 12:44:19",55
"2018-08-12 13:44:20",55
"2018-08-12 14:44:20",55
"2018-08-12 15:44:21",55
"2018-08-12 16:44:20",55
"2018-08-12 17:44:20",55
"2018-08-12 18:44:20",55
"2018-08-12 19:44:20",55
"2018-08-12 20:44:20",55
"2018-08-12 21:44:19",55
"2018-08-12 22:44:19",55
"2018-08-12 23:44:19",55
"2018-08-13 00:44:19",55
"2018-08-13 01:44:20",55
"2018-08-13 02:44:20",55
"2018-08-13 03:44:20",55
"2018-08-13 04:44:21",55
"2018-08-13 05:44:19",55
"2018-08-13 06:44:19",55
"2018-08-13 07:44:20",55
"2018-08-13 08:44:21",55
"2018-08-13 09:44:20",55
"2018-08-13 10:44:19",55
"2018-08-13 11:44:19",55
"2018-08-13 12:44:19",55
"2018-08-13 13:44:22",55
"2018-08-13 14:44:22",55
"2018-08-13 15:44:23",55
"2018-08-13 16:44:21",55
"2018-08-13 17:44:20",55
"2018-08-13 18:44:20",54
"2018-08-13 19:44:21",54
"2018-08-13 20:44:20",53
"2018-08-13 21:44:20",53
"2018-08-13 22:44:19",53
"2018-08-13 23:44:19",53
"2018-08-14 00:44:21",53
"2018-08-14 01:44:21",53
"2018-08-14 02:44:20",53
"2018-08-14 03:44:19",53
"2018-08-14 04:44:21",53
"2018-08-14 05:44:19",53
"2018-08-14 06:44:20",53
"2018-08-14 07:44:21",53
"2018-08-14 08:44:20",53
"2018-08-14 09:44:19",53
"2018-08-14 10:44:20",53
"2018-08-14 11:44:19",53
"2018-08-14 12:44:20",53
"2018-08-14 13:44:21",53
"2018-08-14 14:44:21",55
"2018-08-14 15:44:21",55
"2018-08-14 16:44:20",55
"2018-08-14 17:44:18",55
"2018-08-14 18:44:20",55
"2018-08-14 19:44:21",55
"2018-08-14 20:44:20",54
"2018-08-14 21:44:19",54
"2018-08-14 22:44:19",54
"2018-08-14 23:44:19",54
"2018-08-15 00:44:20",54
"2018-08-15 01:44:21",54
"2018-08-15 02:44:21",54
"2018-08-15 03:44:21",54
"2018-08-15 04:44:20",54
"2018-08-15 05:44:19",54
"2018-08-15 06:44:21",54
"2018-08-15 07:44:18",54
"2018-08-15 08:44:20",54
"2018-08-15 09:44:20",54
"2018-08-15 10:44:20",54
"2018-08-15 11:44:20",54
"2018-08-15 12:44:19",54
"2018-08-15 14:09:55",54
"2018-08-15 14:44:20",54
"2018-08-15 15:44:21",55
"2018-08-15 16:44:22",56
"2018-08-15 17:44:19",56
"2018-08-15 18:44:19",56
"2018-08-15 19:44:19",56
"2018-08-15 20:44:19",57
"2018-08-15 21:44:19",57
"2018-08-15 22:44:19",57
"2018-08-15 23:44:20",57
"2018-08-16 00:44:21",57
"2018-08-16 01:44:20",57
"2018-08-16 02:44:21",57
"2018-08-16 03:44:21",57
"2018-08-16 04:44:20",57
"2018-08-16 05:44:19",57
"2018-08-16 06:44:19",57
"2018-08-16 07:44:20",57
"2018-08-16 08:44:19",57
"2018-08-16 09:44:19",57
"2018-08-16 10:44:20",57
"2018-08-16 11:44:18",57
"2018-08-16 12:44:18",57
"2018-08-16 13:44:23",57
"2018-08-16 14:44:20",55
"2018-08-16 15:44:21",53
"2018-08-16 16:44:20",53
"2018-08-16 17:44:20",54
"2018-08-16 18:44:19",54
"2018-08-16 19:44:21",54
"2018-08-16 20:44:19",54
"2018-08-16 21:44:19",54
"2018-08-16 22:44:18",54
"2018-08-16 23:44:19",54
"2018-08-17 00:44:19",54
"2018-08-17 01:44:19",54
"2018-08-17 02:44:21",54
"2018-08-17 03:44:20",54
"2018-08-17 04:44:21",54
"2018-08-17 05:44:18",54
"2018-08-17 06:44:18",54
"2018-08-17 07:44:18",54
"2018-08-17 08:44:19",54
"2018-08-17 09:44:18",54
"2018-08-17 10:44:18",54
"2018-08-17 11:44:18",54
"2018-08-17 12:44:18",54
"2018-08-17 13:44:22",54
"2018-08-17 14:44:22",55
"2018-08-17 15:44:21",55
"2018-08-17 16:44:19",55
"2018-08-17 17:44:18",55
"2018-08-17 18:44:19",55
"2018-08-17 19:44:20",55
"2018-08-17 20:45:03",55
"2018-08-17 21:44:19",55
"2018-08-17 22:44:19",55
"2018-08-17 23:44:18",55
"2018-08-18 00:44:19",55
"2018-08-18 01:44:20",55
"2018-08-18 02:44:19",55
"2018-08-18 03:44:20",55
"2018-08-18 04:44:19",55
"2018-08-18 05:44:18",55
"2018-08-18 06:44:19",55
"2018-08-18 07:44:18",55
"2018-08-18 08:44:18",55
"2018-08-18 09:44:18",55
"2018-08-18 10:44:17",55
"2018-08-18 11:44:18",55
"2018-08-18 12:44:20",55
"2018-08-18 13:44:20",55
"2018-08-18 14:44:20",55
"2018-08-18 15:44:20",55
"2018-08-18 16:44:19",55
"2018-08-18 17:44:19",55
"2018-08-18 18:44:19",55
"2018-08-18 19:44:19",55
"2018-08-18 20:44:20",55
"2018-08-18 21:44:18",55
"2018-08-18 22:44:18",55
"2018-08-18 23:44:18",55
"2018-08-19 00:44:19",55
"2018-08-19 01:44:18",55
"2018-08-19 02:44:19",55
"2018-08-19 03:44:18",55
"2018-08-19 04:44:19",55
"2018-08-19 05:44:18",55
"2018-08-19 06:44:18",55
"2018-08-19 07:44:19",55
"2018-08-19 08:44:18",55
"2018-08-19 09:44:18",55
"2018-08-19 10:44:18",55
"2018-08-19 11:44:18",55
"2018-08-19 12:44:19",55
"2018-08-19 13:44:19",55
"2018-08-19 14:44:18",55
"2018-08-19 15:44:19",55
"2018-08-19 16:44:17",55
"2018-08-19 17:44:19",55
"2018-08-19 18:44:19",55
"2018-08-19 19:44:19",55
"2018-08-19 20:44:20",55
"2018-08-19 21:44:21",55
"2018-08-19 22:44:19",55
"2018-08-19 23:44:18",55
"2018-08-20 00:44:19",55
"2018-08-20 01:44:20",55
"2018-08-20 02:44:19",55
"2018-08-20 03:44:18",55
"2018-08-20 04:44:19",55
"2018-08-20 05:44:18",55
"2018-08-20 06:44:19",55
"2018-08-20 07:44:18",55
"2018-08-20 08:44:22",55
"2018-08-20 09:44:18",55
"2018-08-20 10:44:19",55
"2018-08-20 11:44:19",55
"2018-08-20 12:44:18",55
"2018-08-20 13:44:24",55
"2018-08-20 14:44:23",53
"2018-08-20 15:44:22",53
"2018-08-20 16:44:21",53
"2018-08-20 17:44:19",53
"2018-08-20 18:44:19",53
"2018-08-20 19:44:20",53
"2018-08-20 20:44:19",53
"2018-08-20 21:44:18",53
"2018-08-20 22:44:18",53
"2018-08-20 23:44:18",53
"2018-08-21 00:44:19",53
"2018-08-21 01:44:19",53
"2018-08-21 02:44:20",53
"2018-08-21 03:44:20",53
"2018-08-21 04:44:19",53
"2018-08-21 05:44:18",53
"2018-08-21 06:44:19",53
"2018-08-21 07:44:18",53
"2018-08-21 08:44:19",53
"2018-08-21 09:44:18",53
"2018-08-21 10:44:19",53
"2018-08-21 11:44:18",53
"2018-08-21 12:44:18",53
"2018-08-21 13:44:24",53
"2018-08-21 14:44:22",54
"2018-08-21 15:44:21",54
"2018-08-21 16:44:19",54
"2018-08-21 17:44:19",54
"2018-08-21 18:44:20",55
"2018-08-21 19:44:20",55
"2018-08-21 20:44:20",55
"2018-08-21 21:44:18",55
"2018-08-21 22:44:19",55
"2018-08-21 23:44:19",55
"2018-08-22 00:44:19",55
"2018-08-22 01:44:19",55
"2018-08-22 02:44:20",55
"2018-08-22 03:44:20",55
"2018-08-22 04:44:20",55
"2018-08-22 05:44:19",55
"2018-08-22 06:44:18",55
"2018-08-22 07:44:19",55
"2018-08-22 08:44:18",55
"2018-08-22 09:44:19",55
"2018-08-22 10:44:19",55
"2018-08-22 11:44:19",55
"2018-08-22 12:44:18",55
"2018-08-22 13:44:26",55
"2018-08-22 14:44:20",58
"2018-08-22 15:44:20",59
"2018-08-22 16:44:20",60
"2018-08-22 17:44:19",60
"2018-08-22 18:44:20",63
"2018-08-22 19:44:20",63
"2018-08-22 20:44:17",66
"2018-08-22 21:44:18",66
"2018-08-22 22:44:19",66
"2018-08-22 23:44:19",66
"2018-08-23 00:44:19",66
"2018-08-23 01:44:20",66
"2018-08-23 02:44:19",66
"2018-08-23 03:44:20",66
"2018-08-23 04:44:20",66
"2018-08-23 05:44:19",66
"2018-08-23 06:44:18",66
"2018-08-23 07:44:19",66
"2018-08-23 08:44:19",66
"2018-08-23 09:44:18",66
"2018-08-23 10:44:17",66
"2018-08-23 11:44:18",66
"2018-08-23 12:44:19",66
"2018-08-23 13:44:24",66
"2018-08-23 14:44:20",69
"2018-08-23 15:44:20",66
"2018-08-23 16:44:21",66
"2018-08-23 17:44:19",66
"2018-08-23 18:44:21",65
"2018-08-23 19:44:20",65
"2018-08-23 20:44:21",65
"2018-08-23 21:44:18",65
"2018-08-23 22:44:19",65
"2018-08-23 23:44:19",65
"2018-08-24 00:44:19",65
"2018-08-24 01:44:20",65
"2018-08-24 02:44:19",65
"2018-08-24 03:44:18",65
"2018-08-24 20:02:40",65
"2018-08-24 20:44:20",65
"2018-08-24 21:44:20",65
"2018-08-24 22:44:19",65
"2018-08-24 23:44:19",65
"2018-08-25 00:44:19",65
"2018-08-25 01:44:19",65
"2018-08-25 02:44:20",65
"2018-08-25 03:44:20",65
"2018-08-25 04:44:19",65
"2018-08-25 05:44:19",65
"2018-08-25 06:44:19",65
"2018-08-25 07:44:18",65
"2018-08-25 08:44:19",65
"2018-08-25 09:44:18",65
"2018-08-25 10:44:20",65
"2018-08-25 11:44:18",65
"2018-08-25 12:44:19",65
"2018-08-25 13:44:20",65
"2018-08-25 14:44:20",65
"2018-08-25 15:44:19",65
"2018-08-25 16:44:19",65
"2018-08-25 17:44:21",65
"2018-08-25 18:44:20",65
"2018-08-25 19:44:19",65
"2018-08-25 20:44:19",65
"2018-08-25 21:44:19",65
"2018-08-25 22:44:20",65
"2018-08-25 23:44:19",65
"2018-08-26 00:44:20",65
"2018-08-26 01:44:19",65
"2018-08-26 02:44:21",65
"2018-08-26 03:44:19",65
"2018-08-26 04:44:19",65
"2018-08-26 05:44:18",65
"2018-08-26 06:44:19",65
"2018-08-26 07:44:19",65
"2018-08-26 08:44:18",65
"2018-08-26 09:44:18",65
"2018-08-26 10:44:19",65
"2018-08-26 11:44:19",65
"2018-08-26 12:44:20",65
"2018-08-26 13:44:19",65
"2018-08-26 14:44:18",65
"2018-08-26 15:44:18",65
"2018-08-26 16:44:19",65
"2018-08-26 17:44:19",65
"2018-08-26 18:44:19",65
"2018-08-26 19:44:19",65
"2018-08-26 20:44:20",65
"2018-08-26 21:44:18",65
"2018-08-26 22:44:20",65
"2018-08-26 23:44:19",65
"2018-08-27 00:44:19",65
"2018-08-27 01:44:19",65
"2018-08-27 02:44:19",65
"2018-08-27 03:44:19",65
"2018-08-27 04:44:19",65
"2018-08-27 05:44:20",65
"2018-08-27 06:44:19",65
"2018-08-27 07:44:18",65
"2018-08-27 08:44:19",65
"2018-08-27 09:44:18",65
"2018-08-27 10:44:18",65
"2018-08-27 11:44:17",65
"2018-08-27 12:44:18",65
"2018-08-27 14:08:25",67
"2018-08-27 14:44:22",67
"2018-08-27 15:44:20",67
"2018-08-27 16:44:22",68
"2018-08-27 17:44:21",68
"2018-08-27 18:44:20",68
"2018-08-27 19:44:22",68
"2018-08-27 20:44:20",68
"2018-08-27 21:44:19",68
"2018-08-27 22:44:20",68
"2018-08-27 23:44:19",68
"2018-08-28 00:44:19",68
"2018-08-28 01:44:20",68
"2018-08-28 02:44:19",68
"2018-08-28 03:44:19",68
"2018-08-28 04:44:20",68
"2018-08-28 05:44:19",68
"2018-08-28 06:44:20",68
"2018-08-28 07:44:19",68
"2018-08-28 08:44:18",68
"2018-08-28 09:44:19",68
"2018-08-28 10:44:19",68
"2018-08-28 11:44:19",68
"2018-08-28 12:44:19",68
"2018-08-28 13:44:36",69
"2018-08-28 14:44:32",68
"2018-08-28 15:44:32",68
"2018-08-28 16:44:32",67
"2018-08-28 17:44:33",67
"2018-08-28 18:44:34",67
"2018-08-28 19:44:32",67
"2018-08-28 20:44:31",67
"2018-08-28 21:44:31",67
"2018-08-28 22:44:32",67
"2018-08-28 23:44:31",67
"2018-08-29 00:44:33",67
"2018-08-29 01:44:32",67
"2018-08-29 02:44:31",67
"2018-08-29 03:44:31",67
"2018-08-29 04:44:31",67
"2018-08-29 05:44:30",67
"2018-08-29 06:44:30",67
"2018-08-29 07:44:31",67
"2018-08-29 08:44:31",67
"2018-08-29 09:44:30",67
"2018-08-29 10:44:30",67
"2018-08-29 11:44:29",67
"2018-08-29 12:44:31",67
"2018-08-29 14:08:10",68
"2018-08-29 14:44:34",68
"2018-08-29 15:44:32",68
"2018-08-29 16:44:31",68
"2018-08-29 17:44:34",67
"2018-08-29 18:44:35",67
"2018-08-29 19:44:32",66
"2018-08-29 20:44:30",66
"2018-08-29 21:44:30",66
"2018-08-29 22:44:30",66
"2018-08-29 23:44:31",66
"2018-08-30 00:45:16",66
"2018-08-30 01:45:15",66
"2018-08-30 02:44:32",66
"2018-08-30 03:44:32",66
"2018-08-30 04:44:31",66
"2018-08-30 05:44:31",66
"2018-08-30 06:44:31",66
"2018-08-30 07:44:31",66
"2018-08-30 08:44:35",66
"2018-08-30 09:44:31",66
"2018-08-30 10:44:31",66
"2018-08-30 11:44:30",66
"2018-08-30 12:44:30",66
"2018-08-30 13:44:39",66
"2018-08-30 14:44:32",65
"2018-08-30 15:44:31",65
"2018-08-30 16:44:32",64
"2018-08-30 17:44:31",63
"2018-08-30 18:44:33",63
"2018-08-30 19:44:32",63
"2018-08-30 20:44:29",63
"2018-08-30 21:44:30",63
"2018-08-30 22:44:30",63
"2018-08-30 23:44:30",63
"2018-08-31 00:44:32",63
"2018-08-31 01:44:31",63
"2018-08-31 02:44:30",63
"2018-08-31 03:44:31",63
"2018-08-31 04:44:31",63
"2018-08-31 05:44:32",63
"2018-08-31 06:44:31",63
"2018-08-31 07:44:31",63
"2018-08-31 08:44:30",63
"2018-08-31 09:44:31",63
"2018-08-31 10:44:30",63
"2018-08-31 11:44:32",63
"2018-08-31 12:44:32",63
"2018-08-31 13:44:36",63
"2018-08-31 14:44:32",63
"2018-08-31 15:44:32",63
"2018-08-31 16:44:30",63
"2018-08-31 17:44:32",64
"2018-08-31 18:44:32",64
"2018-08-31 19:44:32",64
"2018-08-31 20:44:32",64
"2018-08-31 21:44:30",64
"2018-08-31 22:44:30",64
"2018-08-31 23:44:30",64
"2018-09-01 00:44:31",64
"2018-09-01 01:44:31",64
"2018-09-01 02:44:31",64
"2018-09-01 03:44:31",64
"2018-09-01 04:44:32",64
"2018-09-01 05:44:31",64
"2018-09-01 06:44:31",64
"2018-09-01 07:44:31",64
"2018-09-01 08:44:31",64
"2018-09-01 09:44:30",64
"2018-09-01 10:44:31",64
"2018-09-01 11:44:31",64
"2018-09-01 12:44:31",64
"2018-09-01 13:44:32",64
"2018-09-01 14:44:34",64
"2018-09-01 15:44:31",64
"2018-09-01 16:44:31",64
"2018-09-01 17:44:30",64
"2018-09-01 18:44:31",64
"2018-09-01 19:44:31",64
"2018-09-01 20:44:30",64
"2018-09-01 21:44:30",64
"2018-09-01 22:44:32",64
"2018-09-01 23:44:31",64
"2018-09-02 00:44:32",64
"2018-09-02 01:44:31",64
"2018-09-02 02:44:31",64
"2018-09-02 03:44:32",64
"2018-09-02 04:44:31",64
"2018-09-02 05:44:31",64
"2018-09-02 06:44:31",64
"2018-09-02 07:44:30",64
"2018-09-02 08:44:31",64
"2018-09-02 09:44:30",64
"2018-09-02 10:44:30",64
"2018-09-02 11:44:31",64
"2018-09-02 12:44:30",64
"2018-09-02 13:44:31",64
"2018-09-02 14:44:32",64
"2018-09-02 15:44:32",64
"2018-09-02 16:44:32",64
"2018-09-02 17:44:31",64
"2018-09-02 18:44:30",64
"2018-09-02 19:44:30",64
"2018-09-02 20:44:30",64
"2018-09-02 21:44:31",64
"2018-09-02 22:44:32",64
"2018-09-02 23:44:32",64
"2018-09-03 00:44:31",64
"2018-09-03 01:44:32",64
"2018-09-03 02:44:32",64
"2018-09-03 03:44:31",64
"2018-09-03 04:44:31",64
"2018-09-03 05:44:31",64
"2018-09-03 06:44:30",64
"2018-09-03 07:44:31",64
"2018-09-03 08:44:34",64
"2018-09-03 09:44:31",64
"2018-09-03 10:44:30",64
"2018-09-03 11:44:32",64
"2018-09-03 12:44:30",64
"2018-09-03 13:44:31",64
"2018-09-03 14:44:30",64
"2018-09-03 15:44:29",64
"2018-09-03 16:44:30",64
"2018-09-03 17:44:30",64
"2018-09-03 18:44:31",64
"2018-09-03 19:44:29",64
"2018-09-03 20:44:32",64
"2018-09-03 21:44:30",64
"2018-09-03 22:44:31",64
"2018-09-03 23:44:29",64
"2018-09-04 00:44:31",64
"2018-09-04 01:44:31",64
"2018-09-04 02:44:31",64
"2018-09-04 03:44:31",64
"2018-09-04 04:44:30",64
"2018-09-04 05:44:31",64
"2018-09-04 06:44:31",64
"2018-09-04 07:44:32",64
"2018-09-04 08:44:31",64
"2018-09-04 09:44:30",64
"2018-09-04 10:44:31",64
"2018-09-04 11:44:29",64
"2018-09-04 12:44:31",64
"2018-09-04 13:44:38",64
"2018-09-04 14:44:33",65
"2018-09-04 15:44:32",64
"2018-09-04 16:44:35",64
"2018-09-04 17:44:32",65
"2018-09-04 18:44:33",64
"2018-09-04 19:44:34",64
"2018-09-04 20:44:32",64
"2018-09-04 21:44:30",64
"2018-09-04 22:44:31",64
"2018-09-04 23:44:31",64
"2018-09-05 00:44:31",64
"2018-09-05 01:44:31",64
"2018-09-05 02:44:32",64
"2018-09-05 03:44:30",64
"2018-09-05 04:44:30",64
"2018-09-05 05:44:31",64
"2018-09-05 06:44:30",64
"2018-09-05 07:44:31",64
"2018-09-05 08:44:31",64
"2018-09-05 09:44:31",64
"2018-09-05 10:44:29",64
"2018-09-05 11:44:34",64
"2018-09-05 12:44:30",64
"2018-09-05 13:44:44",64
"2018-09-05 14:44:37",64
"2018-09-05 15:44:32",64
"2018-09-05 16:44:32",64
"2018-09-05 17:44:33",64
"2018-09-05 18:44:34",64
"2018-09-05 19:44:33",64
"2018-09-05 20:44:30",64
"2018-09-05 21:44:30",64
"2018-09-05 22:44:30",64
"2018-09-05 23:44:31",64
"2018-09-06 00:44:32",64
"2018-09-06 01:44:31",64
"2018-09-06 02:44:32",64
"2018-09-06 03:44:31",64
"2018-09-06 04:44:32",64
"2018-09-06 05:44:33",64
"2018-09-06 06:44:31",64
"2018-09-06 07:44:30",64
"2018-09-06 08:44:31",64
"2018-09-06 09:44:30",64
"2018-09-06 10:44:30",64
"2018-09-06 11:44:31",64
"2018-09-06 13:09:36",64
"2018-09-06 13:44:40",64
"2018-09-06 14:44:33",64
"2018-09-06 15:44:34",64
"2018-09-06 16:44:34",64
"2018-09-06 17:44:32",64
"2018-09-06 18:44:32",64
"2018-09-06 19:44:33",65
"2018-09-06 20:44:31",65
"2018-09-06 21:44:30",65
"2018-09-06 22:44:31",65
"2018-09-06 23:44:33",65
"2018-09-07 00:44:32",65
"2018-09-07 01:44:32",65
"2018-09-07 02:44:33",65
"2018-09-07 03:44:32",65
"2018-09-07 04:44:32",65
"2018-09-07 05:44:36",65
"2018-09-07 06:44:36",65
"2018-09-07 08:44:35",65
"2018-09-07 09:44:35",65
"2018-09-07 10:44:34",65
"2018-09-07 11:44:32",65
"2018-09-07 12:44:32",65
"2018-09-07 13:44:40",65
"2018-09-07 14:44:32",65
"2018-09-07 15:44:34",65
"2018-09-07 16:44:34",66
"2018-09-07 17:44:34",66
"2018-09-07 18:44:32",66
"2018-09-07 19:44:33",66
"2018-09-07 20:44:32",66
"2018-09-07 21:44:30",66
"2018-09-07 22:44:30",66
"2018-09-07 23:44:30",66
"2018-09-08 00:44:31",66
"2018-09-08 01:44:30",66
"2018-09-08 02:44:32",66
"2018-09-08 03:44:31",66
"2018-09-08 04:44:30",66
"2018-09-08 05:44:31",66
"2018-09-08 06:44:31",66
"2018-09-08 07:44:30",66
"2018-09-08 08:44:30",66
"2018-09-08 09:44:30",66
"2018-09-08 10:44:29",66
"2018-09-08 11:44:30",66
"2018-09-08 12:44:31",66
"2018-09-08 13:44:32",66
"2018-09-08 14:44:30",66
"2018-09-08 15:44:31",66
"2018-09-08 16:44:31",66
"2018-09-08 17:44:31",66
"2018-09-08 18:44:31",66
"2018-09-08 19:44:32",66
"2018-09-08 20:44:31",66
"2018-09-08 21:44:31",66
"2018-09-08 22:44:31",66
"2018-09-08 23:44:32",66
"2018-09-09 00:44:30",66
"2018-09-09 01:44:32",66
"2018-09-09 02:44:32",66
"2018-09-09 03:44:31",66
"2018-09-09 04:44:31",66
"2018-09-09 05:44:30",66
"2018-09-09 06:44:30",66
"2018-09-09 07:44:30",66
"2018-09-09 08:44:31",66
"2018-09-09 09:44:31",66
"2018-09-09 10:44:31",66
"2018-09-09 11:44:31",66
"2018-09-09 12:44:31",66
"2018-09-09 13:44:32",66
"2018-09-09 14:44:32",66
"2018-09-09 15:44:30",66
"2018-09-09 16:44:31",66
"2018-09-09 17:44:31",66
"2018-09-09 18:44:32",66
"2018-09-09 19:44:31",66
"2018-09-09 20:44:30",66
"2018-09-09 21:44:31",66
"2018-09-09 22:44:30",66
"2018-09-09 23:44:31",66
"2018-09-10 00:44:32",66
"2018-09-10 01:44:33",66
"2018-09-10 02:44:32",66
"2018-09-10 03:44:32",66
"2018-09-10 04:44:31",66
"2018-09-10 05:44:30",66
"2018-09-10 06:44:30",66
"2018-09-10 07:44:29",66
"2018-09-10 08:44:30",66
"2018-09-10 09:44:30",66
"2018-09-10 10:44:30",66
"2018-09-10 11:44:30",66
"2018-09-10 12:44:30",66
"2018-09-10 13:44:36",66
"2018-09-10 14:44:32",68
"2018-09-10 15:44:33",73
"2018-09-10 16:44:34",75
"2018-09-10 17:44:32",74
"2018-09-10 18:44:34",76
"2018-09-10 19:44:32",77
"2018-09-10 20:44:31",77
"2018-09-10 21:44:29",77
"2018-09-10 22:44:31",77
"2018-09-10 23:44:31",77
"2018-09-11 00:44:32",77
"2018-09-11 01:44:32",77
"2018-09-11 02:44:32",77
"2018-09-11 03:44:32",77
"2018-09-11 04:44:31",77
"2018-09-11 05:44:32",77
"2018-09-11 06:44:31",77
"2018-09-11 07:44:31",77
"2018-09-11 08:44:31",77
"2018-09-11 09:44:30",77
"2018-09-11 10:44:31",77
"2018-09-11 11:44:29",77
"2018-09-11 12:44:31",77
"2018-09-11 13:44:37",77
"2018-09-11 14:44:32",77
"2018-09-11 15:44:32",76
"2018-09-11 16:44:31",76
"2018-09-11 17:44:32",75
"2018-09-11 18:44:33",75
"2018-09-11 19:44:32",75
"2018-09-11 20:44:30",73
"2018-09-11 21:44:30",73
"2018-09-11 22:44:29",73
"2018-09-11 23:44:31",73
"2018-09-12 00:44:32",73
"2018-09-12 01:44:33",73
"2018-09-12 20:44:36",74
"2018-09-12 21:44:32",74
"2018-09-12 22:44:31",74
"2018-09-12 23:44:31",74
"2018-09-13 00:44:32",74
"2018-09-13 01:44:32",74
"2018-09-13 02:44:37",74
"2018-09-13 03:44:32",74
"2018-09-13 04:44:31",74
"2018-09-13 05:44:33",74
"2018-09-13 06:44:35",74
"2018-09-13 07:44:32",74
"2018-09-13 08:44:32",74
"2018-09-13 09:44:31",74
"2018-09-13 10:44:31",74
"2018-09-13 11:44:31",74
"2018-09-13 12:44:32",74
"2018-09-13 14:44:34",75
"2018-09-13 15:44:34",75
"2018-09-13 16:44:39",76
"2018-09-13 17:44:32",76
"2018-09-13 18:44:34",76
"2018-09-13 19:44:33",76
"2018-09-13 20:44:32",76
"2018-09-13 21:44:31",76
"2018-09-13 22:44:32",76
"2018-09-13 23:44:32",76
"2018-09-14 00:44:33",76
"2018-09-14 01:44:32",76
"2018-09-14 02:44:33",76
"2018-09-14 03:44:33",76
"2018-09-14 04:44:33",76
"2018-09-14 05:44:32",76
"2018-09-14 06:44:31",76
"2018-09-14 07:44:37",76
"2018-09-14 08:44:35",76
"2018-09-14 09:44:34",76
"2018-09-14 10:44:32",76
"2018-09-14 11:44:31",76
"2018-09-14 12:44:34",76
"2018-09-14 13:44:41",76
"2018-09-14 14:44:38",77
"2018-09-14 15:44:39",76
"2018-09-14 16:44:36",77
"2018-09-14 17:44:36",77
"2018-09-14 18:44:34",76
"2018-09-14 19:44:34",76
"2018-09-14 20:44:32",77
"2018-09-14 21:44:31",77
"2018-09-14 22:44:31",77
"2018-09-14 23:44:32",77
"2018-09-15 00:44:33",77
"2018-09-15 01:44:32",77
"2018-09-15 02:44:33",77
"2018-09-15 03:44:32",77
"2018-09-15 04:44:31",77
"2018-09-15 05:44:32",77
"2018-09-15 06:44:30",77
"2018-09-15 07:44:32",77
"2018-09-15 08:44:30",77
"2018-09-15 09:44:32",77
"2018-09-15 10:44:31",77
"2018-09-15 11:44:31",77
"2018-09-15 12:44:33",77
"2018-09-15 13:44:32",77
"2018-09-15 14:44:31",77
"2018-09-15 15:44:32",77
"2018-09-15 16:44:31",77
"2018-09-15 17:44:30",77
"2018-09-15 18:44:31",77
"2018-09-15 19:44:32",77
"2018-09-15 20:44:32",77
"2018-09-15 21:44:31",77
"2018-09-15 22:44:31",77
"2018-09-15 23:44:30",77
"2018-09-16 00:44:31",77
"2018-09-16 01:44:32",77
"2018-09-16 02:44:33",77
"2018-09-16 03:44:31",77
"2018-09-16 04:44:32",77
"2018-09-16 05:44:31",77
"2018-09-16 06:44:32",77
"2018-09-16 07:44:31",77
"2018-09-16 08:44:31",77
"2018-09-16 09:44:31",77
"2018-09-16 10:44:31",77
"2018-09-16 11:44:31",77
"2018-09-16 12:44:31",77
"2018-09-16 13:44:31",77
"2018-09-16 14:44:31",77
"2018-09-16 15:44:32",77
"2018-09-16 16:44:32",77
"2018-09-16 17:44:31",77
"2018-09-16 18:44:32",77
"2018-09-16 19:44:31",77
"2018-09-16 20:44:32",77
"2018-09-16 21:44:31",77
"2018-09-16 22:44:31",77
"2018-09-16 23:44:31",77
"2018-09-17 00:44:32",77
"2018-09-17 01:44:32",77
"2018-09-17 02:44:32",77
"2018-09-17 03:44:32",77
"2018-09-17 04:44:32",77
"2018-09-17 05:44:31",77
"2018-09-17 06:44:31",77
"2018-09-17 07:44:32",77
"2018-09-17 08:44:32",77
"2018-09-17 09:44:31",77
"2018-09-17 10:44:32",77
"2018-09-17 11:44:32",77
"2018-09-17 12:44:31",77
"2018-09-17 13:44:40",77
"2018-09-17 14:44:34",81
"2018-09-17 15:44:40",81
"2018-09-17 16:44:35",82
"2018-09-17 17:44:33",82
"2018-09-17 18:44:33",82
"2018-09-17 19:44:34",82
"2018-09-17 20:44:33",83
"2018-09-17 21:44:33",83
"2018-09-17 22:44:32",83
"2018-09-17 23:44:32",83
"2018-09-18 00:44:32",83
"2018-09-18 01:44:33",83
"2018-09-18 02:44:33",83
"2018-09-18 03:44:33",83
"2018-09-18 04:44:34",83
"2018-09-18 05:44:33",83
"2018-09-18 06:44:33",83
"2018-09-18 07:44:32",83
"2018-09-18 08:44:33",83
"2018-09-18 09:44:32",83
"2018-09-18 10:44:31",83
"2018-09-18 11:44:30",83
"2018-09-18 12:44:33",83
"2018-09-18 13:44:37",83
"2018-09-18 14:44:35",83
"2018-09-18 15:44:33",82
"2018-09-18 16:44:35",82
"2018-09-18 17:44:36",81
"2018-09-18 18:44:39",81
"2018-09-18 19:44:38",81
"2018-09-18 20:44:33",82
"2018-09-18 21:44:32",82
"2018-09-18 22:44:32",82
"2018-09-18 23:44:33",82
"2018-09-19 00:44:35",82
"2018-09-19 01:44:34",82
"2018-09-19 02:44:34",82
"2018-09-19 03:44:33",82
"2018-09-19 04:44:33",82
"2018-09-19 05:44:33",82
"2018-09-19 06:44:34",82
"2018-09-19 07:44:33",82
"2018-09-19 08:44:32",82
"2018-09-19 09:44:33",82
"2018-09-19 10:44:32",82
"2018-09-19 11:44:32",82
"2018-09-19 12:44:32",82
"2018-09-19 13:45:35",82
"2018-09-19 14:44:40",82
"2018-09-19 15:44:39",82
"2018-09-19 16:44:35",82
"2018-09-19 17:44:35",81
"2018-09-19 18:44:34",81
"2018-09-19 19:44:44",81
"2018-09-19 20:44:33",81
"2018-09-19 21:44:33",81
"2018-09-19 22:44:32",81
"2018-09-19 23:44:33",81
"2018-09-20 00:44:33",81
"2018-09-20 01:44:37",81
"2018-09-20 02:44:36",81
"2018-09-20 03:44:38",81
"2018-09-20 04:44:34",81
"2018-09-20 05:44:33",81
"2018-09-20 06:44:33",81
"2018-09-20 07:44:31",81
"2018-09-20 08:44:37",81
"2018-09-20 09:45:18",81
"2018-09-20 10:44:33",81
"2018-09-20 11:44:33",81
"2018-09-20 13:10:39",81
"2018-09-20 14:44:40",79
"2018-09-20 15:44:36",78
"2018-09-20 16:44:34",78
"2018-09-20 17:44:34",77
"2018-09-20 18:44:34",77
"2018-09-20 19:44:35",77
"2018-09-20 20:44:35",76
"2018-09-20 21:44:33",76
"2018-09-20 22:44:32",76
"2018-09-20 23:44:33",76
"2018-09-21 00:44:34",76
"2018-09-21 01:44:33",76
"2018-09-21 02:44:34",76
"2018-09-21 03:44:33",76
"2018-09-21 04:44:36",76
"2018-09-21 06:44:33",76
"2018-09-21 07:44:34",76
"2018-09-21 08:44:33",76
"2018-09-21 09:44:33",76
"2018-09-21 10:44:32",76
"2018-09-21 11:44:33",76
"2018-09-21 13:12:07",76
"2018-09-21 13:44:41",76
"2018-09-21 14:44:35",77
"2018-09-21 15:44:36",82
"2018-09-21 16:44:36",83
"2018-09-21 17:44:35",84
"2018-09-21 18:45:04",85
"2018-09-21 19:44:36",85
"2018-09-21 20:44:33",82
"2018-09-21 21:44:32",82
"2018-09-21 22:44:31",82
"2018-09-21 23:44:33",82
"2018-09-22 00:44:32",82
"2018-09-22 01:44:32",82
"2018-09-22 02:44:32",82
"2018-09-22 03:44:33",82
"2018-09-22 04:44:34",82
"2018-09-22 05:44:33",82
"2018-09-22 06:44:32",82
"2018-09-22 07:44:33",82
"2018-09-22 08:44:31",82
"2018-09-22 09:44:32",82
"2018-09-22 10:44:33",82
"2018-09-22 11:44:33",82
"2018-09-22 12:44:32",82
"2018-09-22 13:44:34",82
"2018-09-22 14:44:34",82
"2018-09-22 15:44:34",82
"2018-09-22 16:44:33",82
"2018-09-22 17:44:33",82
"2018-09-22 18:44:33",82
"2018-09-22 19:44:34",82
"2018-09-22 20:44:33",82
"2018-09-22 21:44:32",82
"2018-09-22 22:44:32",82
"2018-09-22 23:44:33",82
"2018-09-23 00:44:33",82
"2018-09-23 01:44:33",82
"2018-09-23 02:44:33",82
"2018-09-23 03:44:34",82
"2018-09-23 04:44:35",82
"2018-09-23 05:44:33",82
"2018-09-23 06:44:32",82
"2018-09-23 07:44:34",82
"2018-09-23 08:44:32",82
"2018-09-23 09:44:32",82
"2018-09-23 10:44:32",82
"2018-09-23 11:44:34",82
"2018-09-23 12:44:32",82
"2018-09-23 13:44:33",82
"2018-09-23 14:44:34",82
"2018-09-23 15:44:33",82
"2018-09-23 16:44:34",82
"2018-09-23 17:44:32",82
"2018-09-23 18:44:33",82
"2018-09-23 19:44:33",82
"2018-09-23 20:44:32",82
"2018-09-23 21:44:34",82
"2018-09-23 22:44:33",82
"2018-09-23 23:44:33",82
"2018-09-24 00:44:33",82
"2018-09-24 01:44:34",82
"2018-09-24 02:44:33",82
"2018-09-24 03:44:33",82
"2018-09-24 04:44:35",82
"2018-09-24 05:44:33",82
"2018-09-24 06:44:32",82
"2018-09-24 07:44:33",82
"2018-09-24 08:44:32",82
"2018-09-24 09:44:32",82
"2018-09-24 10:44:32",82
"2018-09-24 11:44:33",82
"2018-09-24 12:44:33",82
"2018-09-24 13:44:42",82
"2018-09-24 14:44:35",82
"2018-09-24 15:44:33",80
"2018-09-24 16:44:33",80
"2018-09-24 17:44:34",79
"2018-09-24 18:44:34",79
"2018-09-24 19:44:35",79
"2018-09-24 20:44:34",79
"2018-09-24 21:44:33",79
"2018-09-24 22:44:33",79
"2018-09-24 23:44:34",79
"2018-09-25 00:44:34",79
"2018-09-25 01:44:32",79
"2018-09-25 02:44:32",79
"2018-09-25 03:44:32",79
"2018-09-25 04:44:35",79
"2018-09-25 05:44:33",79
"2018-09-25 06:44:33",79
"2018-09-25 07:44:33",79
"2018-09-25 08:44:33",79
"2018-09-25 09:44:32",79
"2018-09-25 10:44:32",79
"2018-09-25 11:44:33",79
"2018-09-25 12:44:33",79
"2018-09-25 13:44:40",79
"2018-09-25 14:44:36",79
"2018-09-25 15:44:34",77
"2018-09-25 16:44:36",77
"2018-09-25 17:44:34",77
"2018-09-25 18:44:35",77
"2018-09-25 19:44:35",77
"2018-09-25 20:44:33",77
"2018-09-25 21:44:33",77
"2018-09-25 22:44:34",77
"2018-09-25 23:44:34",77
"2018-09-26 00:44:36",77
"2018-09-26 01:44:39",77
"2018-09-26 02:44:37",77
"2018-09-26 03:44:37",77
"2018-09-26 04:44:34",77
"2018-09-26 05:44:35",77
"2018-09-26 06:44:34",77
"2018-09-26 07:44:33",77
"2018-09-26 08:44:35",77
"2018-09-26 09:44:34",77
"2018-09-26 10:44:32",77
"2018-09-26 11:44:32",77
"2018-09-26 13:11:09",77
"2018-09-26 13:44:43",77
"2018-09-26 14:44:36",77
"2018-09-26 15:44:37",76
"2018-09-26 16:44:37",76
"2018-09-26 17:44:36",76
"2018-09-26 18:44:38",76
"2018-09-26 19:44:36",75
"2018-09-26 20:44:35",75
"2018-09-26 21:44:35",75
"2018-09-26 22:44:34",75
"2018-09-26 23:44:35",75
"2018-09-27 00:44:36",75
"2018-09-27 01:44:34",75
"2018-09-27 02:44:36",75
"2018-09-27 03:44:35",75
"2018-09-27 04:44:35",75
"2018-09-27 05:44:35",75
"2018-09-27 06:44:35",75
"2018-09-27 07:44:34",75
"2018-09-27 08:44:34",75
"2018-09-27 09:44:34",75
"2018-09-27 10:44:34",75
"2018-09-27 11:44:34",75
"2018-09-27 12:44:33",75
"2018-09-27 13:44:40",75
"2018-09-27 14:44:36",76
"2018-09-27 15:44:36",75
"2018-09-27 17:10:18",75
"2018-09-27 17:44:38",75
"2018-09-27 18:44:40",75
"2018-09-27 19:44:38",75
"2018-09-27 20:44:37",75
"2018-09-27 21:44:36",75
"2018-09-27 22:44:35",75
"2018-09-27 23:44:37",75
"2018-09-28 00:44:38",75
"2018-09-28 01:44:36",75
"2018-09-28 02:44:34",75
"2018-09-28 03:44:36",75
"2018-09-28 04:44:35",75
"2018-09-28 05:44:35",75
"2018-09-28 06:44:36",75
"2018-09-28 07:44:36",75
"2018-09-28 08:44:35",75
"2018-09-28 09:44:37",75
"2018-09-28 10:44:36",75
"2018-09-28 11:44:36",75
"2018-09-28 12:44:36",75
"2018-09-28 13:44:42",75
"2018-09-28 14:44:39",75
"2018-09-28 15:44:43",74
"2018-09-28 16:44:39",74
"2018-09-28 17:44:40",74
"2018-09-28 18:44:40",74
"2018-09-28 19:44:40",74
"2018-09-28 20:44:36",74
"2018-09-28 21:44:36",74
"2018-09-28 22:44:35",74
"2018-09-28 23:44:33",74
"2018-09-29 00:44:33",74
"2018-09-29 01:44:39",74
"2018-09-29 02:44:41",74
"2018-09-29 03:44:35",74
"2018-09-29 04:44:34",74
"2018-09-29 05:44:33",74
"2018-09-29 06:44:33",74
"2018-09-29 07:44:34",74
"2018-09-29 08:44:34",74
"2018-09-29 09:44:34",74
"2018-09-29 10:44:34",74
"2018-09-29 11:44:35",74
"2018-09-29 12:44:35",74
"2018-09-29 13:44:35",74
"2018-09-29 14:44:35",74
"2018-09-29 15:44:36",74
"2018-09-29 16:44:34",74
"2018-09-29 17:44:34",74
"2018-09-29 18:44:36",74
"2018-09-29 19:44:34",74
"2018-09-29 20:44:34",74
"2018-09-29 21:44:35",74
"2018-09-29 22:44:34",74
"2018-09-29 23:44:34",74
"2018-09-30 00:44:35",74
"2018-09-30 01:44:34",74
"2018-09-30 02:44:32",74
"2018-09-30 03:44:34",74
"2018-09-30 04:44:34",74
"2018-09-30 05:44:32",74
"2018-09-30 06:44:33",74
"2018-09-30 07:44:32",74
"2018-09-30 08:44:33",74
"2018-09-30 09:44:32",74
"2018-09-30 10:44:33",74
"2018-09-30 11:44:33",74
"2018-09-30 12:44:33",74
"2018-09-30 13:44:33",74
"2018-09-30 14:44:32",74
"2018-09-30 15:44:33",74
"2018-09-30 16:44:33",74
"2018-09-30 17:44:32",74
"2018-09-30 18:44:33",74
"2018-09-30 19:44:34",74
"2018-09-30 20:44:33",74
"2018-09-30 21:44:32",74
"2018-09-30 22:44:34",74
"2018-09-30 23:44:35",74
"2018-10-01 00:44:36",74
"2018-10-01 01:44:34",74
"2018-10-01 02:44:36",74
"2018-10-01 03:44:35",74
"2018-10-01 04:44:35",74
"2018-10-01 05:44:35",74
"2018-10-01 06:44:34",74
"2018-10-01 07:44:34",74
"2018-10-01 08:44:35",74
"2018-10-01 09:44:33",74
"2018-10-01 10:44:32",74
"2018-10-01 11:44:34",74
"2018-10-01 12:44:34",74
"2018-10-01 14:09:53",75
"2018-10-01 14:44:39",75
"2018-10-01 15:44:35",74
"2018-10-01 16:44:36",74
"2018-10-01 17:44:40",74
"2018-10-01 18:44:35",74
"2018-10-01 19:44:38",74
"2018-10-01 20:44:34",74
"2018-10-01 21:44:35",74
"2018-10-01 22:44:34",74
"2018-10-01 23:44:37",74
"2018-10-02 00:44:40",74
"2018-10-02 01:44:36",74
"2018-10-02 02:44:35",74
"2018-10-02 03:44:35",74
"2018-10-02 04:44:36",74
"2018-10-02 05:44:34",74
"2018-10-02 06:44:35",74
"2018-10-02 07:44:36",74
"2018-10-02 08:44:34",74
"2018-10-02 09:44:34",74
"2018-10-02 10:44:34",74
"2018-10-02 11:44:35",74
"2018-10-02 12:44:34",74
"2018-10-02 13:44:40",74
"2018-10-02 14:44:39",75
"2018-10-02 15:44:37",75
"2018-10-02 16:44:37",75
"2018-10-02 17:44:36",75
"2018-10-02 18:44:36",75
"2018-10-02 19:44:36",75
"2018-10-02 20:44:36",75
"2018-10-02 21:44:35",75
"2018-10-02 22:44:34",75
"2018-10-02 23:44:35",75
"2018-10-03 00:44:34",75
"2018-10-03 01:44:34",75
"2018-10-03 02:45:06",75
"2018-10-03 03:44:37",75
"2018-10-03 04:44:39",75
"2018-10-03 05:44:37",75
"2018-10-03 06:44:35",75
"2018-10-03 07:44:37",75
"2018-10-03 08:44:37",75
"2018-10-03 09:44:36",75
"2018-10-03 10:44:36",75
"2018-10-03 11:44:37",75
"2018-10-03 12:44:36",75
"2018-10-03 13:45:50",75
"2018-10-03 15:09:43",76
"2018-10-03 15:44:37",76
"2018-10-03 16:44:38",76
"2018-10-03 17:44:37",76
"2018-10-03 18:44:37",76
"2018-10-03 19:44:35",75
"2018-10-03 20:44:35",75
"2018-10-03 21:44:35",75
"2018-10-03 22:44:36",75
"2018-10-03 23:44:35",75
"2018-10-04 00:44:40",75
"2018-10-04 01:44:36",75
"2018-10-04 02:44:34",75
"2018-10-04 03:44:33",75
"2018-10-04 04:44:34",75
"2018-10-04 05:44:35",75
"2018-10-04 06:44:33",75
"2018-10-04 07:44:34",75
"2018-10-04 08:44:33",75
"2018-10-04 09:44:33",75
"2018-10-04 10:44:34",75
"2018-10-04 11:44:33",75
"2018-10-04 12:44:34",75
"2018-10-04 14:10:46",75
"2018-10-04 14:44:36",75
"2018-10-04 15:44:35",75
"2018-10-04 16:44:39",75
"2018-10-04 17:44:38",74
"2018-10-04 18:44:36",74
"2018-10-04 19:44:37",74
"2018-10-04 20:44:35",73
"2018-10-04 21:44:35",73
"2018-10-04 22:44:35",73
"2018-10-04 23:44:34",73
"2018-10-05 00:44:35",73
"2018-10-05 01:44:35",73
"2018-10-05 02:44:35",73
"2018-10-05 03:44:35",73
"2018-10-05 04:44:36",73
"2018-10-05 05:44:36",73
"2018-10-05 06:44:35",73
"2018-10-05 07:44:35",73
"2018-10-05 08:44:33",73
"2018-10-05 09:44:35",73
"2018-10-05 10:44:35",73
"2018-10-05 11:44:35",73
"2018-10-05 12:44:34",73
"2018-10-05 13:44:42",73
"2018-10-05 14:44:36",73
"2018-10-05 15:44:38",73
"2018-10-05 16:44:41",72
"2018-10-05 17:44:40",72
"2018-10-05 18:44:39",72
"2018-10-05 19:44:36",72
"2018-10-05 20:44:34",72
"2018-10-05 21:44:34",72
"2018-10-05 22:44:34",72
"2018-10-05 23:44:33",72
"2018-10-06 00:44:36",72
"2018-10-06 01:44:36",72
"2018-10-06 02:44:36",72
"2018-10-06 03:44:35",72
"2018-10-06 04:44:35",72
"2018-10-06 05:44:35",72
"2018-10-06 06:44:36",72
"2018-10-06 07:44:35",72
"2018-10-06 08:44:34",72
"2018-10-06 09:44:35",72
"2018-10-06 10:44:35",72
"2018-10-06 11:44:34",72
"2018-10-06 12:44:35",72
"2018-10-06 13:44:34",72
"2018-10-06 14:44:36",72
"2018-10-06 15:44:36",72
"2018-10-06 16:44:35",72
"2018-10-06 17:44:34",72
"2018-10-06 18:44:35",72
"2018-10-06 19:44:36",72
"2018-10-06 20:44:34",72
"2018-10-06 21:44:35",72
"2018-10-06 22:44:35",72
"2018-10-06 23:44:35",72
"2018-10-07 00:44:34",72
"2018-10-07 01:44:35",72
"2018-10-07 02:44:35",72
"2018-10-07 03:44:35",72
"2018-10-07 04:44:35",72
"2018-10-07 05:44:36",72
"2018-10-07 06:44:35",72
"2018-10-07 07:44:36",72
"2018-10-07 08:44:34",72
"2018-10-07 09:44:34",72
"2018-10-07 10:44:34",72
"2018-10-07 11:44:34",72
"2018-10-07 12:44:35",72
"2018-10-07 13:44:35",72
"2018-10-07 14:44:36",72
"2018-10-07 15:44:36",72
"2018-10-07 16:44:36",72
"2018-10-07 17:44:36",72
"2018-10-07 18:44:35",72
"2018-10-07 19:44:35",72
"2018-10-07 20:44:35",72
"2018-10-07 21:44:35",72
"2018-10-07 22:44:35",72
"2018-10-07 23:44:35",72
"2018-10-08 00:44:34",72
"2018-10-08 01:44:34",72
"2018-10-08 02:44:36",72
"2018-10-08 03:44:34",72
"2018-10-08 04:44:34",72
"2018-10-08 05:44:34",72
"2018-10-08 06:44:35",72
"2018-10-08 07:44:34",72
"2018-10-08 08:44:33",72
"2018-10-08 09:44:33",72
"2018-10-08 10:44:34",72
"2018-10-08 11:44:33",72
"2018-10-08 12:44:34",72
"2018-10-08 13:44:48",72
"2018-10-08 14:44:39",72
"2018-10-08 15:45:10",72
"2018-10-08 16:44:39",72
"2018-10-08 17:44:39",72
"2018-10-08 18:44:38",72
"2018-10-08 19:44:37",72
"2018-10-08 20:44:35",71
"2018-10-08 21:44:36",71
"2018-10-08 22:44:34",71
"2018-10-08 23:44:37",71
"2018-10-09 00:44:35",71
"2018-10-09 01:45:05",71
"2018-10-09 02:44:35",71
"2018-10-09 03:44:40",71
"2018-10-09 04:44:34",71
"2018-10-09 05:44:34",71
"2018-10-09 06:44:34",71
"2018-10-09 07:44:34",71
"2018-10-09 08:44:33",71
"2018-10-09 09:44:33",71
"2018-10-09 10:44:34",71
"2018-10-09 11:44:35",71
"2018-10-09 12:44:34",71
"2018-10-09 13:44:43",71
"2018-10-09 14:44:40",72
"2018-10-09 15:44:38",72
"2018-10-09 16:44:35",73
"2018-10-09 17:44:35",73
"2018-10-09 18:44:35",73
"2018-10-09 19:44:34",73
"2018-10-09 21:44:32",73
"2018-10-09 22:44:34",73
"2018-10-09 23:44:33",73
"2018-10-10 00:44:33",73
"2018-10-10 01:44:33",73
"2018-10-10 02:44:34",73
"2018-10-10 03:44:41",73
"2018-10-10 04:44:34",73
"2018-10-10 05:44:34",73
"2018-10-10 06:44:33",73
"2018-10-10 07:44:34",73
"2018-10-10 08:44:34",73
"2018-10-10 09:44:33",73
"2018-10-10 10:44:34",73
"2018-10-10 11:44:33",73
"2018-10-10 12:44:33",73
"2018-10-10 13:44:40",73
"2018-10-10 14:44:37",73
"2018-10-10 15:44:38",72
"2018-10-10 16:44:35",72
"2018-10-10 17:44:34",71
"2018-10-10 18:44:40",71
"2018-10-10 19:44:42",70
"2018-10-10 20:44:36",70
"2018-10-10 21:44:33",70
"2018-10-10 22:44:34",70
"2018-10-10 23:44:35",70
"2018-10-11 00:44:36",70
"2018-10-11 01:44:34",70
"2018-10-11 02:44:33",70
"2018-10-11 03:44:33",70
"2018-10-11 04:44:32",70
"2018-10-11 05:44:32",70
"2018-10-11 06:44:33",70
"2018-10-11 07:44:32",70
"2018-10-11 08:44:34",70
"2018-10-11 09:44:33",70
"2018-10-11 10:44:35",70
"2018-10-11 11:44:33",70
"2018-10-11 12:44:33",70
"2018-10-11 13:44:40",70
"2018-10-11 14:44:34",71
"2018-10-11 15:44:37",71
"2018-10-11 16:44:38",71
"2018-10-11 17:44:36",71
"2018-10-11 18:44:40",71
"2018-10-11 19:44:37",71
"2018-10-11 20:44:36",71
"2018-10-11 21:44:36",71
"2018-10-11 22:44:34",71
"2018-10-11 23:44:36",71
"2018-10-12 00:44:34",71
"2018-10-12 01:44:34",71
"2018-10-12 02:44:36",71
"2018-10-12 03:44:34",71
"2018-10-12 04:44:35",71
"2018-10-12 05:44:33",71
"2018-10-12 06:44:33",71
"2018-10-12 07:44:34",71
"2018-10-12 08:44:34",71
"2018-10-12 09:44:35",71
"2018-10-12 10:44:34",71
"2018-10-12 11:44:35",71
"2018-10-12 12:44:35",71
"2018-10-12 13:44:43",71
"2018-10-12 14:44:36",71
"2018-10-12 15:44:37",71
"2018-10-12 16:44:39",71
"2018-10-12 17:44:35",71
"2018-10-12 18:44:34",71
"2018-10-12 19:44:36",72
"2018-10-12 20:44:34",72
"2018-10-12 21:44:34",72
"2018-10-12 22:44:34",72
"2018-10-12 23:44:34",72
"2018-10-13 00:44:34",72
"2018-10-13 01:44:35",72
"2018-10-13 02:44:36",72
"2018-10-13 03:44:36",72
"2018-10-13 04:44:36",72
"2018-10-13 05:44:34",72
"2018-10-13 06:44:34",72
"2018-10-13 07:44:36",72
"2018-10-13 08:44:36",72
"2018-10-13 09:44:35",72
"2018-10-13 10:44:34",72
"2018-10-13 11:44:33",72
"2018-10-13 12:44:34",72
"2018-10-13 13:44:34",72
"2018-10-13 14:44:35",72
"2018-10-13 15:44:35",72
"2018-10-13 16:44:34",72
"2018-10-13 17:44:35",72
"2018-10-13 18:44:34",72
"2018-10-13 19:44:35",72
"2018-10-13 20:44:36",72
"2018-10-13 21:44:35",72
"2018-10-13 22:44:37",72
"2018-10-13 23:44:35",72
"2018-10-14 00:44:37",72
"2018-10-14 01:44:35",72
"2018-10-14 02:44:34",72
"2018-10-14 03:44:35",72
"2018-10-14 04:44:35",72
"2018-10-14 05:44:33",72
"2018-10-14 06:44:34",72
"2018-10-14 07:44:34",72
"2018-10-14 08:44:33",72
"2018-10-14 09:44:34",72
"2018-10-14 10:44:34",72
"2018-10-14 11:44:34",72
"2018-10-14 12:44:35",72
"2018-10-14 13:44:33",72
"2018-10-14 14:44:34",72
"2018-10-14 15:44:35",72
"2018-10-14 16:44:33",72
"2018-10-14 17:44:33",72
"2018-10-14 18:44:35",72
"2018-10-14 19:44:34",72
"2018-10-14 20:44:33",72
"2018-10-14 21:44:35",72
"2018-10-14 22:44:34",72
"2018-10-14 23:44:34",72
"2018-10-15 00:44:36",72
"2018-10-15 01:44:34",72
"2018-10-15 02:44:34",72
"2018-10-15 03:44:35",72
"2018-10-15 04:44:34",72
"2018-10-15 05:44:35",72
"2018-10-15 06:44:36",72
"2018-10-15 07:44:35",72
"2018-10-15 08:44:47",72
"2018-10-15 09:44:34",72
"2018-10-15 10:44:34",72
"2018-10-15 11:44:34",72
"2018-10-15 12:44:34",72
"2018-10-15 13:44:40",72
"2018-10-15 14:44:36",72
"2018-10-15 15:44:38",72
"2018-10-15 16:44:38",72
"2018-10-15 17:44:37",72
"2018-10-15 18:44:35",72
"2018-10-15 19:44:37",72
"2018-10-15 20:44:38",71
"2018-10-15 21:44:38",71
"2018-10-15 22:44:35",71
"2018-10-15 23:44:36",71
"2018-10-16 00:44:38",71
"2018-10-16 01:44:39",71
"2018-10-16 02:44:36",71
"2018-10-16 03:44:35",71
"2018-10-16 04:44:37",71
"2018-10-16 09:44:34",71
"2018-10-16 10:44:35",71
"2018-10-16 11:44:33",71
"2018-10-16 12:44:35",71
"2018-10-16 13:44:42",71
"2018-10-16 14:44:38",71
"2018-10-16 15:44:39",71
"2018-10-16 16:44:35",70
"2018-10-16 17:44:40",70
"2018-10-16 18:44:40",70
"2018-10-16 19:44:39",70
"2018-10-16 20:44:36",71
"2018-10-16 21:44:35",71
"2018-10-16 22:44:36",71
"2018-10-16 23:44:37",71
"2018-10-17 00:44:36",71
"2018-10-17 01:44:36",71
"2018-10-17 02:44:36",71
"2018-10-17 03:44:36",71
"2018-10-17 04:44:35",71
"2018-10-17 05:44:36",71
"2018-10-17 06:44:35",71
"2018-10-17 07:44:36",71
"2018-10-17 08:44:35",71
"2018-10-17 09:44:35",71
"2018-10-17 10:44:34",71
"2018-10-17 11:44:34",71
"2018-10-17 12:44:35",71
"2018-10-17 14:10:40",70
"2018-10-17 14:44:36",70
"2018-10-17 15:44:38",70
"2018-10-17 16:44:37",70
"2018-10-17 17:44:38",70
"2018-10-17 18:44:38",70
"2018-10-17 19:44:37",70
"2018-10-17 20:44:38",70
"2018-10-17 21:44:37",70
"2018-10-17 22:44:35",70
"2018-10-17 23:44:35",70
"2018-10-18 00:44:37",70
"2018-10-18 01:44:36",70
"2018-10-18 02:44:36",70
"2018-10-18 03:44:38",70
"2018-10-18 04:44:33",70
"2018-10-18 05:44:34",70
"2018-10-18 06:44:33",70
"2018-10-18 07:44:34",70
"2018-10-18 08:44:33",70
"2018-10-18 09:44:33",70
"2018-10-18 10:44:34",70
"2018-10-18 11:44:33",70
"2018-10-18 13:09:36",70
"2018-10-18 13:44:38",70
"2018-10-18 14:44:38",71
"2018-10-18 15:44:39",71
"2018-10-18 16:44:36",71
"2018-10-18 17:44:35",71
"2018-10-18 18:44:34",71
"2018-10-18 19:44:35",71
"2018-10-18 20:44:36",71
"2018-10-18 21:44:37",71
"2018-10-18 22:44:34",71
"2018-10-18 23:44:34",71
"2018-10-19 00:44:35",71
"2018-10-19 01:44:36",71
"2018-10-19 02:44:35",71
"2018-10-19 03:44:36",71
"2018-10-19 04:44:34",71
"2018-10-19 05:44:33",71
"2018-10-19 06:44:35",71
"2018-10-19 07:44:35",71
"2018-10-19 08:44:33",71
"2018-10-19 09:44:33",71
"2018-10-19 10:44:33",71
"2018-10-19 11:44:34",71
"2018-10-19 13:09:10",71
"2018-10-19 13:44:42",71
"2018-10-19 14:44:37",71
"2018-10-19 15:44:38",71
"2018-10-19 16:44:36",71
"2018-10-19 17:44:36",71
"2018-10-19 18:44:37",71
"2018-10-19 19:44:37",71
"2018-10-19 20:44:37",71
"2018-10-19 21:44:35",71
"2018-10-19 22:44:35",71
"2018-10-19 23:45:04",71
"2018-10-20 00:44:35",71
"2018-10-20 01:44:37",71
"2018-10-20 02:44:35",71
"2018-10-20 03:44:34",71
"2018-10-20 04:44:35",71
"2018-10-20 05:44:36",71
"2018-10-20 06:44:36",71
"2018-10-20 07:44:34",71
"2018-10-20 08:44:35",71
"2018-10-20 09:44:35",71
"2018-10-20 10:44:35",71
"2018-10-20 11:44:35",71
"2018-10-20 12:44:35",71
"2018-10-20 13:44:37",71
"2018-10-20 14:44:38",71
"2018-10-20 15:44:37",71
"2018-10-20 16:44:36",71
"2018-10-20 17:44:35",71
"2018-10-20 18:44:36",71
"2018-10-20 19:44:36",71
"2018-10-20 20:44:36",71
"2018-10-20 21:44:37",71
"2018-10-20 22:44:36",71
"2018-10-20 23:44:36",71
"2018-10-21 00:44:36",71
"2018-10-21 01:44:36",71
"2018-10-21 02:44:35",71
"2018-10-21 03:44:37",71
"2018-10-21 04:44:35",71
"2018-10-21 05:44:35",71
"2018-10-21 06:44:35",71
"2018-10-21 07:44:40",71
"2018-10-21 08:44:35",71
"2018-10-21 09:44:35",71
"2018-10-21 10:44:34",71
"2018-10-21 11:44:34",71
"2018-10-21 12:44:34",71
"2018-10-21 13:44:40",71
"2018-10-21 14:44:38",71
"2018-10-21 15:44:37",71
"2018-10-21 16:44:35",71
"2018-10-21 17:44:36",71
"2018-10-21 18:44:36",71
"2018-10-21 19:44:35",71
"2018-10-21 20:44:35",71
"2018-10-21 21:44:35",71
"2018-10-21 22:44:37",71
"2018-10-21 23:44:36",71
"2018-10-22 00:44:39",71
"2018-10-22 01:44:40",71
"2018-10-22 02:44:39",71
"2018-10-22 03:44:39",71
"2018-10-22 04:44:39",71
"2018-10-22 05:44:36",71
"2018-10-22 06:44:36",71
"2018-10-22 07:44:39",71
"2018-10-22 08:44:35",71
"2018-10-22 09:44:36",71
"2018-10-22 10:44:37",71
"2018-10-22 11:44:36",71
"2018-10-22 12:44:38",71
"2018-10-22 13:44:40",71
"2018-10-22 14:44:40",71
"2018-10-22 15:44:38",71
"2018-10-22 16:44:36",70
"2018-10-22 17:44:37",70
"2018-10-22 18:44:35",71
"2018-10-22 19:44:37",70
"2018-10-22 20:44:37",69
"2018-10-22 21:44:37",69
"2018-10-22 22:44:37",69
"2018-10-22 23:44:37",69
"2018-10-23 00:44:38",69
"2018-10-23 01:44:37",69
"2018-10-23 02:44:36",69
"2018-10-23 03:44:36",69
"2018-10-23 04:44:35",69
"2018-10-23 05:44:35",69
"2018-10-23 06:44:35",69
"2018-10-23 07:44:38",69
"2018-10-23 08:44:34",69
"2018-10-23 09:44:34",69
"2018-10-23 10:44:34",69
"2018-10-23 11:44:34",69
"2018-10-23 12:44:34",69
"2018-10-23 13:44:40",69
"2018-10-23 14:44:37",69
"2018-10-23 15:44:36",69
"2018-10-23 16:44:36",70
"2018-10-23 17:44:36",70
"2018-10-23 18:44:37",70
"2018-10-23 19:44:36",70
"2018-10-23 20:44:35",70
"2018-10-23 21:44:37",70
"2018-10-23 22:44:36",70
"2018-10-23 23:44:35",70
"2018-10-24 00:44:36",70
"2018-10-24 01:44:37",70
"2018-10-24 02:44:38",70
"2018-10-24 03:44:37",70
"2018-10-24 04:44:37",70
"2018-10-24 05:44:37",70
"2018-10-24 06:44:38",70
"2018-10-24 07:44:37",70
"2018-10-24 08:44:36",70
"2018-10-24 09:44:35",70
"2018-10-24 10:44:35",70
"2018-10-24 11:44:35",70
"2018-10-24 12:44:34",70
"2018-10-24 13:44:39",70
"2018-10-24 14:44:38",69
"2018-10-24 15:44:38",70
"2018-10-24 16:44:36",70
"2018-10-24 17:44:36",70
"2018-10-24 18:44:37",70
"2018-10-24 19:44:37",70
"2018-10-24 20:44:40",70
"2018-10-24 21:44:37",70
"2018-10-24 22:44:36",70
"2018-10-24 23:44:35",70
"2018-10-25 00:44:36",70
"2018-10-25 01:44:36",70
"2018-10-25 02:44:36",70
"2018-10-25 03:44:35",70
"2018-10-25 04:44:36",70
"2018-10-25 05:44:36",70
"2018-10-25 06:44:36",70
"2018-10-25 07:44:36",70
"2018-10-25 08:44:37",70
"2018-10-25 09:44:35",70
"2018-10-25 10:44:36",70
"2018-10-25 11:44:37",70
"2018-10-25 14:10:47",69
"2018-10-25 14:44:40",69
"2018-10-25 15:44:39",69
"2018-10-25 16:44:37",69
"2018-10-25 17:44:38",69
"2018-10-25 18:44:39",69
"2018-10-25 19:44:36",68
"2018-10-25 20:44:37",67
"2018-10-25 21:44:37",67
"2018-10-25 22:44:36",67
"2018-10-25 23:44:38",67
"2018-10-26 00:44:36",67
"2018-10-26 01:44:37",67
"2018-10-26 02:44:38",67
"2018-10-26 03:44:39",67
"2018-10-26 04:44:39",67
"2018-10-26 05:44:36",67
"2018-10-26 06:44:35",67
"2018-10-26 07:44:35",67
"2018-10-26 08:44:35",67
"2018-10-26 09:44:35",67
"2018-10-26 10:44:35",67
"2018-10-26 11:44:35",67
"2018-10-26 12:44:35",67
"2018-10-26 13:44:36",67
"2018-10-26 14:44:37",67
"2018-10-26 15:44:37",67
"2018-10-26 16:44:36",67
"2018-10-26 17:44:36",67
"2018-10-26 18:44:35",67
"2018-10-26 19:44:35",67
"2018-10-26 20:44:35",67
"2018-10-26 21:44:35",67
"2018-10-26 22:44:35",67
"2018-10-26 23:44:35",67
"2018-10-27 00:44:35",67
"2018-10-27 01:44:35",67
"2018-10-27 02:44:35",67
"2018-10-27 03:44:34",67
"2018-10-27 04:44:34",67
"2018-10-27 05:44:35",67
"2018-10-27 06:44:35",67
"2018-10-27 07:44:35",67
"2018-10-27 08:44:36",67
"2018-10-27 09:44:35",67
"2018-10-27 10:44:35",67
"2018-10-27 11:44:35",67
"2018-10-27 12:44:35",67
"2018-10-27 13:44:34",67
"2018-10-27 14:44:35",67
"2018-10-27 15:44:36",67
"2018-10-27 16:44:35",67
"2018-10-27 17:44:36",67
"2018-10-27 18:44:35",67
"2018-10-27 19:44:35",67
"2018-10-27 20:44:35",67
"2018-10-27 21:44:35",67
"2018-10-27 22:44:34",67
"2018-10-27 23:44:35",67
"2018-10-28 00:44:35",67
"2018-10-28 01:44:35",67
"2018-10-28 02:44:34",67
"2018-10-28 03:44:35",67
"2018-10-28 04:44:34",67
"2018-10-28 05:44:35",67
"2018-10-28 06:44:35",67
"2018-10-28 07:44:34",67
"2018-10-28 08:44:34",67
"2018-10-28 09:44:36",67
"2018-10-28 10:44:35",67
"2018-10-28 11:44:34",67
"2018-10-28 12:44:34",67
"2018-10-28 13:44:35",67
"2018-10-28 14:44:34",67
"2018-10-28 15:44:34",67
"2018-10-28 16:44:35",67
"2018-10-28 17:44:34",67
"2018-10-28 18:44:34",67
"2018-10-28 19:44:33",67
"2018-10-28 20:44:34",67
"2018-10-28 21:44:34",67
"2018-10-28 22:44:34",67
"2018-10-28 23:44:34",67
"2018-10-29 00:44:35",67
"2018-10-29 01:44:35",67
"2018-10-29 02:44:35",67
"2018-10-29 03:44:33",67
"2018-10-29 04:44:36",67
"2018-10-29 05:44:34",67
"2018-10-29 06:44:35",67
"2018-10-29 07:44:34",67
"2018-10-29 08:44:35",67
"2018-10-29 09:44:34",67
"2018-10-29 10:44:35",67
"2018-10-29 11:44:34",67
"2018-10-29 12:44:35",67
"2018-10-29 13:44:39",67
"2018-10-29 14:44:37",68
"2018-10-29 15:44:34",67
"2018-10-29 16:44:37",67
"2018-10-29 17:44:36",67
"2018-10-29 18:44:36",67
"2018-10-29 19:44:36",67
"2018-10-29 20:44:36",67
"2018-10-29 21:44:35",67
"2018-10-29 22:44:36",67
"2018-10-29 23:44:35",67
"2018-10-30 00:44:35",67
"2018-10-30 01:44:35",67
"2018-10-30 02:44:36",67
"2018-10-30 03:44:35",67
"2018-10-30 04:44:36",67
"2018-10-30 05:44:34",67
"2018-10-30 06:44:35",67
"2018-10-30 07:44:34",67
"2018-10-30 08:44:34",67
"2018-10-30 09:44:35",67
"2018-10-30 10:44:35",67
"2018-10-30 11:44:35",67
"2018-10-30 12:44:34",67
"2018-10-30 13:44:41",67
"2018-10-30 14:44:41",68
"2018-10-30 15:44:39",68
"2018-10-30 16:44:37",68
"2018-10-30 17:44:36",68
"2018-10-30 18:44:37",69
"2018-10-30 19:44:37",68
"2018-10-30 20:44:36",68
"2018-10-30 21:44:36",68
"2018-10-30 22:44:36",68
"2018-10-30 23:44:35",68
"2018-10-31 00:44:36",68
"2018-10-31 01:44:38",68
"2018-10-31 02:44:37",68
"2018-10-31 03:44:35",68
"2018-10-31 04:44:36",68
"2018-10-31 05:44:36",68
"2018-10-31 06:44:35",68
"2018-10-31 07:44:34",68
"2018-10-31 08:44:36",68
"2018-10-31 09:44:36",68
"2018-10-31 10:44:34",68
"2018-10-31 11:44:35",68
"2018-10-31 12:44:37",68
"2018-10-31 14:11:12",68
"2018-10-31 14:44:37",68
"2018-10-31 15:44:37",68
"2018-10-31 16:44:37",68
"2018-10-31 17:44:36",65
"2018-10-31 18:44:36",65
"2018-10-31 19:44:36",65
"2018-10-31 20:44:35",65
"2018-10-31 21:44:35",65
"2018-10-31 22:44:35",65
"2018-10-31 23:44:36",65
"2018-11-01 00:44:35",65
"2018-11-01 01:44:36",65
"2018-11-01 02:44:35",65
"2018-11-01 03:44:35",65
"2018-11-01 04:44:36",65
"2018-11-01 05:44:35",65
"2018-11-01 06:44:36",65
"2018-11-01 07:44:35",65
"2018-11-01 08:44:36",65
"2018-11-01 09:44:36",65
"2018-11-01 10:44:37",65
"2018-11-01 11:44:35",65
"2018-11-01 12:44:36",65
"2018-11-01 13:44:37",65
"2018-11-01 14:44:41",66
"2018-11-01 15:44:40",66
"2018-11-01 16:44:39",66
"2018-11-01 17:44:37",68
"2018-11-01 18:44:40",68
"2018-11-01 19:44:41",68
"2018-11-01 20:44:41",68
"2018-11-01 21:44:38",68
"2018-11-01 22:44:38",68
"2018-11-01 23:44:37",68
"2018-11-02 00:44:36",68
"2018-11-02 01:44:36",68
"2018-11-02 02:44:37",68
"2018-11-02 03:44:39",68
"2018-11-02 04:44:37",68
"2018-11-02 05:44:36",68
"2018-11-02 06:44:36",68
"2018-11-02 07:44:36",68
"2018-11-02 08:44:36",68
"2018-11-02 09:44:37",68
"2018-11-02 10:44:35",68
"2018-11-02 11:44:34",68
"2018-11-02 12:44:36",68
"2018-11-02 14:09:13",68
"2018-11-02 14:44:40",68
"2018-11-02 15:44:40",68
"2018-11-02 16:44:39",68
"2018-11-02 17:44:41",68
"2018-11-02 18:44:37",68
"2018-11-02 19:44:38",68
"2018-11-02 20:44:38",67
"2018-11-02 21:44:37",67
"2018-11-02 22:44:37",67
"2018-11-02 23:44:37",67
"2018-11-03 00:44:39",67
"2018-11-03 01:44:37",67
"2018-11-03 02:44:39",67
"2018-11-03 03:44:37",67
"2018-11-03 04:44:36",67
"2018-11-03 05:44:37",67
"2018-11-03 06:44:36",67
"2018-11-03 07:44:35",67
"2018-11-03 08:44:37",67
"2018-11-03 09:44:37",67
"2018-11-03 10:44:35",67
"2018-11-03 11:44:37",67
"2018-11-03 12:44:36",67
"2018-11-03 13:44:35",67
"2018-11-03 14:44:36",67
"2018-11-03 15:44:36",67
"2018-11-03 16:44:36",67
"2018-11-03 17:44:44",67
"2018-11-03 18:44:41",67
"2018-11-03 19:44:37",67
"2018-11-03 20:44:37",67
"2018-11-03 21:45:39",67
"2018-11-03 22:44:36",67
"2018-11-03 23:44:37",67
"2018-11-04 00:44:37",67
"2018-11-04 01:44:37",67
"2018-11-04 02:44:37",67
"2018-11-04 03:44:37",67
"2018-11-04 04:44:38",67
"2018-11-04 05:44:36",67
"2018-11-04 06:44:37",67
"2018-11-04 07:44:36",67
"2018-11-04 08:44:38",67
"2018-11-04 09:44:35",67
"2018-11-04 10:44:35",67
"2018-11-04 11:44:36",67
"2018-11-04 12:44:36",67
"2018-11-04 13:44:36",67
"2018-11-04 14:44:36",67
"2018-11-04 15:44:36",67
"2018-11-04 16:44:36",67
"2018-11-04 17:44:37",67
"2018-11-04 18:44:37",67
"2018-11-04 19:44:37",67
"2018-11-04 20:44:36",67
"2018-11-04 21:44:36",67
"2018-11-04 22:44:37",67
"2018-11-04 23:44:37",67
"2018-11-05 00:44:36",67
"2018-11-05 01:44:37",67
"2018-11-05 02:44:36",67
"2018-11-05 03:44:38",67
"2018-11-05 04:44:39",67
"2018-11-05 05:44:38",67
"2018-11-05 06:44:36",67
"2018-11-05 07:44:39",67
"2018-11-05 08:44:36",67
"2018-11-05 09:44:36",67
"2018-11-05 10:44:36",67
"2018-11-05 11:44:35",67
"2018-11-05 12:44:35",67
"2018-11-05 13:44:36",67
"2018-11-05 14:44:44",67
"2018-11-05 15:44:38",66
"2018-11-05 16:44:42",66
"2018-11-05 17:44:36",66
"2018-11-05 18:44:35",66
"2018-11-05 19:44:36",66
"2018-11-05 20:44:38",66
"2018-11-05 21:44:39",66
"2018-11-05 22:44:39",66
"2018-11-05 23:44:36",66
"2018-11-06 00:44:35",66
"2018-11-06 01:44:36",66
"2018-11-06 02:44:36",66
"2018-11-06 03:44:38",66
"2018-11-06 04:44:37",66
"2018-11-06 05:44:37",66
"2018-11-06 06:44:37",66
"2018-11-06 07:44:38",66
"2018-11-06 08:44:38",66
"2018-11-06 09:44:37",66
"2018-11-06 10:44:38",66
"2018-11-06 11:44:37",66
"2018-11-06 12:44:37",66
"2018-11-06 13:44:38",66
"2018-11-06 14:44:44",66
"2018-11-06 15:44:44",66
"2018-11-06 16:44:42",66
"2018-11-06 17:44:47",66
"2018-11-06 18:44:41",66
"2018-11-06 19:44:38",66
"2018-11-06 20:44:40",66
"2018-11-06 21:44:38",66
"2018-11-06 22:44:40",66
"2018-11-06 23:44:38",66
"2018-11-07 00:44:39",66
"2018-11-07 01:44:38",66
"2018-11-07 02:44:39",66
"2018-11-07 03:44:38",66
"2018-11-07 04:44:37",66
"2018-11-07 05:44:38",66
"2018-11-07 06:44:37",66
"2018-11-07 07:44:38",66
"2018-11-07 08:44:37",66
"2018-11-07 09:44:37",66
"2018-11-07 10:44:37",66
"2018-11-07 11:44:37",66
"2018-11-07 12:44:38",66
"2018-11-07 13:44:37",66
"2018-11-07 14:44:45",66
"2018-11-07 15:44:40",65
"2018-11-07 16:44:38",65
"2018-11-07 17:44:42",65
"2018-11-07 18:44:42",65
"2018-11-07 19:44:41",65
"2018-11-07 20:44:41",65
"2018-11-07 21:44:38",65
"2018-11-07 22:44:39",65
"2018-11-07 23:44:38",65
"2018-11-08 00:44:37",65
"2018-11-08 01:44:39",65
"2018-11-08 02:44:38",65
"2018-11-08 03:44:38",65
"2018-11-08 04:44:38",65
"2018-11-08 05:44:38",65
"2018-11-08 06:44:50",65
"2018-11-08 07:44:38",65
"2018-11-08 08:44:38",65
"2018-11-08 09:44:37",65
"2018-11-08 10:44:37",65
"2018-11-08 11:44:37",65
"2018-11-08 12:44:38",65
"2018-11-08 13:44:37",65
"2018-11-08 14:44:42",65
"2018-11-08 15:44:42",66
"2018-11-08 16:44:41",67
"2018-11-08 17:44:38",67
"2018-11-08 18:44:38",67
"2018-11-08 19:44:38",67
"2018-11-08 20:44:43",68
"2018-11-08 21:44:41",68
"2018-11-08 22:44:38",68
"2018-11-08 23:44:38",68
"2018-11-09 00:44:39",68
"2018-11-09 01:44:38",68
"2018-11-09 02:44:39",68
"2018-11-09 03:44:39",68
"2018-11-09 04:44:39",68
"2018-11-09 05:44:39",68
"2018-11-09 06:44:37",68
"2018-11-09 07:44:38",68
"2018-11-09 08:44:38",68
"2018-11-09 09:44:38",68
"2018-11-09 10:44:37",68
"2018-11-09 11:44:37",68
"2018-11-09 12:44:38",68
"2018-11-09 13:44:36",68
"2018-11-09 15:08:43",68
"2018-11-09 15:44:42",68
"2018-11-09 16:44:41",68
"2018-11-09 17:44:40",68
"2018-11-09 18:44:39",68
"2018-11-09 19:44:56",68
"2018-11-09 20:44:42",68
"2018-11-09 21:44:40",68
"2018-11-09 22:44:39",68
"2018-11-09 23:44:38",68
"2018-11-10 00:44:38",68
"2018-11-10 01:44:39",68
"2018-11-10 02:44:37",68
"2018-11-10 03:44:38",68
"2018-11-10 04:44:38",68
"2018-11-10 05:44:37",68
"2018-11-10 06:44:37",68
"2018-11-10 07:44:37",68
"2018-11-10 08:44:37",68
"2018-11-10 09:44:38",68
"2018-11-10 10:44:36",68
"2018-11-10 11:44:38",68
"2018-11-10 12:44:37",68
"2018-11-10 13:44:38",68
"2018-11-10 14:44:38",68
"2018-11-10 15:44:42",68
"2018-11-10 16:44:38",68
"2018-11-10 17:44:39",68
"2018-11-10 18:44:41",68
"2018-11-10 19:44:40",68
"2018-11-10 20:44:38",68
"2018-11-10 21:44:39",68
"2018-11-10 22:44:39",68
"2018-11-10 23:44:38",68
"2018-11-11 00:44:39",68
"2018-11-11 01:44:39",68
"2018-11-11 02:44:37",68
"2018-11-11 03:44:39",68
"2018-11-11 04:44:38",68
"2018-11-11 05:44:39",68
"2018-11-11 06:44:37",68
"2018-11-11 07:44:39",68
"2018-11-11 08:44:38",68
"2018-11-11 09:44:40",68
"2018-11-11 10:44:39",68
"2018-11-11 11:44:38",68
"2018-11-11 12:44:38",68
"2018-11-11 13:44:37",68
"2018-11-11 14:44:39",68
"2018-11-11 15:44:39",68
"2018-11-11 16:44:38",68
"2018-11-11 17:44:39",68
"2018-11-11 18:44:38",68
"2018-11-11 19:44:37",68
"2018-11-11 20:44:39",68
"2018-11-11 21:44:37",68
"2018-11-11 22:44:39",68
"2018-11-11 23:44:37",68
"2018-11-12 00:44:40",68
"2018-11-12 01:44:37",68
"2018-11-12 02:44:38",68
"2018-11-12 03:44:39",68
"2018-11-12 04:44:38",68
"2018-11-12 05:44:39",68
"2018-11-12 06:44:39",68
"2018-11-12 07:44:38",68
"2018-11-12 08:44:39",68
"2018-11-12 09:44:38",68
"2018-11-12 10:44:38",68
"2018-11-12 11:44:40",68
"2018-11-12 12:44:37",68
"2018-11-12 13:44:38",68
"2018-11-12 14:44:41",68
"2018-11-12 15:44:39",68
"2018-11-12 16:44:40",68
"2018-11-12 17:44:37",68
"2018-11-12 18:44:38",68
"2018-11-12 19:44:40",68
"2018-11-12 20:44:39",68
"2018-11-12 21:44:38",68
"2018-11-12 22:45:23",68
"2018-11-12 23:44:37",68
"2018-11-13 00:44:39",68
"2018-11-13 01:44:38",68
"2018-11-13 02:44:39",68
"2018-11-13 03:44:39",68
"2018-11-13 04:44:38",68
"2018-11-13 05:44:37",68
"2018-11-13 06:44:38",68
"2018-11-13 07:44:39",68
"2018-11-13 08:44:41",68
"2018-11-13 09:44:39",68
"2018-11-13 10:44:39",68
"2018-11-13 11:44:39",68
"2018-11-13 12:44:38",68
"2018-11-13 13:44:37",68
"2018-11-13 14:44:42",68
"2018-11-13 15:44:39",68
"2018-11-13 16:44:39",68
"2018-11-13 17:44:39",68
"2018-11-13 18:44:37",68
"2018-11-13 19:44:38",68
"2018-11-13 20:44:38",68
"2018-11-13 21:44:38",68
"2018-11-13 22:44:38",68
"2018-11-13 23:44:38",68
"2018-11-14 00:44:38",68
"2018-11-14 01:44:38",68
"2018-11-14 02:44:37",68
"2018-11-14 03:44:38",68
"2018-11-14 04:44:37",68
"2018-11-14 05:44:38",68
"2018-11-14 06:44:38",68
"2018-11-14 07:44:38",68
"2018-11-14 08:44:38",68
"2018-11-14 09:44:38",68
"2018-11-14 10:44:38",68
"2018-11-14 11:44:40",68
"2018-11-14 12:44:38",68
"2018-11-14 13:44:38",68
"2018-11-14 14:44:41",68
"2018-11-14 15:44:41",68
"2018-11-14 16:44:41",69
"2018-11-14 17:44:40",69
"2018-11-14 18:44:43",70
"2018-11-14 19:44:40",70
"2018-11-14 20:44:41",70
"2018-11-14 21:44:41",70
"2018-11-14 22:44:41",70
"2018-11-14 23:44:40",70
"2018-11-15 00:44:38",70
"2018-11-15 01:44:39",70
"2018-11-15 02:44:39",70
"2018-11-15 03:44:38",70
"2018-11-15 04:44:39",70
"2018-11-15 05:44:39",70
"2018-11-15 06:44:38",70
"2018-11-15 07:44:37",70
"2018-11-15 08:44:38",70
"2018-11-15 09:44:38",70
"2018-11-15 10:44:38",70
"2018-11-15 11:44:38",70
"2018-11-15 12:44:37",70
"2018-11-15 13:44:38",70
"2018-11-15 14:44:40",70
"2018-11-15 15:44:40",70
"2018-11-15 16:44:38",70
"2018-11-15 17:44:43",70
"2018-11-15 18:44:39",70
"2018-11-15 19:44:37",70
"2018-11-15 20:44:42",70
"2018-11-15 21:44:43",70
"2018-11-15 22:44:41",70
"2018-11-15 23:44:39",70
"2018-11-16 00:44:38",70
"2018-11-16 01:44:38",70
"2018-11-16 02:44:38",70
"2018-11-16 03:44:38",70
"2018-11-16 04:44:38",70
"2018-11-16 05:44:37",70
"2018-11-16 06:44:39",70
"2018-11-16 07:44:39",70
"2018-11-16 08:44:38",70
"2018-11-16 09:44:38",70
"2018-11-16 10:44:38",70
"2018-11-16 11:44:37",70
"2018-11-16 12:44:37",70
"2018-11-16 13:44:38",70
"2018-11-16 14:44:43",70
"2018-11-16 15:44:40",69
"2018-11-16 16:44:39",69
"2018-11-16 17:44:39",69
"2018-11-16 18:44:38",69
"2018-11-16 19:44:38",69
"2018-11-16 20:44:49",69
"2018-11-16 21:44:41",68
"2018-11-16 22:44:41",68
"2018-11-16 23:44:40",68
"2018-11-17 00:44:40",68
"2018-11-17 01:44:38",68
"2018-11-17 02:44:37",68
"2018-11-17 03:44:42",68
"2018-11-17 04:44:38",68
"2018-11-17 05:44:39",68
"2018-11-17 06:44:40",68
"2018-11-17 07:44:37",68
"2018-11-17 08:44:38",68
"2018-11-17 09:44:38",68
"2018-11-17 10:44:38",68
"2018-11-17 11:44:38",68
"2018-11-17 12:44:39",68
"2018-11-17 13:44:38",68
"2018-11-17 14:44:41",68
"2018-11-17 15:44:39",68
"2018-11-17 16:44:37",68
"2018-11-17 17:44:40",68
"2018-11-17 18:44:38",68
"2018-11-17 19:44:38",68
"2018-11-17 20:44:38",68
"2018-11-17 21:44:38",68
"2018-11-17 22:44:37",68
"2018-11-17 23:44:38",68
"2018-11-18 00:44:38",68
"2018-11-18 01:44:38",68
"2018-11-18 02:44:38",68
"2018-11-18 03:44:39",68
"2018-11-18 04:44:38",68
"2018-11-18 05:44:37",68
"2018-11-18 06:44:39",68
"2018-11-18 07:44:37",68
"2018-11-18 08:44:37",68
"2018-11-18 09:44:38",68
"2018-11-18 10:44:37",68
"2018-11-18 11:44:38",68
"2018-11-18 12:44:37",68
"2018-11-18 13:44:37",68
"2018-11-18 14:44:38",68
"2018-11-18 15:44:39",68
"2018-11-18 16:44:38",68
"2018-11-18 17:44:38",68
"2018-11-18 18:44:38",68
"2018-11-18 19:44:37",68
"2018-11-18 20:44:38",68
"2018-11-18 21:44:38",68
"2018-11-18 22:44:38",68
"2018-11-18 23:44:39",68
"2018-11-19 00:44:38",68
"2018-11-19 01:44:38",68
"2018-11-19 02:44:38",68
"2018-11-19 03:44:38",68
"2018-11-19 04:44:38",68
"2018-11-19 05:44:38",68
"2018-11-19 06:44:37",68
"2018-11-19 07:44:38",68
"2018-11-19 08:44:37",68
"2018-11-19 09:44:37",68
"2018-11-19 10:44:39",68
"2018-11-19 12:44:38",68
"2018-11-19 13:44:38",68
"2018-11-19 14:44:41",68
"2018-11-19 15:44:38",68
"2018-11-19 16:44:42",68
"2018-11-19 17:44:41",68
"2018-11-19 18:44:40",68
"2018-11-19 19:44:40",68
"2018-11-19 20:44:39",68
"2018-11-19 21:44:38",68
"2018-11-19 22:44:39",68
"2018-11-19 23:44:39",68
"2018-11-20 00:44:39",68
"2018-11-20 01:44:39",68
"2018-11-20 02:44:40",68
"2018-11-20 03:44:39",68
"2018-11-20 04:44:38",68
"2018-11-20 05:44:37",68
"2018-11-20 06:44:39",68
"2018-11-20 07:44:38",68
"2018-11-20 08:44:39",68
"2018-11-20 09:44:39",68
"2018-11-20 10:44:38",68
"2018-11-20 11:44:37",68
"2018-11-20 12:44:38",68
"2018-11-20 13:44:40",68
"2018-11-20 14:44:42",68
"2018-11-20 15:44:45",68
"2018-11-20 16:44:38",68
"2018-11-20 17:44:38",68
"2018-11-20 18:44:43",68
"2018-11-20 19:44:40",68
"2018-11-20 20:44:40",68
"2018-11-20 21:44:42",68
"2018-11-20 22:44:39",68
"2018-11-20 23:44:38",68
"2018-11-21 00:44:36",68
"2018-11-21 01:44:37",68
"2018-11-21 02:44:37",68
"2018-11-21 03:44:38",68
"2018-11-21 04:44:38",68
"2018-11-21 05:44:39",68
"2018-11-21 06:44:39",68
"2018-11-21 07:44:40",68
"2018-11-21 08:44:39",68
"2018-11-21 09:44:37",68
"2018-11-21 10:44:37",68
"2018-11-21 11:44:37",68
"2018-11-21 12:44:37",68
"2018-11-21 13:44:36",68
"2018-11-21 14:44:41",68
"2018-11-21 16:44:41",69
"2018-11-21 17:44:43",69
"2018-11-21 18:44:38",69
"2018-11-21 19:44:39",69
"2018-11-21 20:44:40",69
"2018-11-21 21:44:39",69
"2018-11-21 22:44:39",69
"2018-11-21 23:44:37",69
"2018-11-22 00:44:37",69
"2018-11-22 01:44:37",69
"2018-11-22 02:44:38",69
"2018-11-22 03:44:38",69
"2018-11-22 04:44:39",69
"2018-11-22 05:44:37",69
"2018-11-22 06:44:38",69
"2018-11-22 07:44:38",69
"2018-11-22 08:44:37",69
"2018-11-22 09:44:37",69
"2018-11-22 10:44:38",69
"2018-11-22 11:44:38",69
"2018-11-22 12:44:38",69
"2018-11-22 13:44:38",69
"2018-11-22 14:44:37",69
"2018-11-22 15:44:38",69
"2018-11-22 16:44:36",69
"2018-11-22 17:44:38",69
"2018-11-22 18:44:37",69
"2018-11-22 19:44:37",69
"2018-11-22 20:44:38",69
"2018-11-22 21:44:38",69
"2018-11-22 22:44:38",69
"2018-11-22 23:44:37",69
"2018-11-23 00:44:37",69
"2018-11-23 01:44:37",69
"2018-11-23 02:44:37",69
"2018-11-23 03:44:38",69
"2018-11-23 04:44:38",69
"2018-11-23 05:44:38",69
"2018-11-23 06:44:37",69
"2018-11-23 07:44:38",69
"2018-11-23 08:44:37",69
"2018-11-23 09:44:38",69
"2018-11-23 10:44:38",69
"2018-11-23 11:44:39",69
"2018-11-23 12:44:38",69
"2018-11-23 13:44:38",69
"2018-11-23 14:44:39",69
"2018-11-23 15:44:39",70
"2018-11-23 16:44:37",70
"2018-11-23 17:44:37",70
"2018-11-23 18:44:37",70
"2018-11-23 19:44:38",70
"2018-11-23 20:44:38",70
"2018-11-23 21:44:39",70
"2018-11-23 22:44:38",70
"2018-11-23 23:44:39",70
"2018-11-24 00:44:38",70
"2018-11-24 01:44:39",70
"2018-11-24 02:44:40",70
"2018-11-24 03:44:39",70
"2018-11-24 04:44:40",70
"2018-11-24 05:44:40",70
"2018-11-24 06:44:39",70
"2018-11-24 07:44:38",70
"2018-11-24 08:44:39",70
"2018-11-24 09:44:37",70
"2018-11-24 10:44:37",70
"2018-11-24 11:44:39",70
"2018-11-24 12:44:38",70
"2018-11-24 13:44:37",70
"2018-11-24 14:44:38",70
"2018-11-24 15:44:39",70
"2018-11-24 16:44:38",70
"2018-11-24 17:44:39",70
"2018-11-24 18:44:38",70
"2018-11-24 19:44:37",70
"2018-11-24 20:44:39",70
"2018-11-24 21:44:38",70
"2018-11-24 22:44:38",70
"2018-11-24 23:44:39",70
"2018-11-25 00:44:39",70
"2018-11-25 01:44:38",70
"2018-11-25 02:44:38",70
"2018-11-25 03:44:38",70
"2018-11-25 04:44:39",70
"2018-11-25 05:44:38",70
"2018-11-25 06:44:38",70
"2018-11-25 07:44:38",70
"2018-11-25 08:44:37",70
"2018-11-25 09:44:38",70
"2018-11-25 10:44:38",70
"2018-11-25 11:44:39",70
"2018-11-25 12:44:37",70
"2018-11-25 13:44:38",70
"2018-11-25 14:44:38",70
"2018-11-25 15:44:38",70
"2018-11-25 16:44:39",70
"2018-11-25 17:44:39",70
"2018-11-25 18:44:39",70
"2018-11-25 19:44:40",70
"2018-11-25 20:44:38",70
"2018-11-25 21:44:38",70
"2018-11-25 22:44:38",70
"2018-11-25 23:44:38",70
"2018-11-26 00:44:37",70
"2018-11-26 01:44:39",70
"2018-11-26 02:44:40",70
"2018-11-26 03:44:38",70
"2018-11-26 04:44:38",70
"2018-11-26 05:44:38",70
"2018-11-26 06:44:37",70
"2018-11-26 07:44:38",70
"2018-11-26 08:44:38",70
"2018-11-26 09:44:38",70
"2018-11-26 10:44:38",70
"2018-11-26 11:44:38",70
"2018-11-26 12:44:38",70
"2018-11-26 13:44:37",70
"2018-11-26 14:44:45",70
"2018-11-26 15:44:40",70
"2018-11-26 16:44:40",70
"2018-11-26 17:44:40",70
"2018-11-26 18:44:40",69
"2018-11-26 19:44:39",68
"2018-11-26 20:44:41",67
"2018-11-26 21:44:38",67
"2018-11-26 22:44:43",67
"2018-11-26 23:44:43",67
"2018-11-27 00:44:41",67
"2018-11-27 01:44:41",67
"2018-11-27 02:44:41",67
"2018-11-27 03:44:38",67
"2018-11-27 04:44:39",67
"2018-11-27 05:44:39",67
"2018-11-27 06:44:39",67
"2018-11-27 07:44:38",67
"2018-11-27 08:44:37",67
"2018-11-27 09:44:38",67
"2018-11-27 10:46:25",67
"2018-11-27 11:44:37",67
"2018-11-27 12:44:37",67
"2018-11-27 13:44:38",67
"2018-11-27 14:44:43",67
"2018-11-27 15:44:40",66
"2018-11-27 16:44:43",66
"2018-11-27 17:44:42",65
"2018-11-27 18:44:40",66
"2018-11-27 19:44:41",66
"2018-11-27 20:44:39",66
"2018-11-27 21:44:42",66
"2018-11-27 22:44:41",66
"2018-11-27 23:44:40",66
"2018-11-28 00:44:39",66
"2018-11-28 01:44:40",66
"2018-11-28 02:44:40",66
"2018-11-28 03:44:41",66
"2018-11-28 04:44:41",66
"2018-11-28 05:44:40",66
"2018-11-28 06:44:39",66
"2018-11-28 07:44:38",66
"2018-11-28 08:44:40",66
"2018-11-28 09:44:42",66
"2018-11-28 10:44:39",66
"2018-11-28 11:44:38",66
"2018-11-28 12:44:39",66
"2018-11-28 14:09:43",66
"2018-11-28 14:44:42",66
"2018-11-28 15:44:47",65
"2018-11-28 16:44:43",65
"2018-11-28 17:44:45",65
"2018-11-28 18:44:43",65
"2018-11-28 19:44:41",65
"2018-11-28 20:44:43",64
"2018-11-28 21:44:40",64
"2018-11-28 22:44:39",64
"2018-11-28 23:44:38",64
"2018-11-29 00:44:39",64
"2018-11-29 01:44:41",64
"2018-11-29 02:44:40",64
"2018-11-29 03:44:39",64
"2018-11-29 04:44:38",64
"2018-11-29 05:44:39",64
"2018-11-29 06:44:39",64
"2018-11-29 07:44:38",64
"2018-11-29 08:44:37",64
"2018-11-29 09:44:39",64
"2018-11-29 10:44:39",64
"2018-11-29 11:44:38",64
"2018-11-29 12:44:39",64
"2018-11-29 13:44:40",64
"2018-11-29 15:09:47",63
"2018-11-29 15:44:40",63
"2018-11-29 16:44:40",63
"2018-11-29 17:44:44",61
"2018-11-29 18:44:45",61
"2018-11-29 19:44:41",61
"2018-11-29 20:44:39",61
"2018-11-29 21:44:41",61
"2018-11-29 22:44:40",61
"2018-11-29 23:44:41",61
"2018-11-30 00:44:42",61
"2018-11-30 01:44:41",61
"2018-11-30 02:44:38",61
"2018-11-30 03:44:41",61
"2018-11-30 04:44:39",61
"2018-11-30 05:44:42",61
"2018-11-30 06:44:40",61
"2018-11-30 07:44:39",61
"2018-11-30 08:44:38",61
"2018-11-30 09:44:40",61
"2018-11-30 10:44:40",61
"2018-11-30 11:44:38",61
"2018-11-30 12:44:39",61
"2018-11-30 13:44:39",61
"2018-11-30 14:44:43",61
"2018-11-30 15:44:41",62
"2018-11-30 16:44:41",62
"2018-11-30 17:44:41",63
"2018-11-30 18:44:39",63
"2018-11-30 19:44:39",63
"2018-11-30 20:44:40",63
"2018-11-30 21:44:39",63
"2018-11-30 22:44:43",63
"2018-11-30 23:44:41",63
"2018-12-01 00:44:39",63
"2018-12-01 01:44:39",63
"2018-12-01 02:44:39",63
"2018-12-01 03:44:39",63
"2018-12-01 04:44:38",63
"2018-12-01 05:44:40",63
"2018-12-01 06:44:38",63
"2018-12-01 07:44:38",63
"2018-12-01 08:44:38",63
"2018-12-01 09:44:38",63
"2018-12-01 10:44:38",63
"2018-12-01 11:44:39",63
"2018-12-01 12:44:39",63
"2018-12-01 13:44:39",63
"2018-12-01 14:44:38",63
"2018-12-01 15:44:39",63
"2018-12-01 16:44:38",63
"2018-12-01 17:44:38",63
"2018-12-01 18:44:39",63
"2018-12-01 19:44:38",63
"2018-12-01 20:44:39",63
"2018-12-01 21:44:38",63
"2018-12-01 22:44:43",63
"2018-12-01 23:44:40",63
"2018-12-02 00:44:37",63
"2018-12-02 01:44:38",63
"2018-12-02 02:44:38",63
"2018-12-02 03:44:39",63
"2018-12-02 04:44:39",63
"2018-12-02 05:44:39",63
"2018-12-02 06:44:38",63
"2018-12-02 07:44:41",63
"2018-12-02 08:44:41",63
"2018-12-02 09:44:38",63
"2018-12-02 10:44:40",63
"2018-12-02 11:44:39",63
"2018-12-02 12:44:38",63
"2018-12-02 13:44:38",63
"2018-12-02 14:44:38",63
"2018-12-02 15:44:39",63
"2018-12-02 16:44:38",63
"2018-12-02 17:44:38",63
"2018-12-02 18:44:38",63
"2018-12-02 19:44:38",63
"2018-12-02 20:44:38",63
"2018-12-02 21:44:38",63
"2018-12-02 22:44:37",63
"2018-12-02 23:44:38",63
"2018-12-03 00:44:39",63
"2018-12-03 01:44:38",63
"2018-12-03 02:44:38",63
"2018-12-03 03:44:39",63
"2018-12-03 04:44:40",63
"2018-12-03 05:44:37",63
"2018-12-03 06:44:41",63
"2018-12-03 07:44:39",63
"2018-12-03 08:44:38",63
"2018-12-03 09:44:40",63
"2018-12-03 10:44:39",63
"2018-12-03 11:44:39",63
"2018-12-03 12:44:37",63
"2018-12-03 13:44:38",63
"2018-12-03 14:44:46",63
"2018-12-03 15:44:40",64
"2018-12-03 16:44:43",64
"2018-12-03 17:44:42",64
"2018-12-03 18:44:40",64
"2018-12-03 19:44:38",64
"2018-12-03 20:44:39",64
"2018-12-03 21:44:38",64
"2018-12-03 22:44:41",64
"2018-12-03 23:44:43",64
"2018-12-04 00:44:41",64
"2018-12-04 01:44:39",64
"2018-12-04 02:44:40",64
"2018-12-04 03:44:40",64
"2018-12-04 04:44:38",64
"2018-12-04 05:44:43",64
"2018-12-04 06:44:41",64
"2018-12-04 07:44:40",64
"2018-12-04 08:44:40",64
"2018-12-04 09:44:39",64
"2018-12-04 10:44:37",64
"2018-12-04 11:44:38",64
"2018-12-04 12:44:39",64
"2018-12-04 13:44:39",64
"2018-12-04 15:11:14",64
"2018-12-04 15:44:41",64
"2018-12-04 16:44:39",64
"2018-12-04 17:44:40",64
"2018-12-04 18:44:40",64
"2018-12-04 19:44:41",64
"2018-12-04 20:44:41",64
"2018-12-04 21:44:41",64
"2018-12-04 22:44:43",64
"2018-12-04 23:44:42",64
"2018-12-05 00:44:42",64
"2018-12-05 01:44:42",64
"2018-12-05 02:44:42",64
"2018-12-05 03:44:41",64
"2018-12-05 04:44:44",64
"2018-12-05 05:44:45",64
"2018-12-05 06:44:41",64
"2018-12-05 07:44:39",64
"2018-12-05 08:44:39",64
"2018-12-05 09:44:38",64
"2018-12-05 10:44:40",64
"2018-12-05 11:44:39",64
"2018-12-05 12:44:38",64
"2018-12-05 13:44:38",64
"2018-12-05 14:44:38",64
"2018-12-05 15:44:40",64
"2018-12-05 16:44:39",64
"2018-12-05 17:44:39",64
"2018-12-05 18:44:39",64
"2018-12-05 19:44:42",64
"2018-12-05 20:44:41",64
"2018-12-05 21:44:41",64
"2018-12-05 22:44:42",64
"2018-12-05 23:44:42",64
"2018-12-06 00:44:41",64
"2018-12-06 01:44:40",64
"2018-12-06 02:44:39",64
"2018-12-06 03:44:40",64
"2018-12-06 04:44:37",64
"2018-12-06 05:44:39",64
"2018-12-06 06:44:39",64
"2018-12-06 07:44:37",64
"2018-12-06 08:44:41",64
"2018-12-06 09:44:41",64
"2018-12-06 10:44:38",64
"2018-12-06 11:44:40",64
"2018-12-06 12:44:40",64
"2018-12-06 13:44:40",64
"2018-12-06 14:44:42",64
"2018-12-06 15:44:41",64
"2018-12-06 16:44:41",65
"2018-12-06 17:44:42",65
"2018-12-06 18:44:40",65
"2018-12-06 19:44:40",65
"2018-12-06 20:44:39",65
"2018-12-06 21:44:39",66
"2018-12-06 22:44:38",66
"2018-12-06 23:44:45",66
"2018-12-07 00:44:46",66
"2018-12-07 01:44:46",66
"2018-12-07 02:44:43",66
"2018-12-07 03:44:45",66
"2018-12-07 04:44:47",66
"2018-12-07 05:44:45",66
"2018-12-07 06:44:46",66
"2018-12-07 07:44:43",66
"2018-12-07 08:44:43",66
"2018-12-07 09:44:44",66
"2018-12-07 10:44:43",66
"2018-12-07 11:44:43",66
"2018-12-07 12:44:45",66
"2018-12-07 14:09:45",66
"2018-12-07 14:44:50",66
"2018-12-07 16:09:51",66
"2018-12-07 16:44:45",66
"2018-12-07 17:44:46",66
"2018-12-07 18:44:45",67
"2018-12-07 19:44:48",67
"2018-12-07 20:44:47",67
"2018-12-07 21:44:45",67
"2018-12-07 22:44:48",67
"2018-12-07 23:44:48",67
"2018-12-08 00:44:46",67
"2018-12-08 01:44:44",67
"2018-12-08 03:44:48",67
"2018-12-08 04:44:46",67
"2018-12-08 05:44:47",67
"2018-12-08 06:44:44",67
"2018-12-08 07:44:46",67
"2018-12-08 08:44:45",67
"2018-12-08 09:44:44",67
"2018-12-08 10:44:45",67
"2018-12-08 11:44:45",67
"2018-12-08 12:44:46",67
"2018-12-08 13:44:44",67
"2018-12-08 14:44:45",67
"2018-12-08 15:44:45",67
"2018-12-08 16:44:46",67
"2018-12-08 17:44:46",67
"2018-12-08 18:44:44",67
"2018-12-08 19:44:45",67
"2018-12-08 20:44:50",67
"2018-12-08 21:44:49",67
"2018-12-08 22:44:45",67
"2018-12-08 23:44:47",67
"2018-12-09 00:44:45",67
"2018-12-09 01:44:47",67
"2018-12-09 02:44:46",67
"2018-12-09 03:44:45",67
"2018-12-09 04:44:44",67
"2018-12-09 05:44:44",67
"2018-12-09 06:44:45",67
"2018-12-09 07:44:47",67
"2018-12-09 08:44:46",67
"2018-12-09 09:44:49",67
"2018-12-09 10:44:45",67
"2018-12-09 11:44:47",67
"2018-12-09 12:44:45",67
"2018-12-09 13:44:45",67
"2018-12-09 14:44:44",67
"2018-12-09 15:44:46",67
"2018-12-09 16:44:44",67
"2018-12-09 17:44:45",67
"2018-12-09 18:44:45",67
"2018-12-09 19:44:44",67
"2018-12-09 20:44:45",67
"2018-12-09 21:44:44",67
"2018-12-09 22:44:49",67
"2018-12-09 23:44:47",67
"2018-12-10 00:44:47",67
"2018-12-10 01:44:44",67
"2018-12-10 02:44:44",67
"2018-12-10 03:44:45",67
"2018-12-10 04:44:48",67
"2018-12-10 05:44:44",67
"2018-12-10 06:44:50",67
"2018-12-10 07:44:49",67
"2018-12-10 08:44:46",67
"2018-12-10 09:44:45",67
"2018-12-10 10:44:46",67
"2018-12-10 11:44:44",67
"2018-12-10 12:44:45",67
"2018-12-10 13:44:50",67
"2018-12-10 15:08:22",65
"2018-12-10 15:44:43",65
"2018-12-10 16:44:45",65
"2018-12-10 17:44:47",65
"2018-12-10 18:44:45",65
"2018-12-10 19:44:46",65
"2018-12-10 20:44:43",65
"2018-12-10 21:44:46",65
"2018-12-10 22:44:44",65
"2018-12-10 23:44:46",65
"2018-12-11 00:44:45",65
"2018-12-11 01:44:43",65
"2018-12-11 02:44:44",65
"2018-12-11 03:44:45",65
"2018-12-11 04:44:43",65
"2018-12-11 05:44:46",65
"2018-12-11 06:44:46",65
"2018-12-11 07:44:45",65
"2018-12-11 08:44:45",65
"2018-12-11 09:44:44",65
"2018-12-11 10:44:44",65
"2018-12-11 11:44:45",65
"2018-12-11 12:44:45",65
"2018-12-11 13:44:43",65
"2018-12-11 15:09:18",66
"2018-12-11 15:44:45",66
"2018-12-11 16:44:45",66
"2018-12-11 17:44:45",66
"2018-12-11 18:44:45",66
"2018-12-11 19:44:45",66
"2018-12-11 20:44:44",66
"2018-12-11 21:44:48",66
"2018-12-11 22:44:46",66
"2018-12-11 23:44:45",66
"2018-12-12 00:44:43",66
"2018-12-12 01:44:43",66
"2018-12-12 02:44:45",66
"2018-12-12 03:44:44",66
"2018-12-12 04:44:43",66
"2018-12-12 05:44:43",66
"2018-12-12 06:44:44",66
"2018-12-12 07:44:44",66
"2018-12-12 08:44:44",66
"2018-12-12 09:44:44",66
"2018-12-12 10:44:44",66
"2018-12-12 11:44:47",66
"2018-12-12 12:44:48",66
"2018-12-12 14:10:23",66
"2018-12-12 14:44:48",66
"2018-12-12 15:44:46",66
"2018-12-12 16:44:46",66
"2018-12-12 17:44:47",66
"2018-12-12 18:44:44",66
"2018-12-12 19:44:46",66
"2018-12-12 20:44:44",66
"2018-12-12 21:44:45",66
"2018-12-12 22:44:46",66
"2018-12-12 23:44:46",66
"2018-12-13 00:44:44",66
"2018-12-13 01:44:45",66
"2018-12-13 02:44:46",66
"2018-12-13 03:44:44",66
"2018-12-13 04:44:51",66
"2018-12-13 05:44:48",66
"2018-12-13 06:44:47",66
"2018-12-13 07:44:45",66
"2018-12-13 08:44:43",66
"2018-12-13 09:44:45",66
"2018-12-13 10:44:44",66
"2018-12-13 11:44:44",66
"2018-12-13 12:44:43",66
"2018-12-13 14:08:48",66
"2018-12-13 14:44:47",66
"2018-12-13 15:44:47",67
"2018-12-13 16:44:44",67
"2018-12-13 17:44:48",66
"2018-12-13 18:44:47",66
"2018-12-13 19:44:47",67
"2018-12-13 20:44:46",67
"2018-12-13 21:44:44",67
"2018-12-13 22:44:46",67
"2018-12-13 23:44:45",67
"2018-12-14 00:44:44",67
"2018-12-14 01:44:45",67
"2018-12-14 02:44:44",67
"2018-12-14 03:44:44",67
"2018-12-14 04:44:48",67
"2018-12-14 05:44:45",67
"2018-12-14 06:44:45",67
"2018-12-14 07:44:45",67
"2018-12-14 08:44:45",67
"2018-12-14 09:44:44",67
"2018-12-14 10:44:45",67
"2018-12-14 11:44:46",67
"2018-12-14 12:44:45",67
"2018-12-14 14:08:49",67
"2018-12-14 14:44:49",67
"2018-12-14 15:44:47",67
"2018-12-14 16:44:46",67
"2018-12-14 17:44:48",67
"2018-12-14 18:44:50",67
"2018-12-14 19:44:50",67
"2018-12-14 20:44:50",67
"2018-12-14 21:44:46",67
"2018-12-14 22:44:49",67
"2018-12-14 23:44:47",67
"2018-12-15 00:44:46",67
"2018-12-15 01:44:48",67
"2018-12-15 02:44:45",67
"2018-12-15 03:44:46",67
"2018-12-15 04:44:45",67
"2018-12-15 05:44:48",67
"2018-12-15 06:44:47",67
"2018-12-15 07:44:46",67
"2018-12-15 08:44:45",67
"2018-12-15 09:44:45",67
"2018-12-15 10:44:46",67
"2018-12-15 11:44:45",67
"2018-12-15 12:44:46",67
"2018-12-15 13:44:45",67
"2018-12-15 14:44:46",67
"2018-12-15 15:44:47",67
"2018-12-15 16:44:46",67
"2018-12-15 17:44:48",67
"2018-12-15 18:44:46",67
"2018-12-15 19:44:46",67
"2018-12-15 20:44:45",67
"2018-12-15 21:44:45",67
"2018-12-15 22:44:46",67
"2018-12-15 23:44:45",67
"2018-12-16 00:44:46",67
"2018-12-16 01:44:45",67
"2018-12-16 02:44:45",67
"2018-12-16 03:44:46",67
"2018-12-16 04:44:50",67
"2018-12-16 05:44:45",67
"2018-12-16 06:44:48",67
"2018-12-16 07:44:47",67
"2018-12-16 08:44:45",67
"2018-12-16 09:44:48",67
"2018-12-16 10:44:46",67
"2018-12-16 11:44:46",67
"2018-12-16 12:44:45",67
"2018-12-16 13:44:45",67
"2018-12-16 14:44:46",67
"2018-12-16 15:44:45",67
"2018-12-16 16:44:45",67
"2018-12-16 17:44:50",67
"2018-12-16 18:44:45",67
"2018-12-16 19:44:47",67
"2018-12-16 20:44:46",67
"2018-12-16 21:44:45",67
"2018-12-16 22:44:49",67
"2018-12-16 23:44:48",67
"2018-12-17 00:44:47",67
"2018-12-17 01:44:45",67
"2018-12-17 02:44:46",67
"2018-12-17 03:44:45",67
"2018-12-17 04:44:51",67
"2018-12-17 05:44:45",67
"2018-12-17 06:44:47",67
"2018-12-17 07:44:46",67
"2018-12-17 08:44:45",67
"2018-12-17 09:44:46",67
"2018-12-17 10:44:46",67
"2018-12-17 11:44:45",67
"2018-12-17 12:44:46",67
"2018-12-17 13:44:49",67
"2018-12-17 14:44:51",67
"2018-12-17 15:44:47",67
"2018-12-17 16:44:48",67
"2018-12-17 17:44:46",67
"2018-12-17 18:44:47",67
"2018-12-17 20:10:20",67
"2018-12-17 20:44:47",67
"2018-12-17 21:44:48",67
"2018-12-17 22:44:48",67
"2018-12-17 23:44:46",67
"2018-12-18 00:44:46",67
"2018-12-18 01:44:47",67
"2018-12-18 02:44:45",67
"2018-12-18 03:44:46",67
"2018-12-18 04:44:45",67
"2018-12-18 05:44:46",67
"2018-12-18 06:44:45",67
"2018-12-18 07:44:45",67
"2018-12-18 08:44:45",67
"2018-12-18 09:44:44",67
"2018-12-18 10:44:45",67
"2018-12-18 11:44:44",67
"2018-12-18 12:44:45",67
"2018-12-18 13:44:46",67
"2018-12-18 14:44:47",67
"2018-12-18 15:44:46",67
"2018-12-18 16:44:45",66
"2018-12-18 17:44:46",66
"2018-12-18 18:44:45",65
"2018-12-18 19:44:45",65
"2018-12-18 20:44:48",65
"2018-12-18 21:44:48",65
"2018-12-18 22:44:45",65
"2018-12-18 23:44:48",65
"2018-12-19 00:44:46",65
"2018-12-19 01:44:47",65
"2018-12-19 02:44:46",65
"2018-12-19 03:44:48",65
"2018-12-19 04:44:48",65
"2018-12-19 05:44:49",65
"2018-12-19 06:44:47",65
"2018-12-19 07:44:46",65
"2018-12-19 08:44:45",65
"2018-12-19 09:44:47",65
"2018-12-19 11:44:46",65
"2018-12-19 12:44:45",65
"2018-12-19 13:44:45",65
"2018-12-19 14:44:47",65
"2018-12-19 15:44:46",65
"2018-12-19 16:44:46",65
"2018-12-19 17:44:44",65
"2018-12-19 18:44:48",65
"2018-12-19 19:44:46",66
"2018-12-19 20:44:47",66
"2018-12-19 21:44:52",66
"2018-12-19 22:44:51",66
"2018-12-19 23:44:51",66
"2018-12-20 00:44:51",66
"2018-12-20 01:44:50",66
"2018-12-20 02:44:49",66
"2018-12-20 03:44:49",66
"2018-12-20 04:44:50",66
"2018-12-20 05:44:46",66
"2018-12-20 06:44:47",66
"2018-12-20 07:44:50",66
"2018-12-20 08:44:49",66
"2018-12-20 09:44:45",66
"2018-12-20 10:44:47",66
"2018-12-20 11:44:45",66
"2018-12-20 12:44:45",66
"2018-12-20 13:44:46",66
"2018-12-20 14:44:49",66
"2018-12-20 15:44:48",66
"2018-12-20 16:44:53",66
"2018-12-20 17:44:48",66
"2018-12-20 18:44:46",66
"2018-12-20 19:44:46",66
"2018-12-20 20:44:50",65
"2018-12-20 21:44:49",65
"2018-12-20 22:44:49",65
"2018-12-20 23:44:50",65
"2018-12-21 00:44:47",65
"2018-12-21 01:44:48",65
"2018-12-21 02:44:49",65
"2018-12-21 03:44:47",65
"2018-12-21 04:44:50",65
"2018-12-21 05:44:45",65
"2018-12-21 06:44:48",65
"2018-12-21 07:44:45",65
"2018-12-21 08:44:45",65
"2018-12-21 09:44:45",65
"2018-12-21 10:44:44",65
"2018-12-21 11:44:45",65
"2018-12-21 12:44:46",65
"2018-12-21 13:44:46",65
"2018-12-21 14:44:49",65
"2018-12-21 15:44:48",65
"2018-12-21 16:44:49",64
"2018-12-21 17:44:49",64
"2018-12-21 18:44:52",64
"2018-12-21 19:44:46",64
"2018-12-21 20:44:53",64
"2018-12-21 21:44:49",64
"2018-12-21 22:44:50",64
"2018-12-21 23:44:48",64
"2018-12-22 00:44:51",64
"2018-12-22 01:44:50",64
"2018-12-22 02:44:52",64
"2018-12-22 03:44:45",64
"2018-12-22 04:44:50",64
"2018-12-22 05:44:45",64
"2018-12-22 06:44:49",64
"2018-12-22 07:44:49",64
"2018-12-22 08:44:45",64
"2018-12-22 09:44:45",64
"2018-12-22 10:44:46",64
"2018-12-22 11:44:45",64
"2018-12-22 12:44:45",64
"2018-12-22 13:44:44",64
"2018-12-22 14:44:46",64
"2018-12-22 15:44:46",64
"2018-12-22 16:44:44",64
"2018-12-22 17:44:46",64
"2018-12-22 18:44:45",64
"2018-12-22 19:44:49",64
"2018-12-22 20:44:48",64
"2018-12-22 21:44:48",64
"2018-12-22 22:44:49",64
"2018-12-22 23:44:46",64
"2018-12-23 00:44:46",64
"2018-12-23 01:44:47",64
"2018-12-23 02:44:45",64
"2018-12-23 03:44:49",64
"2018-12-23 04:44:48",64
"2018-12-23 05:44:46",64
"2018-12-23 06:44:50",64
"2018-12-23 07:44:46",64
"2018-12-23 08:44:48",64
"2018-12-23 09:44:46",64
"2018-12-23 10:44:51",64
"2018-12-23 11:44:49",64
"2018-12-23 12:44:45",64
"2018-12-23 13:44:48",64
"2018-12-23 14:44:48",64
"2018-12-23 15:44:50",64
"2018-12-23 16:44:50",64
"2018-12-23 17:44:51",64
"2018-12-23 18:44:49",64
"2018-12-23 19:44:49",64
"2018-12-23 20:44:50",64
"2018-12-23 21:44:50",64
"2018-12-23 22:44:48",64
"2018-12-23 23:44:45",64
"2018-12-24 00:44:48",64
"2018-12-24 01:44:50",64
"2018-12-24 02:44:51",64
"2018-12-24 03:44:51",64
"2018-12-24 04:44:45",64
"2018-12-24 05:44:47",64
"2018-12-24 06:44:47",64
"2018-12-24 07:44:51",64
"2018-12-24 08:44:46",64
"2018-12-24 09:44:51",64
"2018-12-24 10:44:47",64
"2018-12-24 11:44:48",64
"2018-12-24 12:44:46",64
"2018-12-24 13:44:48",64
"2018-12-24 15:08:27",63
"2018-12-24 15:44:51",63
"2018-12-24 16:44:49",63
"2018-12-24 17:44:50",63
"2018-12-24 18:44:52",63
"2018-12-24 19:44:51",63
"2018-12-24 20:44:52",63
"2018-12-24 21:44:45",63
"2018-12-24 22:44:46",63
"2018-12-24 23:44:45",63
"2018-12-25 00:44:47",63
"2018-12-25 01:44:45",63
"2018-12-25 02:44:49",63
"2018-12-25 03:44:48",63
"2018-12-25 04:44:47",63
"2018-12-25 05:44:47",63
"2018-12-25 06:44:49",63
"2018-12-25 07:44:46",63
"2018-12-25 08:44:47",63
"2018-12-25 09:44:45",63
"2018-12-25 10:44:45",63
"2018-12-25 11:44:45",63
"2018-12-25 12:44:46",63
"2018-12-25 13:44:46",63
"2018-12-25 14:44:45",63
"2018-12-25 15:44:46",63
"2018-12-25 16:44:45",63
"2018-12-25 17:44:48",63
"2018-12-25 18:44:46",63
"2018-12-25 19:44:46",63
"2018-12-25 20:44:46",63
"2018-12-25 21:44:45",63
"2018-12-25 22:44:46",63
"2018-12-25 23:44:46",63
"2018-12-26 00:44:47",63
"2018-12-26 01:44:46",63
"2018-12-26 02:44:47",63
"2018-12-26 03:44:45",63
"2018-12-26 04:44:45",63
"2018-12-26 05:44:45",63
"2018-12-26 06:44:50",63
"2018-12-26 07:44:48",63
"2018-12-26 08:44:49",63
"2018-12-26 09:44:45",63
"2018-12-26 10:44:47",63
"2018-12-26 11:44:45",63
"2018-12-26 12:44:46",63
"2018-12-26 13:44:53",63
"2018-12-26 15:09:57",64
"2018-12-26 15:44:49",64
"2018-12-26 16:44:48",64
"2018-12-26 17:44:49",64
"2018-12-26 18:44:46",63
"2018-12-26 19:44:48",63
"2018-12-26 20:44:50",63
"2018-12-26 21:44:50",63
"2018-12-26 22:44:51",63
"2018-12-26 23:44:50",63
"2018-12-27 00:44:50",63
"2018-12-27 01:44:51",63
"2018-12-27 02:44:50",63
"2018-12-27 03:44:51",63
"2018-12-27 04:44:46",63
"2018-12-27 05:44:49",63
"2018-12-27 06:44:47",63
"2018-12-27 07:44:48",63
"2018-12-27 08:44:46",63
"2018-12-27 09:44:47",63
"2018-12-27 10:44:48",63
"2018-12-27 11:44:45",63
"2018-12-27 12:44:46",63
"2018-12-27 13:44:44",63
"2018-12-27 14:44:48",63
"2018-12-27 15:44:45",62
"2018-12-27 16:44:46",62
"2018-12-27 17:44:50",62
"2018-12-27 18:44:52",62
"2018-12-27 19:44:51",62
"2018-12-27 20:44:48",62
"2018-12-27 21:44:49",62
"2018-12-27 22:44:55",62
"2018-12-27 23:44:58",62
"2018-12-28 00:44:55",62
"2018-12-28 01:44:52",62
"2018-12-28 02:44:52",62
"2018-12-28 03:44:47",62
"2018-12-28 04:44:49",62
"2018-12-28 05:44:47",62
"2018-12-28 06:44:56",62
"2018-12-28 07:44:55",62
"2018-12-28 08:44:51",62
"2018-12-28 09:44:51",62
"2018-12-28 10:44:47",62
"2018-12-28 11:44:48",62
"2018-12-28 12:44:45",62
"2018-12-28 13:44:46",62
"2018-12-28 14:44:48",62
"2018-12-28 16:10:23",62
"2018-12-28 16:44:48",62
"2018-12-28 17:44:53",62
"2018-12-28 18:44:50",62
"2018-12-28 19:44:47",62
"2018-12-28 20:44:50",62
"2018-12-28 21:44:52",62
"2018-12-28 22:44:47",62
"2018-12-28 23:44:50",62
"2018-12-29 00:44:49",62
"2018-12-29 01:44:47",62
"2018-12-29 02:44:49",62
"2018-12-29 03:44:46",62
"2018-12-29 04:44:48",62
"2018-12-29 05:44:48",62
"2018-12-29 06:44:46",62
"2018-12-29 07:44:55",62
"2018-12-29 08:44:53",62
"2018-12-29 09:44:50",62
"2018-12-29 10:44:48",62
"2018-12-29 11:44:48",62
"2018-12-29 12:44:47",62
"2018-12-29 13:44:48",62
"2018-12-29 14:44:46",62
"2018-12-29 15:44:46",62
"2018-12-29 16:44:50",62
"2018-12-29 17:44:47",62
"2018-12-29 18:44:52",62
"2018-12-29 19:44:53",62
"2018-12-29 20:44:47",62
"2018-12-29 21:44:53",62
"2018-12-29 22:44:48",62
"2018-12-29 23:44:54",62
"2018-12-30 00:44:47",62
"2018-12-30 01:44:50",62
"2018-12-30 02:44:46",62
"2018-12-30 03:44:48",62
"2018-12-30 04:44:47",62
"2018-12-30 05:44:46",62
"2018-12-30 06:44:46",62
"2018-12-30 07:44:46",62
"2018-12-30 08:44:46",62
"2018-12-30 09:44:46",62
"2018-12-30 10:44:45",62
"2018-12-30 11:44:46",62
"2018-12-30 12:44:46",62
"2018-12-30 13:44:47",62
"2018-12-30 14:44:46",62
"2018-12-30 15:44:46",62
"2018-12-30 16:44:46",62
"2018-12-30 17:44:47",62
"2018-12-30 18:44:45",62
"2018-12-30 19:44:47",62
"2018-12-30 20:44:47",62
"2018-12-30 21:44:48",62
"2018-12-30 22:44:50",62
"2018-12-30 23:44:48",62
"2018-12-31 00:44:48",62
"2018-12-31 01:44:46",62
"2018-12-31 02:44:45",62
"2018-12-31 03:44:50",62
"2018-12-31 04:44:49",62
"2018-12-31 05:44:50",62
"2018-12-31 06:44:47",62
"2018-12-31 07:44:47",62
"2018-12-31 08:44:47",62
"2018-12-31 09:44:50",62
"2018-12-31 10:44:49",62
"2018-12-31 11:44:47",62
"2018-12-31 12:44:46",62
"2018-12-31 13:44:46",62
"2018-12-31 14:44:51",62
"2018-12-31 15:44:47",62
"2018-12-31 16:44:47",62
"2018-12-31 17:44:49",62
"2018-12-31 18:44:48",62
"2018-12-31 19:44:49",62
"2018-12-31 20:44:49",62
"2018-12-31 21:44:49",62
"2018-12-31 22:44:48",62
"2018-12-31 23:44:46",62
"2019-01-01 00:44:47",62
"2019-01-01 01:44:49",62
"2019-01-01 02:44:47",62
"2019-01-01 03:44:46",62
"2019-01-01 04:44:47",62
"2019-01-01 05:44:46",62
"2019-01-01 06:44:47",62
"2019-01-01 07:44:46",62
"2019-01-01 08:44:47",62
"2019-01-01 09:44:45",62
"2019-01-01 10:44:46",62
"2019-01-01 11:44:46",62
"2019-01-01 12:44:46",62
"2019-01-01 13:44:46",62
"2019-01-01 14:44:46",62
"2019-01-01 15:44:46",62
"2019-01-01 16:44:46",62
"2019-01-01 17:44:47",62
"2019-01-01 18:44:45",62
"2019-01-01 19:44:46",62
"2019-01-01 20:44:45",62
"2019-01-01 21:44:47",62
"2019-01-01 22:44:50",62
"2019-01-01 23:44:46",62
"2019-01-02 00:44:47",62
"2019-01-02 01:44:45",62
"2019-01-02 02:44:48",62
"2019-01-02 03:44:47",62
"2019-01-02 04:44:46",62
"2019-01-02 05:44:49",62
"2019-01-02 06:44:47",62
"2019-01-02 07:44:48",62
"2019-01-02 08:44:47",62
"2019-01-02 09:44:47",62
"2019-01-02 10:44:49",62
"2019-01-02 11:44:46",62
"2019-01-02 12:44:45",62
"2019-01-02 13:44:45",62
"2019-01-02 15:09:55",62
"2019-01-02 15:44:49",62
"2019-01-02 16:44:46",62
"2019-01-02 17:44:46",62
"2019-01-02 18:44:49",62
"2019-01-02 19:44:50",62
"2019-01-02 20:44:49",62
"2019-01-02 21:44:46",62
"2019-01-02 22:44:47",62
"2019-01-02 23:44:52",62
"2019-01-03 00:44:49",62
"2019-01-03 01:44:46",62
"2019-01-03 02:44:47",62
"2019-01-03 03:44:46",62
"2019-01-03 05:44:50",62
"2019-01-03 06:44:47",62
"2019-01-03 07:44:48",62
"2019-01-03 08:44:46",62
"2019-01-03 09:44:47",62
"2019-01-03 10:44:47",62
"2019-01-03 11:44:46",62
"2019-01-03 12:44:47",62
"2019-01-03 13:44:45",62
"2019-01-03 14:44:52",62
"2019-01-03 15:44:52",62
"2019-01-03 16:44:52",62
"2019-01-03 17:44:53",62
"2019-01-03 18:44:50",62
"2019-01-03 19:44:51",62
"2019-01-03 20:44:47",62
"2019-01-03 21:44:50",63
"2019-01-03 22:44:52",63
"2019-01-03 23:44:47",63
"2019-01-04 00:44:50",63
"2019-01-04 01:44:48",63
"2019-01-04 02:44:53",63
"2019-01-04 03:44:47",63
"2019-01-04 04:44:47",63
"2019-01-04 05:44:50",63
"2019-01-04 06:44:51",63
"2019-01-04 07:44:47",63
"2019-01-04 08:44:49",63
"2019-01-04 09:44:50",63
"2019-01-04 10:44:47",63
"2019-01-04 11:44:47",63
"2019-01-04 12:44:47",63
"2019-01-04 13:44:47",63
"2019-01-04 15:09:41",63
"2019-01-04 15:44:51",63
"2019-01-04 16:44:49",63
"2019-01-04 17:44:48",62
"2019-01-04 18:44:51",62
"2019-01-04 19:44:51",62
"2019-01-04 20:44:49",62
"2019-01-04 21:44:50",62
"2019-01-04 22:44:46",62
"2019-01-04 23:44:49",62
"2019-01-05 00:44:51",62
"2019-01-05 01:44:48",62
"2019-01-05 02:44:49",62
"2019-01-05 03:44:47",62
"2019-01-05 04:44:47",62
"2019-01-05 05:44:47",62
"2019-01-05 06:44:46",62
"2019-01-05 07:44:46",62
"2019-01-05 08:44:50",62
"2019-01-05 09:44:49",62
"2019-01-05 10:44:46",62
"2019-01-05 11:44:46",62
"2019-01-05 12:44:46",62
"2019-01-05 13:44:47",62
"2019-01-05 14:44:46",62
"2019-01-05 15:44:46",62
"2019-01-05 16:44:46",62
"2019-01-05 17:44:46",62
"2019-01-05 18:44:47",62
"2019-01-05 19:44:53",62
"2019-01-05 20:44:48",62
"2019-01-05 21:44:49",62
"2019-01-05 22:44:46",62
"2019-01-05 23:44:46",62
"2019-01-06 00:44:47",62
"2019-01-06 01:44:46",62
"2019-01-06 02:44:46",62
"2019-01-06 03:44:47",62
"2019-01-06 04:44:47",62
"2019-01-06 05:44:47",62
"2019-01-06 06:44:45",62
"2019-01-06 07:44:47",62
"2019-01-06 08:44:45",62
"2019-01-06 09:44:45",62
"2019-01-06 10:44:45",62
"2019-01-06 11:44:46",62
"2019-01-06 12:44:46",62
"2019-01-06 13:44:46",62
"2019-01-06 14:44:46",62
"2019-01-06 15:44:46",62
"2019-01-06 16:44:46",62
"2019-01-06 17:44:46",62
"2019-01-06 18:44:46",62
"2019-01-06 19:44:45",62
"2019-01-06 20:44:45",62
"2019-01-06 21:44:46",62
"2019-01-06 22:44:46",62
"2019-01-06 23:44:47",62
"2019-01-07 00:44:45",62
"2019-01-07 01:44:45",62
"2019-01-07 02:44:48",62
"2019-01-07 03:44:48",62
"2019-01-07 04:44:47",62
"2019-01-07 05:44:45",62
"2019-01-07 06:44:46",62
"2019-01-07 07:44:46",62
"2019-01-07 08:44:46",62
"2019-01-07 09:44:47",62
"2019-01-07 10:44:50",62
"2019-01-07 11:44:47",62
"2019-01-07 12:44:48",62
"2019-01-07 14:10:19",62
"2019-01-07 14:44:49",62
"2019-01-07 15:44:51",64
"2019-01-07 16:44:51",64
"2019-01-07 17:44:51",64
"2019-01-07 18:44:49",64
"2019-01-07 19:44:46",64
"2019-01-07 20:44:51",64
"2019-01-07 21:44:49",64
"2019-01-07 22:44:47",64
"2019-01-07 23:44:52",64
"2019-01-08 00:44:45",64
"2019-01-08 01:44:48",64
"2019-01-08 02:44:50",64
"2019-01-08 03:44:49",64
"2019-01-08 04:44:48",64
"2019-01-08 05:44:48",64
"2019-01-08 06:44:47",64
"2019-01-08 07:44:46",64
"2019-01-08 08:44:47",64
"2019-01-08 09:44:46",64
"2019-01-08 10:44:48",64
"2019-01-08 11:44:49",64
"2019-01-08 12:44:48",64
"2019-01-08 13:44:49",64
"2019-01-08 14:44:53",64
"2019-01-08 15:44:51",64
"2019-01-08 16:44:49",63
"2019-01-08 17:44:48",63
"2019-01-08 18:44:48",63
"2019-01-08 19:44:48",63
"2019-01-08 20:44:46",63
"2019-01-08 21:44:49",63
"2019-01-08 22:44:46",63
"2019-01-08 23:44:50",63
"2019-01-09 00:44:49",63
"2019-01-09 01:44:47",63
"2019-01-09 02:45:40",63
"2019-01-09 04:44:50",63
"2019-01-09 05:44:50",63
"2019-01-09 06:44:48",63
"2019-01-09 07:44:55",63
"2019-01-09 08:44:53",63
"2019-01-09 09:44:48",63
"2019-01-09 10:44:49",63
"2019-01-09 11:44:46",63
"2019-01-09 12:44:46",63
"2019-01-09 14:10:19",63
"2019-01-09 14:44:53",63
"2019-01-09 15:44:49",63
"2019-01-09 16:44:52",63
"2019-01-09 17:44:48",63
"2019-01-09 18:44:49",62
"2019-01-09 19:44:49",62
"2019-01-09 20:44:54",63
"2019-01-09 21:44:49",63
"2019-01-09 22:44:49",63
"2019-01-09 23:44:47",63
"2019-01-10 00:44:45",63
"2019-01-10 01:44:46",63
"2019-01-10 02:44:47",63
"2019-01-10 03:44:45",63
"2019-01-10 04:44:45",63
"2019-01-10 05:44:46",63
"2019-01-10 06:44:45",63
"2019-01-10 07:44:47",63
"2019-01-10 08:44:46",63
"2019-01-10 09:44:46",63
"2019-01-10 10:44:45",63
"2019-01-10 11:44:45",63
"2019-01-10 12:44:45",63
"2019-01-10 13:44:47",63
"2019-01-10 15:09:26",63
"2019-01-10 15:44:52",63
"2019-01-10 16:44:49",62
"2019-01-10 17:44:49",62
"2019-01-10 18:44:47",62
"2019-01-10 19:44:47",62
"2019-01-10 20:44:51",62
"2019-01-10 21:44:50",61
"2019-01-10 22:44:46",61
"2019-01-10 23:44:48",61
"2019-01-11 00:44:48",61
"2019-01-11 01:44:47",61
"2019-01-11 02:44:48",61
"2019-01-11 03:44:47",61
"2019-01-11 04:44:48",61
"2019-01-11 05:44:48",61
"2019-01-11 06:44:46",61
"2019-01-11 07:44:52",61
"2019-01-11 08:44:47",61
"2019-01-11 09:44:48",61
"2019-01-11 10:44:46",61
"2019-01-11 11:44:47",61
"2019-01-11 12:44:47",61
"2019-01-11 13:44:46",61
"2019-01-11 14:44:51",61
"2019-01-11 15:44:51",62
"2019-01-11 16:44:46",63
"2019-01-11 17:44:48",63
"2019-01-11 18:44:47",63
"2019-01-11 19:44:51",63
"2019-01-11 20:44:50",63
"2019-01-11 21:44:45",63
"2019-01-11 22:44:48",63
"2019-01-11 23:44:46",63
"2019-01-12 00:44:46",63
"2019-01-12 01:44:49",63
"2019-01-12 02:44:46",63
"2019-01-12 03:44:47",63
"2019-01-12 04:44:45",63
"2019-01-12 05:44:44",63
"2019-01-12 06:44:47",63
"2019-01-12 07:44:44",63
"2019-01-12 08:44:45",63
"2019-01-12 09:44:46",63
"2019-01-12 10:44:46",63
"2019-01-12 11:44:45",63
"2019-01-12 12:44:45",63
"2019-01-12 13:44:45",63
"2019-01-12 14:44:46",63
"2019-01-12 15:44:45",63
"2019-01-12 16:44:48",63
"2019-01-12 17:44:47",63
"2019-01-12 18:44:44",63
"2019-01-12 19:44:49",63
"2019-01-12 20:44:47",63
"2019-01-12 21:44:45",63
"2019-01-12 22:44:46",63
"2019-01-12 23:44:52",63
"2019-01-13 00:44:46",63
"2019-01-13 01:44:45",63
"2019-01-13 02:44:46",63
"2019-01-13 03:44:45",63
"2019-01-13 04:44:48",63
"2019-01-13 05:44:46",63
"2019-01-13 06:44:46",63
"2019-01-13 07:44:46",63
"2019-01-13 08:44:45",63
"2019-01-13 09:44:47",63
"2019-01-13 10:44:54",63
"2019-01-13 11:44:50",63
"2019-01-13 12:44:45",63
"2019-01-13 13:44:46",63
"2019-01-13 14:44:45",63
"2019-01-13 15:44:46",63
"2019-01-13 16:44:45",63
"2019-01-13 17:44:46",63
"2019-01-13 18:44:45",63
"2019-01-13 19:44:46",63
"2019-01-13 20:44:48",63
"2019-01-13 21:44:46",63
"2019-01-13 22:44:47",63
"2019-01-13 23:44:46",63
"2019-01-14 00:44:46",63
"2019-01-14 01:44:46",63
"2019-01-14 02:44:46",63
"2019-01-14 03:44:45",63
"2019-01-14 04:44:46",63
"2019-01-14 05:44:47",63
"2019-01-14 06:44:45",63
"2019-01-14 07:44:45",63
"2019-01-14 08:44:45",63
"2019-01-14 09:44:46",63
"2019-01-14 10:44:47",63
"2019-01-14 11:44:46",63
"2019-01-14 12:44:45",63
"2019-01-14 13:44:47",63
"2019-01-14 14:44:48",63
"2019-01-14 15:44:50",62
"2019-01-14 16:44:47",62
"2019-01-14 17:44:46",62
"2019-01-14 18:44:47",62
"2019-01-14 19:44:50",62
"2019-01-14 20:44:45",62
"2019-01-14 21:44:46",62
"2019-01-14 22:44:45",62
"2019-01-14 23:44:45",62
"2019-01-15 00:44:46",62
"2019-01-15 01:44:45",62
"2019-01-15 02:44:45",62
"2019-01-15 03:44:46",62
"2019-01-15 04:44:51",62
"2019-01-15 05:44:45",62
"2019-01-15 06:44:45",62
"2019-01-15 07:44:45",62
"2019-01-15 08:44:45",62
"2019-01-15 09:44:44",62
"2019-01-15 10:44:45",62
"2019-01-15 11:44:45",62
"2019-01-15 12:44:45",62
"2019-01-15 13:44:44",62
"2019-01-15 14:44:53",62
"2019-01-15 15:44:49",62
"2019-01-15 16:44:50",62
"2019-01-15 17:44:47",62
"2019-01-15 18:44:47",62
"2019-01-15 19:44:47",62
"2019-01-15 20:44:49",62
"2019-01-15 21:44:48",62
"2019-01-15 22:44:48",62
"2019-01-15 23:44:50",62
"2019-01-16 00:44:47",62
"2019-01-16 01:44:55",62
"2019-01-16 02:44:47",62
"2019-01-16 03:44:45",62
"2019-01-16 04:44:46",62
"2019-01-16 05:44:45",62
"2019-01-16 06:44:46",62
"2019-01-16 07:44:46",62
"2019-01-16 08:44:45",62
"2019-01-16 09:44:46",62
"2019-01-16 10:44:45",62
"2019-01-16 11:44:44",62
"2019-01-16 12:44:45",62
"2019-01-16 14:11:20",62
"2019-01-16 15:10:21",63
"2019-01-16 15:44:48",63
"2019-01-16 16:44:47",63
"2019-01-16 17:44:46",62
"2019-01-16 18:44:52",62
"2019-01-16 19:44:48",62
"2019-01-16 20:44:46",62
"2019-01-16 21:44:47",62
"2019-01-16 22:44:46",62
"2019-01-16 23:44:44",62
"2019-01-17 00:44:46",62
"2019-01-17 01:44:47",62
"2019-01-17 02:44:50",62
"2019-01-17 03:44:47",62
"2019-01-17 04:44:48",62
"2019-01-17 05:44:46",62
"2019-01-17 06:44:46",62
"2019-01-17 07:44:45",62
"2019-01-17 08:44:45",62
"2019-01-17 09:44:47",62
"2019-01-17 10:44:46",62
"2019-01-17 11:44:46",62
"2019-01-17 12:44:45",62
"2019-01-17 13:44:45",62
"2019-01-17 15:10:53",62
"2019-01-17 15:44:50",62
"2019-01-17 16:44:46",62
"2019-01-17 17:44:46",62
"2019-01-17 18:44:46",62
"2019-01-17 19:44:50",62
"2019-01-17 20:44:49",62
"2019-01-17 21:44:46",61
"2019-01-17 22:44:46",61
"2019-01-17 23:44:45",61
"2019-01-18 00:44:46",61
"2019-01-18 01:44:47",61
"2019-01-18 02:44:45",61
"2019-01-18 03:44:50",61
"2019-01-18 04:44:47",61
"2019-01-18 05:44:46",61
"2019-01-18 06:44:46",61
"2019-01-18 07:44:46",61
"2019-01-18 08:44:45",61
"2019-01-18 09:44:46",61
"2019-01-18 10:44:46",61
"2019-01-18 11:44:45",61
"2019-01-18 12:44:46",61
"2019-01-18 13:44:46",61
"2019-01-18 14:44:51",61
"2019-01-18 15:44:50",61
"2019-01-18 16:44:49",63
"2019-01-18 17:44:49",63
"2019-01-18 18:44:48",64
"2019-01-18 19:44:45",65
"2019-01-18 20:44:49",65
"2019-01-18 21:44:46",65
"2019-01-18 22:44:45",65
"2019-01-18 23:44:46",65
"2019-01-19 00:44:46",65
"2019-01-19 01:44:46",65
"2019-01-19 02:44:46",65
"2019-01-19 03:44:46",65
"2019-01-19 04:44:47",65
"2019-01-19 05:44:46",65
"2019-01-19 06:44:45",65
"2019-01-19 07:44:45",65
"2019-01-19 08:44:45",65
"2019-01-19 09:44:46",65
"2019-01-19 10:44:47",65
"2019-01-19 11:44:45",65
"2019-01-19 12:44:44",65
"2019-01-19 13:44:46",65
"2019-01-19 14:44:45",65
"2019-01-19 15:44:47",65
"2019-01-19 16:44:46",65
"2019-01-19 17:44:46",65
"2019-01-19 18:44:44",65
"2019-01-19 19:44:45",65
"2019-01-19 20:44:45",65
"2019-01-19 21:44:45",65
"2019-01-19 22:44:45",65
"2019-01-19 23:44:46",65
"2019-01-20 00:44:47",65
"2019-01-20 01:44:45",65
"2019-01-20 02:44:46",65
"2019-01-20 03:44:46",65
"2019-01-20 04:44:48",65
"2019-01-20 05:44:46",65
"2019-01-20 06:44:46",65
"2019-01-20 07:44:45",65
"2019-01-20 08:44:46",65
"2019-01-20 09:44:45",65
"2019-01-20 10:44:45",65
"2019-01-20 11:44:46",65
"2019-01-20 12:44:45",65
"2019-01-20 13:44:45",65
"2019-01-20 14:44:45",65
"2019-01-20 15:44:46",65
"2019-01-20 16:44:46",65
"2019-01-20 17:44:46",65
"2019-01-20 18:44:45",65
"2019-01-20 19:44:46",65
"2019-01-20 20:44:46",65
"2019-01-20 21:44:45",65
"2019-01-20 22:44:46",65
"2019-01-20 23:44:47",65
"2019-01-21 00:44:46",65
"2019-01-21 01:44:46",65
"2019-01-21 02:44:46",65
"2019-01-21 03:44:46",65
"2019-01-21 04:44:47",65
"2019-01-21 05:44:46",65
"2019-01-21 06:44:45",65
"2019-01-21 07:44:45",65
"2019-01-21 08:44:45",65
"2019-01-21 09:44:46",65
"2019-01-21 10:44:46",65
"2019-01-21 11:44:45",65
"2019-01-21 12:44:45",65
"2019-01-21 13:44:44",65
"2019-01-21 14:44:45",65
"2019-01-21 15:44:44",65
"2019-01-21 16:44:45",65
"2019-01-21 17:44:45",65
"2019-01-21 18:44:45",65
"2019-01-21 19:44:44",65
"2019-01-21 20:44:46",65
"2019-01-21 21:44:44",65
"2019-01-21 22:44:46",65
"2019-01-21 23:44:45",65
"2019-01-22 00:44:46",65
"2019-01-22 01:44:44",65
"2019-01-22 02:44:46",65
"2019-01-22 03:44:45",65
"2019-01-22 04:44:48",65
"2019-01-22 05:44:47",65
"2019-01-22 06:44:45",65
"2019-01-22 07:44:45",65
"2019-01-22 08:44:45",65
"2019-01-22 09:44:44",65
"2019-01-22 10:44:45",65
"2019-01-22 11:44:44",65
"2019-01-22 12:44:45",65
"2019-01-22 13:44:45",65
"2019-01-22 14:44:45",65
"2019-01-22 15:44:45",66
"2019-01-22 16:44:45",65
"2019-01-22 17:44:45",65
"2019-01-22 18:44:45",65
"2019-01-22 19:44:48",65
"2019-01-22 20:44:46",65
"2019-01-22 21:44:47",65
"2019-01-22 22:44:45",65
"2019-01-22 23:44:45",65
"2019-01-23 00:44:46",65
"2019-01-23 01:44:46",65
"2019-01-23 02:44:45",65
"2019-01-23 03:44:47",65
"2019-01-23 04:44:46",65
"2019-01-23 05:44:46",65
"2019-01-23 06:44:48",65
"2019-01-23 07:44:47",65
"2019-01-23 08:44:47",65
"2019-01-23 09:44:48",65
"2019-01-23 10:44:47",65
"2019-01-23 11:44:45",65
"2019-01-23 12:44:45",65
"2019-01-23 13:44:45",65
"2019-01-23 15:08:49",65
"2019-01-23 15:44:46",65
"2019-01-23 16:44:45",65
"2019-01-23 17:44:46",65
"2019-01-23 18:44:45",65
"2019-01-23 19:44:45",65
"2019-01-23 20:44:45",65
"2019-01-23 21:44:46",66
"2019-01-23 22:44:45",66
"2019-01-23 23:44:45",66
"2019-01-30 08:16:50",67
"2019-01-30 08:22:52",67
"2019-01-30 08:49:42",67
"2019-01-30 08:49:45",67
"2019-01-30 09:49:37",67
"2019-01-30 09:49:46",67
"2019-01-30 10:49:39",67
"2019-01-30 10:49:43",67
"2019-01-30 11:49:36",67
"2019-01-30 11:49:47",67
"2019-01-30 12:49:42",67
"2019-01-30 12:49:45",67
"2019-01-30 13:49:39",67
"2019-01-30 13:49:42",67
"2019-01-30 14:49:36",67
"2019-01-30 14:49:47",67
"2019-01-30 15:49:39",67
"2019-01-30 15:49:47",67
"2019-01-30 16:49:40",67
"2019-01-30 16:49:43",67
"2019-01-30 17:49:38",68
"2019-01-30 17:49:47",68
"2019-01-30 18:49:36",68
"2019-01-30 18:49:43",68
"2019-01-30 19:49:45",68
"2019-01-30 19:49:48",68
"2019-01-30 20:45:56",68
"2019-01-30 21:49:41",68
"2019-01-30 21:49:44",68
"2019-01-30 22:49:41",68
"2019-01-30 22:49:44",68
"2019-01-30 23:49:44",68
"2019-01-30 23:49:48",68
"2019-01-31 00:49:45",68
"2019-01-31 00:49:48",68
"2019-01-31 01:49:40",68
"2019-01-31 01:49:43",68
"2019-01-31 02:49:42",68
"2019-01-31 02:49:45",68
"2019-01-31 03:49:42",68
"2019-01-31 03:49:43",68
"2019-01-31 04:49:40",68
"2019-01-31 04:49:43",68
"2019-01-31 05:49:42",68
"2019-01-31 05:49:45",68
"2019-01-31 06:49:42",68
"2019-01-31 06:49:46",68
"2019-01-31 08:18:18",68
"2019-01-31 08:44:53",68
"2019-01-31 10:08:26",68
"2019-01-31 10:44:53",68
"2019-01-31 11:44:52",68
"2019-01-31 12:44:51",68
"2019-01-31 13:44:53",68
"2019-01-31 15:44:53",68
"2019-01-31 16:44:57",68
"2019-01-31 17:44:55",68
"2019-01-31 18:44:54",69
"2019-01-31 19:44:56",69
"2019-01-31 20:44:55",68
"2019-01-31 21:44:53",68
"2019-01-31 22:44:52",68
"2019-01-31 23:44:51",68
"2019-02-01 00:44:52",68
"2019-02-01 01:44:53",68
"2019-02-01 02:44:56",68
"2019-02-01 03:44:54",68
"2019-02-01 04:44:53",68
"2019-02-01 05:44:52",68
"2019-02-01 06:44:53",68
"2019-02-01 07:44:55",68
"2019-02-01 08:44:53",68
"2019-02-01 09:44:53",68
"2019-02-01 10:44:52",68
"2019-02-01 11:44:53",68
"2019-02-01 12:44:52",68
"2019-02-01 13:44:53",68
"2019-02-01 14:44:55",68
"2019-02-01 15:44:54",68
"2019-02-01 16:44:55",68
"2019-02-01 17:44:53",69
"2019-02-01 18:44:59",69
"2019-02-01 19:44:56",69
"2019-02-01 20:44:53",69
"2019-02-01 21:44:57",69
"2019-02-01 22:44:56",69
"2019-02-02 00:09:57",69
"2019-02-02 00:44:54",69
"2019-02-02 01:44:54",69
"2019-02-02 02:44:53",69
"2019-02-02 03:44:52",69
"2019-02-02 04:44:53",69
"2019-02-02 05:44:53",69
"2019-02-02 06:44:53",69
"2019-02-02 07:44:53",69
"2019-02-02 08:44:52",69
"2019-02-02 09:44:52",69
"2019-02-02 10:44:51",69
"2019-02-02 11:44:52",69
"2019-02-02 12:44:53",69
"2019-02-02 13:44:54",69
"2019-02-02 14:44:54",69
"2019-02-02 15:44:52",69
"2019-02-02 16:44:58",69
"2019-02-02 17:44:55",69
"2019-02-02 18:44:55",69
"2019-02-02 19:44:53",69
"2019-02-02 20:44:55",69
"2019-02-02 21:44:53",69
"2019-02-02 22:44:53",69
"2019-02-02 23:44:54",69
"2019-02-03 00:44:54",69
"2019-02-03 01:44:53",69
"2019-02-03 02:44:54",69
"2019-02-03 03:44:54",69
"2019-02-03 04:44:54",69
"2019-02-03 05:44:50",69
"2019-02-03 06:44:53",69
"2019-02-03 07:44:53",69
"2019-02-03 08:44:51",69
"2019-02-03 09:44:52",69
"2019-02-03 10:44:51",69
"2019-02-03 11:44:53",69
"2019-02-03 12:44:53",69
"2019-02-03 13:44:54",69
"2019-02-03 14:44:55",69
"2019-02-03 15:44:52",69
"2019-02-03 16:44:53",69
"2019-02-03 17:44:54",69
"2019-02-03 18:44:56",69
"2019-02-03 19:44:51",69
"2019-02-03 20:44:54",69
"2019-02-03 21:44:56",69
"2019-02-03 22:44:56",69
"2019-02-03 23:44:55",69
"2019-02-04 00:44:54",69
"2019-02-04 01:44:53",69
"2019-02-04 02:44:56",69
"2019-02-04 03:44:54",69
"2019-02-04 04:44:55",69
"2019-02-04 05:44:52",69
"2019-02-04 06:44:52",69
"2019-02-04 07:44:52",69
"2019-02-04 08:44:52",69
"2019-02-04 09:44:53",69
"2019-02-04 10:44:53",69
"2019-02-04 11:44:53",69
"2019-02-04 12:44:51",69
"2019-02-04 13:44:52",69
"2019-02-04 14:44:54",69
"2019-02-04 15:44:56",69
"2019-02-04 16:44:54",69
"2019-02-04 17:44:54",69
"2019-02-04 18:44:56",69
"2019-02-04 19:44:53",69
"2019-02-04 20:44:56",69
"2019-02-04 21:44:55",69
"2019-02-04 22:44:55",69
"2019-02-04 23:44:55",69
"2019-02-05 00:44:54",69
"2019-02-05 01:44:59",69
"2019-02-05 02:44:56",69
"2019-02-05 03:44:56",69
"2019-02-05 04:45:11",69
"2019-02-05 05:44:55",69
"2019-02-05 06:44:55",69
"2019-02-05 07:44:54",69
"2019-02-05 08:44:57",69
"2019-02-05 09:44:54",69
"2019-02-05 10:44:55",69
"2019-02-05 11:44:53",69
"2019-02-05 12:44:52",69
"2019-02-05 13:44:54",69
"2019-02-05 14:44:56",69
"2019-02-05 15:44:53",69
"2019-02-05 16:44:57",69
"2019-02-05 17:44:55",69
"2019-02-05 18:44:58",70
"2019-02-05 19:44:58",70
"2019-02-05 20:44:56",70
"2019-02-05 21:44:54",70
"2019-02-05 22:44:56",70
"2019-02-05 23:44:59",70
"2019-02-06 00:44:56",70
"2019-02-06 01:44:54",70
"2019-02-06 02:44:55",70
"2019-02-06 03:44:56",70
"2019-02-06 04:44:55",70
"2019-02-06 05:44:55",70
"2019-02-06 06:44:58",70
"2019-02-06 07:44:57",70
"2019-02-06 08:44:50",70
"2019-02-06 09:44:50",70
"2019-02-07 02:45:04",73
"2019-02-07 03:44:53",73
"2019-02-07 04:44:53",73
"2019-02-07 05:44:53",73
"2019-02-07 06:44:51",73
"2019-02-07 07:44:52",73
"2019-02-07 08:44:52",73
"2019-02-07 09:44:52",73
"2019-02-07 10:44:56",73
"2019-02-07 11:44:57",73
"2019-02-07 12:44:56",73
"2019-02-07 13:44:56",73
"2019-02-07 15:08:28",75
"2019-02-07 15:44:58",75
"2019-02-07 16:44:59",75
"2019-02-07 17:44:55",74
"2019-02-07 18:45:01",74
"2019-02-07 19:45:00",75
"2019-02-07 20:44:58",75
"2019-02-07 21:44:57",75
"2019-02-07 22:44:55",75
"2019-02-07 23:44:56",75
"2019-02-08 00:45:27",75
"2019-02-08 01:44:56",75
"2019-02-08 02:44:56",75
"2019-02-08 03:45:01",75
"2019-02-08 04:44:56",75
"2019-02-08 05:44:55",75
"2019-02-08 06:44:54",75
"2019-02-08 07:44:54",75
"2019-02-08 08:44:53",75
"2019-02-08 09:44:56",75
"2019-02-08 10:44:55",75
"2019-02-08 11:44:56",75
"2019-02-08 12:44:58",75
"2019-02-08 13:44:57",75
"2019-02-08 15:09:31",75
"2019-02-08 15:44:55",75
"2019-02-08 16:44:57",75
"2019-02-08 17:45:00",76
"2019-02-08 18:45:01",76
"2019-02-08 19:45:02",75
"2019-02-08 20:45:00",75
"2019-02-08 21:44:59",74
"2019-02-08 22:44:57",74
"2019-02-08 23:44:56",74
"2019-02-09 00:44:58",74
"2019-02-09 01:44:56",74
"2019-02-09 02:44:57",74
"2019-02-09 03:44:56",74
"2019-02-09 04:44:59",74
"2019-02-09 05:44:57",74
"2019-02-09 06:44:57",74
"2019-02-09 07:44:56",74
"2019-02-09 08:44:55",74
"2019-02-09 09:44:56",74
"2019-02-09 10:44:57",74
"2019-02-09 11:44:54",74
"2019-02-09 12:44:59",74
"2019-02-09 13:44:56",74
"2019-02-09 14:44:58",74
"2019-02-09 15:44:59",74
"2019-02-09 16:44:58",74
"2019-02-09 17:44:59",74
"2019-02-09 18:44:57",74
"2019-02-09 19:44:58",74
"2019-02-09 20:44:58",74
"2019-02-09 21:44:59",74
"2019-02-09 22:44:57",74
"2019-02-09 23:44:59",74
"2019-02-10 00:44:57",74
"2019-02-10 01:44:58",74
"2019-02-10 02:44:58",74
"2019-02-10 03:44:57",74
"2019-02-10 04:45:02",74
"2019-02-10 05:45:02",74
"2019-02-10 06:45:00",74
"2019-02-10 07:44:57",74
"2019-02-10 08:44:57",74
"2019-02-10 09:44:57",74
"2019-02-10 10:44:56",74
"2019-02-10 11:44:56",74
"2019-02-10 12:44:57",74
"2019-02-10 13:44:58",74
"2019-02-10 14:44:58",74
"2019-02-10 15:45:01",74
"2019-02-10 16:45:01",74
"2019-02-10 17:44:59",74
"2019-02-10 18:44:58",74
"2019-02-10 19:45:01",74
"2019-02-10 20:44:59",74
"2019-02-10 21:44:57",74
"2019-02-10 22:45:00",74
"2019-02-10 23:45:01",74
"2019-02-11 00:45:00",74
"2019-02-11 01:45:00",74
"2019-02-11 02:45:03",74
"2019-02-11 03:45:01",74
"2019-02-11 04:45:03",74
"2019-02-11 05:45:01",74
"2019-02-11 06:45:01",74
"2019-02-11 07:44:57",74
"2019-02-11 08:44:57",74
"2019-02-11 09:44:57",74
"2019-02-11 10:45:01",74
"2019-02-11 11:44:56",74
"2019-02-11 12:44:57",74
"2019-02-11 13:44:57",74
"2019-02-11 14:44:57",74
"2019-02-11 15:44:56",75
"2019-02-11 16:44:58",75
"2019-02-11 17:44:59",75
"2019-02-11 18:44:59",75
"2019-02-11 19:44:57",75
"2019-02-11 20:44:57",75
"2019-02-11 21:44:55",75
"2019-02-11 22:44:56",75
"2019-02-11 23:44:58",75
"2019-02-12 00:44:56",75
"2019-02-12 01:44:54",75
"2019-02-12 02:45:01",75
"2019-02-12 03:44:57",75
"2019-02-12 04:44:59",75
"2019-02-12 05:44:57",75
"2019-02-12 06:44:57",75
"2019-02-12 07:44:57",75
"2019-02-12 08:44:56",75
"2019-02-12 09:44:58",75
"2019-02-12 10:44:59",75
"2019-02-12 11:44:59",75
"2019-02-12 12:44:57",75
"2019-02-12 13:44:58",75
"2019-02-12 14:44:57",75
"2019-02-12 15:45:02",77
"2019-02-12 16:44:57",78
"2019-02-12 17:44:57",78
"2019-02-12 18:44:57",78
"2019-02-12 19:44:59",78
"2019-02-12 20:44:57",78
"2019-02-12 21:44:58",78
"2019-02-12 22:44:59",78
"2019-02-12 23:44:57",78
"2019-02-13 00:44:59",78
"2019-02-13 01:45:00",78
"2019-02-13 02:44:58",78
"2019-02-13 03:44:58",78
"2019-02-13 04:45:00",78
"2019-02-13 05:45:00",78
"2019-02-13 06:44:58",78
"2019-02-13 07:44:58",78
"2019-02-13 08:44:56",78
"2019-02-13 09:44:56",78
"2019-02-13 10:44:57",78
"2019-02-13 11:44:57",78
"2019-02-13 12:44:59",78
"2019-02-13 13:44:57",78
"2019-02-13 14:44:56",78
"2019-02-13 15:44:59",75
"2019-02-13 16:44:56",75
"2019-02-13 17:45:00",75
"2019-02-13 18:44:55",75
"2019-02-13 19:44:55",75
"2019-02-13 20:44:56",75
"2019-02-13 21:44:56",75
"2019-02-13 22:45:00",75
"2019-02-13 23:44:59",75
"2019-02-14 00:44:57",75
"2019-02-14 01:44:59",75
"2019-02-14 02:45:00",75
"2019-02-14 03:45:01",75
"2019-02-14 04:44:57",75
"2019-02-14 05:45:01",75
"2019-02-14 06:44:57",75
"2019-02-14 07:44:58",75
"2019-02-14 08:44:55",75
"2019-02-14 09:44:55",75
"2019-02-14 10:44:56",75
"2019-02-14 11:44:58",75
"2019-02-14 12:44:57",75
"2019-02-14 13:44:58",75
"2019-02-14 14:44:58",75
"2019-02-14 15:44:59",75
"2019-02-14 16:44:55",75
"2019-02-14 17:44:58",75
"2019-02-14 18:44:58",75
"2019-02-14 19:44:58",75
"2019-02-14 20:44:59",75
"2019-02-14 21:44:58",74
"2019-02-14 22:45:00",74
"2019-02-15 00:45:01",74
"2019-02-15 01:45:01",74
"2019-02-15 02:45:02",74
"2019-02-15 03:45:04",74
"2019-02-15 04:45:04",74
"2019-02-15 05:44:58",74
"2019-02-15 06:44:56",74
"2019-02-15 07:44:59",74
"2019-02-15 08:44:57",74
"2019-02-15 09:44:58",74
"2019-02-15 10:44:59",74
"2019-02-15 11:44:59",74
"2019-02-15 12:44:57",74
"2019-02-15 14:10:01",74
"2019-02-15 14:45:01",74
"2019-02-15 15:45:10",74
"2019-02-15 16:45:04",74
"2019-02-15 17:44:58",74
"2019-02-15 18:45:04",74
"2019-02-15 19:45:01",74
"2019-02-15 20:44:58",74
"2019-02-15 21:45:00",74
"2019-02-15 22:45:02",74
"2019-02-15 23:45:02",74
"2019-02-16 00:45:03",74
"2019-02-16 01:45:09",74
"2019-02-16 02:45:06",74
"2019-02-16 03:45:04",74
"2019-02-16 04:44:59",74
"2019-02-16 05:45:01",74
"2019-02-16 06:44:58",74
"2019-02-16 07:44:57",74
"2019-02-16 08:44:58",74
"2019-02-16 09:45:01",74
"2019-02-16 10:44:59",74
"2019-02-16 11:44:59",74
"2019-02-16 12:44:59",74
"2019-02-16 13:45:05",74
"2019-02-16 14:45:00",74
"2019-02-16 15:45:07",74
"2019-02-16 16:44:58",74
"2019-02-16 17:44:58",74
"2019-02-16 18:44:58",74
"2019-02-16 19:44:57",74
"2019-02-16 20:45:00",74
"2019-02-16 21:44:59",74
"2019-02-16 22:44:58",74
"2019-02-16 23:44:57",74
"2019-02-17 00:44:59",74
"2019-02-17 01:44:58",74
"2019-02-17 02:44:55",74
"2019-02-17 03:45:01",74
"2019-02-17 04:44:57",74
"2019-02-17 05:44:59",74
"2019-02-17 06:44:58",74
"2019-02-17 07:44:58",74
"2019-02-17 08:44:57",74
"2019-02-17 09:44:55",74
"2019-02-17 10:44:57",74
"2019-02-17 11:44:57",74
"2019-02-17 12:44:54",74
"2019-02-17 13:44:58",74
"2019-02-17 14:44:57",74
"2019-02-17 15:45:00",74
"2019-02-17 16:44:58",74
"2019-02-17 17:44:58",74
"2019-02-17 18:44:59",74
"2019-02-17 19:44:59",74
"2019-02-17 20:45:00",74
"2019-02-17 21:44:56",74
"2019-02-17 22:44:57",74
"2019-02-17 23:44:57",74
"2019-02-18 00:44:57",74
"2019-02-18 01:44:59",74
"2019-02-18 02:45:01",74
"2019-02-18 03:45:01",74
"2019-02-18 04:44:57",74
"2019-02-18 05:44:58",74
"2019-02-18 06:44:56",74
"2019-02-18 07:44:57",74
"2019-02-18 08:44:57",74
"2019-02-18 09:44:58",74
"2019-02-18 10:44:56",74
"2019-02-18 11:44:56",74
"2019-02-18 12:44:57",74
"2019-02-18 13:45:00",74
"2019-02-18 14:44:58",74
"2019-02-18 15:45:00",74
"2019-02-18 16:44:59",74
"2019-02-18 17:45:00",74
"2019-02-18 18:44:59",74
"2019-02-18 19:44:58",74
"2019-02-18 20:45:00",74
"2019-02-18 21:44:57",74
"2019-02-18 22:44:56",74
"2019-02-18 23:44:57",74
"2019-02-19 00:44:58",74
"2019-02-19 01:45:00",74
"2019-02-19 02:44:59",74
"2019-02-19 03:44:59",74
"2019-02-19 04:44:58",74
"2019-02-19 05:44:58",74
"2019-02-19 06:44:57",74
"2019-02-19 07:44:56",74
"2019-02-19 08:44:57",74
"2019-02-19 09:44:55",74
"2019-02-19 10:44:54",74
"2019-02-19 11:44:52",74
"2019-02-19 12:44:53",74
"2019-02-19 14:09:28",74
"2019-02-19 14:44:58",74
"2019-02-19 15:45:00",72
"2019-02-19 16:44:59",72
"2019-02-19 17:45:00",72
"2019-02-19 18:45:04",72
"2019-02-19 19:45:00",72
"2019-02-19 20:45:04",72
"2019-02-19 21:45:01",72
"2019-02-19 22:45:03",72
"2019-02-19 23:45:01",72
"2019-02-20 00:45:09",72
"2019-02-20 01:45:03",72
"2019-02-20 02:45:03",72
"2019-02-20 03:45:11",72
"2019-02-20 04:45:05",72
"2019-02-20 05:45:00",72
"2019-02-20 06:45:00",72
"2019-02-20 07:44:58",72
"2019-02-20 08:45:01",72
"2019-02-20 09:45:01",72
"2019-02-20 10:44:58",72
"2019-02-20 11:45:01",72
"2019-02-20 12:45:00",72
"2019-02-20 13:45:00",72
"2019-02-20 14:45:03",72
"2019-02-20 15:45:04",72
"2019-02-20 16:45:02",72
"2019-02-20 17:45:02",72
"2019-02-20 18:45:02",72
"2019-02-20 19:45:04",72
"2019-02-20 20:45:06",72
"2019-02-20 21:45:03",72
"2019-02-20 22:45:04",72
"2019-02-20 23:44:59",72
"2019-02-21 00:45:01",72
"2019-02-21 01:45:03",72
"2019-02-21 02:45:05",72
"2019-02-21 03:45:03",72
"2019-02-21 04:45:00",72
"2019-02-21 05:45:02",72
"2019-02-21 06:45:00",72
"2019-02-21 07:44:59",72
"2019-02-21 08:44:57",72
"2019-02-21 09:44:58",72
"2019-02-21 10:44:59",72
"2019-02-21 11:45:00",72
"2019-02-21 12:44:58",72
"2019-02-21 13:44:58",72
"2019-02-21 14:45:01",72
"2019-02-21 15:45:04",72
"2019-02-21 17:09:00",73
"2019-02-21 17:44:57",73
"2019-02-21 18:44:58",73
"2019-02-21 19:44:59",74
"2019-02-21 20:45:03",74
"2019-02-21 21:44:57",74
"2019-02-21 22:44:58",74
"2019-02-21 23:44:58",74
"2019-02-22 00:44:59",74
"2019-02-22 01:45:03",74
"2019-02-22 02:45:00",74
"2019-02-22 03:45:01",74
"2019-02-22 04:45:00",74
"2019-02-22 05:44:58",74
"2019-02-22 06:44:58",74
"2019-02-22 07:45:02",74
"2019-02-22 08:45:02",74
"2019-02-22 09:45:00",74
"2019-02-22 10:44:58",74
"2019-02-22 11:44:59",74
"2019-02-22 12:44:58",74
"2019-02-22 13:44:57",74
"2019-02-22 14:45:01",74
"2019-02-22 15:45:01",74
"2019-02-22 16:44:59",74
"2019-02-22 17:44:59",74
"2019-02-22 18:45:01",74
"2019-02-22 19:44:58",74
"2019-02-22 20:44:58",73
"2019-02-22 21:45:03",73
"2019-02-22 22:44:59",73
"2019-02-22 23:45:02",73
"2019-02-23 00:44:57",73
"2019-02-23 01:45:01",73
"2019-02-23 02:45:04",73
"2019-02-23 03:45:05",73
"2019-02-23 04:45:02",73
"2019-02-23 05:45:01",73
"2019-02-23 06:44:57",73
"2019-02-23 07:44:58",73
"2019-02-23 08:44:59",73
"2019-02-23 09:44:58",73
"2019-02-23 10:44:59",73
"2019-02-23 11:44:59",73
"2019-02-23 12:44:58",73
"2019-02-23 13:44:58",73
"2019-02-23 14:44:59",73
"2019-02-23 15:44:59",73
"2019-02-23 16:44:58",73
"2019-02-23 17:44:59",73
"2019-02-23 18:45:00",73
"2019-02-23 19:44:59",73
"2019-02-23 20:44:59",73
"2019-02-23 21:45:01",73
"2019-02-23 22:44:58",73
"2019-02-23 23:44:59",73
"2019-02-24 00:45:00",73
"2019-02-24 01:44:59",73
"2019-02-24 02:45:00",73
"2019-02-24 03:45:00",73
"2019-02-24 04:45:00",73
"2019-02-24 05:45:01",73
"2019-02-24 06:44:59",73
"2019-02-24 07:44:59",73
"2019-02-24 08:44:58",73
"2019-02-24 09:44:58",73
"2019-02-24 10:44:57",73
"2019-02-24 11:44:58",73
"2019-02-24 12:44:57",73
"2019-02-24 13:44:57",73
"2019-02-24 14:44:57",73
"2019-02-24 15:44:59",73
"2019-02-24 16:44:58",73
"2019-02-24 17:45:02",73
"2019-02-24 18:45:00",73
"2019-02-24 19:45:01",73
"2019-02-24 20:44:58",73
"2019-02-24 21:44:58",73
"2019-02-24 22:45:00",73
"2019-02-24 23:44:59",73
"2019-02-25 00:45:00",73
"2019-02-25 01:44:58",73
"2019-02-25 02:44:59",73
"2019-02-25 03:45:01",73
"2019-02-25 04:44:59",73
"2019-02-25 05:44:58",73
"2019-02-25 06:44:57",73
"2019-02-25 07:44:59",73
"2019-02-25 08:44:59",73
"2019-02-25 09:44:59",73
"2019-02-25 10:44:57",73
"2019-02-25 11:45:00",73
"2019-02-25 12:44:58",73
"2019-02-25 14:10:03",73
"2019-02-25 14:45:00",73
"2019-02-25 15:45:01",73
"2019-02-25 16:45:00",73
"2019-02-25 17:45:01",73
"2019-02-25 18:45:03",73
"2019-02-25 19:44:58",73
"2019-02-25 20:45:00",73
"2019-02-25 21:45:00",73
"2019-02-25 22:44:59",73
"2019-02-25 23:45:01",73
"2019-02-26 00:45:00",73
"2019-02-26 01:44:59",73
"2019-02-26 02:45:03",73
"2019-02-26 03:45:04",73
"2019-02-26 04:45:04",73
"2019-02-26 05:44:59",73
"2019-02-26 06:45:03",73
"2019-02-26 07:45:03",73
"2019-02-26 08:45:00",73
"2019-02-26 09:45:00",73
"2019-02-26 10:44:56",73
"2019-02-26 11:44:59",73
"2019-02-26 12:44:58",73
"2019-02-26 13:44:59",73
"2019-02-26 14:45:01",73
"2019-02-26 15:45:05",72
"2019-02-26 16:45:01",72
"2019-02-26 17:45:01",72
"2019-02-26 18:44:58",72
"2019-02-26 19:45:06",72
"2019-02-26 20:45:02",72
"2019-02-26 21:44:59",72
"2019-02-26 22:45:03",72
"2019-02-26 23:45:02",72
"2019-02-27 00:45:05",72
"2019-02-27 01:45:05",72
"2019-02-27 03:45:32",72
"2019-02-27 04:45:04",72
"2019-02-27 05:45:02",72
"2019-02-27 06:45:03",72
"2019-02-27 07:45:01",72
"2019-02-27 08:44:59",72
"2019-02-27 09:44:57",72
"2019-02-27 10:44:58",72
"2019-02-27 11:45:02",72
"2019-02-27 12:45:04",72
"2019-02-27 13:45:00",72
"2019-02-27 14:45:03",72
"2019-02-27 15:45:07",72
"2019-02-27 16:44:59",72
"2019-02-27 17:44:59",72
"2019-02-27 18:45:04",72
"2019-02-27 19:45:02",72
"2019-02-27 20:45:00",73
"2019-02-27 21:45:01",73
"2019-02-27 22:45:03",73
"2019-02-27 23:44:59",73
"2019-02-28 00:45:48",73
"2019-02-28 01:44:59",73
"2019-02-28 02:45:02",73
"2019-02-28 04:45:01",73
"2019-02-28 05:45:00",73
"2019-02-28 06:44:57",73
"2019-02-28 07:44:59",73
"2019-02-28 08:45:00",73
"2019-02-28 09:44:58",73
"2019-02-28 10:45:00",73
"2019-02-28 11:45:00",73
"2019-02-28 12:45:00",73
"2019-02-28 13:45:01",73
"2019-02-28 15:09:07",73
"2019-02-28 15:44:56",73
"2019-02-28 16:45:03",73
"2019-02-28 17:45:02",73
"2019-02-28 18:45:06",73
"2019-02-28 19:45:03",72
"2019-02-28 20:44:59",72
"2019-02-28 21:44:59",72
"2019-02-28 22:45:01",72
"2019-02-28 23:44:59",72
"2019-03-01 00:45:00",72
"2019-03-01 01:45:02",72
"2019-03-01 02:45:03",72
"2019-03-01 03:45:07",72
"2019-03-01 04:45:02",72
"2019-03-01 05:45:03",72
"2019-03-01 06:45:00",72
"2019-03-01 07:45:02",72
"2019-03-01 08:45:00",72
"2019-03-01 09:44:57",72
"2019-03-01 10:45:00",72
"2019-03-01 11:44:58",72
"2019-03-01 12:44:57",72
"2019-03-01 13:45:06",72
"2019-03-01 14:45:06",72
"2019-03-01 15:45:02",72
"2019-03-01 16:45:01",72
"2019-03-01 17:45:02",72
"2019-03-01 18:45:05",72
"2019-03-01 19:45:05",72
"2019-03-01 20:45:07",72
"2019-03-01 21:45:07",72
"2019-03-01 22:45:07",72
"2019-03-01 23:45:08",72
"2019-03-02 07:45:04",72
"2019-03-02 08:45:02",72
"2019-03-02 09:44:59",72
"2019-03-02 10:44:59",72
"2019-03-02 11:45:03",72
"2019-03-02 15:45:08",72
"2019-03-02 16:45:03",72
"2019-03-02 17:45:02",72
"2019-03-04 02:45:05",72
"2019-03-04 07:45:04",72
"2019-03-04 10:45:00",72
"2019-03-04 11:44:59",72
"2019-03-04 12:44:55",72
"2019-03-04 13:44:54",72
"2019-03-04 14:45:03",72
"2019-03-04 15:44:58",73
"2019-03-04 16:45:01",73
"2019-03-04 17:45:02",73
"2019-03-04 18:44:58",73
"2019-03-04 19:45:04",73
"2019-03-04 20:45:02",74
"2019-03-04 21:45:01",74
"2019-03-04 22:45:03",74
"2019-03-04 23:45:01",74
"2019-03-05 00:45:04",74
"2019-03-05 01:45:01",74
"2019-03-05 02:45:05",74
"2019-03-05 03:45:05",74
"2019-03-05 04:45:02",74
"2019-03-05 05:45:01",74
"2019-03-05 06:44:59",74
"2019-03-05 07:44:59",74
"2019-03-05 08:44:58",74
"2019-03-05 09:45:01",74
"2019-03-05 10:44:58",74
"2019-03-05 11:44:55",74
"2019-03-05 12:44:59",74
"2019-03-05 14:10:11",74
"2019-03-05 14:45:00",74
"2019-03-05 15:45:05",73
"2019-03-05 16:45:04",73
"2019-03-05 17:45:03",73
"2019-03-05 18:45:02",73
"2019-03-05 19:45:02",73
"2019-03-05 20:45:03",73
"2019-03-05 21:45:03",73
"2019-03-05 22:45:06",73
"2019-03-05 23:45:06",73
"2019-03-06 00:45:06",73
"2019-03-06 01:45:04",73
"2019-03-06 02:45:04",73
"2019-03-06 03:45:06",73
"2019-03-06 04:45:09",73
"2019-03-06 05:45:05",73
"2019-03-06 06:45:08",73
"2019-03-06 07:45:03",73
"2019-03-06 08:45:00",73
"2019-03-06 09:45:01",73
"2019-03-06 10:45:04",73
"2019-03-06 11:46:06",73
"2019-03-06 12:45:25",73
"2019-03-06 14:10:05",73
"2019-03-06 14:45:41",73
"2019-03-06 15:45:33",76
"2019-03-06 16:44:59",76
"2019-03-06 17:45:09",76
"2019-03-06 18:45:06",76
"2019-03-06 19:45:04",76
"2019-03-06 20:45:03",76
"2019-03-06 21:45:02",76
"2019-03-06 22:45:02",76
"2019-03-06 23:45:03",76
"2019-03-07 00:45:03",76
"2019-03-07 01:45:05",76
"2019-03-07 02:45:07",76
"2019-03-07 04:45:14",76
"2019-03-07 05:45:06",76
"2019-03-07 06:45:01",76
"2019-03-07 07:45:03",76
"2019-03-07 08:45:04",76
"2019-03-07 09:45:03",76
"2019-03-07 10:45:01",76
"2019-03-07 11:45:02",76
"2019-03-07 12:45:01",76
"2019-03-07 13:45:02",76
"2019-03-07 14:45:06",76
"2019-03-07 15:45:00",76
"2019-03-07 16:45:04",77
"2019-03-07 17:45:07",77
"2019-03-07 18:45:04",77
"2019-03-07 20:09:36",77
"2019-03-07 20:45:03",77
"2019-03-07 21:45:04",77
"2019-03-07 22:45:08",77
"2019-03-07 23:45:00",77
"2019-03-08 00:45:04",77
"2019-03-08 01:45:04",77
"2019-03-08 02:45:02",77
"2019-03-08 04:45:01",77
"2019-03-08 05:45:02",77
"2019-03-08 06:45:02",77
"2019-03-08 07:45:02",77
"2019-03-08 08:45:01",77
"2019-03-08 09:45:00",77
"2019-03-08 10:45:00",77
"2019-03-08 11:45:00",77
"2019-03-08 12:45:01",77
"2019-03-08 14:10:07",77
"2019-03-08 14:44:59",77
"2019-03-08 15:45:06",78
"2019-03-08 16:45:00",78
"2019-03-08 17:45:00",78
"2019-03-08 18:45:04",78
"2019-03-08 19:45:04",78
"2019-03-08 20:44:58",78
"2019-03-08 21:45:08",78
"2019-03-08 22:44:59",78
"2019-03-08 23:45:05",78
"2019-03-09 00:45:10",78
"2019-03-09 01:45:05",78
"2019-03-09 02:45:02",78
"2019-03-09 03:45:05",78
"2019-03-09 04:45:03",78
"2019-03-09 05:45:01",78
"2019-03-09 06:45:00",78
"2019-03-09 07:45:00",78
"2019-03-09 08:44:58",78
"2019-03-09 09:44:56",78
"2019-03-09 10:44:59",78
"2019-03-09 11:44:58",78
"2019-03-09 12:44:59",78
"2019-03-09 13:44:57",78
"2019-03-09 14:45:01",78
"2019-03-09 15:45:03",78
"2019-03-09 16:45:01",78
"2019-03-09 17:45:01",78
"2019-03-09 18:45:01",78
"2019-03-09 19:45:00",78
"2019-03-09 20:45:00",78
"2019-03-09 21:44:58",78
"2019-03-09 22:45:01",78
"2019-03-09 23:45:00",78
"2019-03-10 00:45:01",78
"2019-03-10 01:45:02",78
"2019-03-10 02:45:03",78
"2019-03-10 03:45:01",78
"2019-03-10 04:44:59",78
"2019-03-10 05:45:00",78
"2019-03-10 06:45:01",78
"2019-03-10 07:44:58",78
"2019-03-10 08:44:56",78
"2019-03-10 09:44:59",78
"2019-03-10 10:44:57",78
"2019-03-10 11:44:58",78
"2019-03-10 12:44:59",78
"2019-03-10 13:44:57",78
"2019-03-10 14:44:58",78
"2019-03-10 15:45:04",78
"2019-03-10 16:45:00",78
"2019-03-10 17:45:05",78
"2019-03-10 18:45:06",78
"2019-03-10 19:45:01",78
"2019-03-10 20:44:59",78
"2019-03-10 21:44:59",78
"2019-03-10 22:44:58",78
"2019-03-10 23:45:00",78
"2019-03-11 00:45:01",78
"2019-03-11 01:45:03",78
"2019-03-11 02:45:00",78
"2019-03-11 03:45:00",78
"2019-03-11 04:45:00",78
"2019-03-11 05:45:01",78
"2019-03-11 06:44:59",78
"2019-03-11 07:44:59",78
"2019-03-11 08:44:56",78
"2019-03-11 09:44:59",78
"2019-03-11 10:45:00",78
"2019-03-11 11:44:58",78
"2019-03-11 12:45:03",78
"2019-03-11 13:45:02",78
"2019-03-11 14:45:03",81
"2019-03-11 15:45:00",81
"2019-03-11 16:45:01",80
"2019-03-11 17:45:00",80
"2019-03-11 18:45:01",80
"2019-03-11 19:45:00",80
"2019-03-11 20:45:00",80
"2019-03-11 21:45:02",80
"2019-03-11 22:45:00",80
"2019-03-11 23:45:03",80
"2019-03-12 00:45:05",80
"2019-03-12 01:45:00",80
"2019-03-12 02:45:01",80
"2019-03-12 03:45:04",80
"2019-03-12 04:45:01",80
"2019-03-12 05:45:02",80
"2019-03-12 06:45:02",80
"2019-03-12 07:44:58",80
"2019-03-12 08:44:59",80
"2019-03-12 09:44:58",80
"2019-03-12 10:45:02",80
"2019-03-12 11:44:59",80
"2019-03-12 12:45:01",80
"2019-03-12 13:45:01",80
"2019-03-12 14:44:59",80
"2019-03-12 15:45:00",80
"2019-03-12 16:45:01",80
"2019-03-12 17:44:59",80
"2019-03-12 18:45:00",80
"2019-03-12 19:44:59",80
"2019-03-12 20:45:00",80
"2019-03-12 21:44:59",80
"2019-03-12 22:45:02",80
"2019-03-12 23:45:04",80
"2019-03-13 00:45:02",80
"2019-03-13 01:45:03",80
"2019-03-13 02:45:00",80
"2019-03-13 03:45:03",80
"2019-03-13 04:45:03",80
"2019-03-13 05:45:01",80
"2019-03-13 06:45:00",80
"2019-03-13 07:45:03",80
"2019-03-13 08:44:59",80
"2019-03-13 09:44:59",80
"2019-03-13 10:44:57",80
"2019-03-13 11:44:57",80
"2019-03-13 13:09:02",80
"2019-03-13 13:45:00",80
"2019-03-13 14:45:00",80
"2019-03-13 15:45:00",80
"2019-03-13 16:45:02",80
"2019-03-13 17:45:03",80
"2019-03-13 18:44:57",80
"2019-03-13 19:45:01",80
"2019-03-13 20:44:59",80
"2019-03-13 21:45:01",80
"2019-03-13 22:44:58",80
"2019-03-13 23:45:01",80
"2019-03-14 00:44:58",80
"2019-03-14 01:45:02",80
"2019-03-14 02:45:02",80
"2019-03-14 03:44:59",80
"2019-03-14 04:45:01",80
"2019-03-14 05:44:59",80
"2019-03-14 06:45:00",80
"2019-03-14 07:45:00",80
"2019-03-14 08:44:57",80
"2019-03-14 09:44:56",80
"2019-03-14 10:45:02",80
"2019-03-14 11:45:00",80
"2019-03-14 13:09:34",80
"2019-03-14 13:44:59",80
"2019-03-14 14:45:02",80
"2019-03-14 15:45:02",80
"2019-03-14 16:45:00",80
"2019-03-14 17:45:02",80
"2019-03-14 18:44:59",80
"2019-03-14 19:45:07",80
"2019-03-14 20:45:00",80
"2019-03-14 21:45:02",80
"2019-03-14 22:45:06",80
"2019-03-14 23:45:05",80
"2019-03-15 00:45:02",80
"2019-03-15 01:45:02",80
"2019-03-15 02:45:03",80
"2019-03-15 03:45:02",80
"2019-03-15 04:45:00",80
"2019-03-15 05:44:59",80
"2019-03-15 06:44:57",80
"2019-03-15 07:45:00",80
"2019-03-15 08:45:03",80
"2019-03-15 09:45:02",80
"2019-03-15 10:45:05",80
"2019-03-15 11:45:02",80
"2019-03-15 12:45:01",80
"2019-03-15 13:45:04",80
"2019-03-15 14:45:02",80
"2019-03-15 15:45:07",80
"2019-03-15 16:45:04",80
"2019-03-15 17:45:06",80
"2019-03-15 18:45:03",80
"2019-03-15 19:45:02",80
"2019-03-15 20:45:03",80
"2019-03-15 21:45:01",80
"2019-03-15 22:45:00",80
"2019-03-15 23:45:05",80
"2019-03-16 00:45:02",80
"2019-03-16 01:45:00",80
"2019-03-16 02:45:03",80
"2019-03-16 03:45:04",80
"2019-03-16 04:45:05",80
"2019-03-16 05:45:05",80
"2019-03-16 06:45:02",80
"2019-03-16 07:45:02",80
"2019-03-16 08:45:05",80
"2019-03-16 09:45:01",80
"2019-03-16 10:45:01",80
"2019-03-16 11:45:02",80
"2019-03-16 12:45:01",80
"2019-03-16 13:45:03",80
"2019-03-16 14:45:00",80
"2019-03-16 15:45:02",80
"2019-03-16 16:45:02",80
"2019-03-16 17:45:01",80
"2019-03-16 18:45:01",80
"2019-03-16 19:45:00",80
"2019-03-16 20:45:03",80
"2019-03-16 21:45:05",80
"2019-03-16 22:45:04",80
"2019-03-16 23:45:01",80
"2019-03-17 00:45:03",80
"2019-03-17 01:45:02",80
"2019-03-17 02:45:07",80
"2019-03-17 03:45:04",80
"2019-03-17 04:45:04",80
"2019-03-17 05:45:04",80
"2019-03-17 06:45:02",80
"2019-03-17 07:45:01",80
"2019-03-17 08:44:59",80
"2019-03-17 09:45:03",80
"2019-03-17 10:44:59",80
"2019-03-17 11:45:00",80
"2019-03-17 12:44:59",80
"2019-03-17 13:44:59",80
"2019-03-17 14:45:00",80
"2019-03-17 15:44:59",80
"2019-03-17 16:44:58",80
"2019-03-17 17:44:59",80
"2019-03-17 18:45:00",80
"2019-03-17 19:45:00",80
"2019-03-17 20:44:59",80
"2019-03-17 21:44:57",80
"2019-03-17 22:44:59",80
"2019-03-17 23:45:00",80
"2019-03-18 00:45:01",80
"2019-03-18 01:44:59",80
"2019-03-18 02:45:00",80
"2019-03-18 03:45:01",80
"2019-03-18 04:45:01",80
"2019-03-18 05:44:59",80
"2019-03-18 06:45:00",80
"2019-03-18 07:45:01",80
"2019-03-18 08:44:59",80
"2019-03-18 09:45:00",80
"2019-03-18 10:45:00",80
"2019-03-18 11:44:58",80
"2019-03-18 12:45:02",80
"2019-03-18 13:45:04",80
"2019-03-18 14:45:03",79
"2019-03-18 15:45:09",79
"2019-03-18 16:45:00",79
"2019-03-18 17:45:07",79
"2019-03-18 18:45:06",79
"2019-03-18 19:45:05",79
"2019-03-18 20:45:03",79
"2019-03-18 21:45:04",79
"2019-03-18 22:45:07",79
"2019-03-18 23:45:05",79
"2019-03-19 00:45:09",79
"2019-03-19 01:45:07",79
"2019-03-19 02:45:06",79
"2019-03-19 03:45:03",79
"2019-03-19 04:45:02",79
"2019-03-19 05:45:00",79
"2019-03-19 06:45:09",79
"2019-03-19 07:45:03",79
"2019-03-19 08:45:00",79
"2019-03-19 09:45:03",79
"2019-03-19 10:45:05",79
"2019-03-19 11:45:03",79
"2019-03-19 12:45:04",79
"2019-03-19 13:45:03",79
"2019-03-19 14:45:04",79
"2019-03-19 15:45:06",79
"2019-03-19 16:45:03",79
"2019-03-19 17:45:11",80
"2019-03-19 18:45:05",80
"2019-03-19 19:45:10",80
"2019-03-19 20:45:07",80
"2019-03-19 21:45:13",80
"2019-03-19 22:45:10",80
"2019-03-19 23:45:06",80
"2019-03-20 00:45:11",80
"2019-03-20 01:45:09",80
"2019-03-20 02:45:10",80
"2019-03-20 03:45:11",80
"2019-03-20 04:45:09",80
"2019-03-20 05:45:06",80
"2019-03-20 06:45:13",80
"2019-03-20 07:45:13",80
"2019-03-20 08:45:09",80
"2019-03-20 09:45:07",80
"2019-03-20 10:45:08",80
"2019-03-20 11:45:07",80
"2019-03-20 13:09:15",80
"2019-03-20 13:45:07",80
"2019-03-20 14:45:09",79
"2019-03-20 15:45:11",79
"2019-03-20 16:45:05",79
"2019-03-20 17:45:07",79
"2019-03-20 18:45:05",79
"2019-03-20 19:45:04",79
"2019-03-20 20:45:01",79
"2019-03-20 21:45:01",79
"2019-03-20 22:45:03",79
"2019-03-20 23:45:01",79
"2019-03-21 00:45:02",79
"2019-03-21 01:45:00",79
"2019-03-21 02:45:05",79
"2019-03-21 03:45:06",79
"2019-03-21 04:45:02",79
"2019-03-21 05:45:06",79
"2019-03-21 06:45:00",79
"2019-03-21 07:45:00",79
"2019-03-21 08:44:57",79
"2019-03-21 09:45:00",79
"2019-03-21 10:45:02",79
"2019-03-21 11:45:00",79
"2019-03-21 13:10:04",79
"2019-03-21 13:44:59",79
"2019-03-21 14:45:00",79
"2019-03-21 15:45:02",79
"2019-03-21 16:45:00",79
"2019-03-21 17:45:01",79
"2019-03-21 18:45:04",79
"2019-03-21 19:45:01",79
"2019-03-21 20:44:56",79
"2019-03-21 21:44:58",79
"2019-03-21 22:44:57",79
"2019-03-21 23:44:58",79
"2019-03-22 00:44:59",79
"2019-03-22 01:44:58",79
"2019-03-22 02:45:07",79
"2019-03-22 03:44:59",79
"2019-03-22 04:44:57",79
"2019-03-22 05:44:59",79
"2019-03-22 06:44:55",79
"2019-03-22 07:44:56",79
"2019-03-22 08:45:09",79
"2019-03-22 09:44:59",79
"2019-03-22 10:44:58",79
"2019-03-22 11:44:56",79
"2019-03-22 12:45:07",79
"2019-03-22 13:44:57",79
"2019-03-22 14:44:57",80
"2019-03-22 15:44:58",80
"2019-03-22 16:44:59",80
"2019-03-22 17:45:02",80
"2019-03-22 18:44:59",80
"2019-03-22 19:44:57",80
"2019-03-22 20:44:59",80
"2019-03-22 21:44:57",80
"2019-03-22 22:44:58",80
"2019-03-22 23:44:57",80
"2019-03-23 00:44:59",80
"2019-03-23 01:45:07",80
"2019-03-23 02:44:59",80
"2019-03-23 03:44:58",80
"2019-03-23 04:44:57",80
"2019-03-23 05:44:58",80
"2019-03-23 06:44:56",80
"2019-03-23 07:45:03",80
"2019-03-23 08:44:56",80
"2019-03-23 09:44:58",80
"2019-03-23 10:44:56",80
"2019-03-23 11:44:57",80
"2019-03-23 12:44:57",80
"2019-03-23 13:45:01",80
"2019-03-23 14:44:58",80
"2019-03-23 15:44:58",80
"2019-03-23 16:44:56",80
"2019-03-23 17:44:57",80
"2019-03-23 18:44:58",80
"2019-03-23 19:45:04",80
"2019-03-23 20:44:59",80
"2019-03-23 21:44:59",80
"2019-03-23 22:44:57",80
"2019-03-23 23:44:58",80
"2019-03-24 00:44:58",80
"2019-03-24 01:44:59",80
"2019-03-24 02:44:59",80
"2019-03-24 03:45:00",80
"2019-03-24 04:45:07",80
"2019-03-24 05:44:59",80
"2019-03-24 06:45:00",80
"2019-03-24 07:44:59",80
"2019-03-24 08:44:58",80
"2019-03-24 09:45:05",80
"2019-03-24 10:45:01",80
"2019-03-24 11:44:55",80
"2019-03-24 12:44:56",80
"2019-03-24 13:45:02",80
"2019-03-24 14:44:57",80
"2019-03-24 15:44:58",80
"2019-03-24 16:44:57",80
"2019-03-24 17:44:57",80
"2019-03-24 18:44:59",80
"2019-03-24 19:44:58",80
"2019-03-24 20:45:00",80
"2019-03-24 21:45:06",80
"2019-03-24 22:45:00",80
"2019-03-24 23:44:59",80
"2019-03-25 00:44:59",80
"2019-03-25 01:44:59",80
"2019-03-25 02:45:01",80
"2019-03-25 03:45:10",80
"2019-03-25 04:44:58",80
"2019-03-25 05:44:59",80
"2019-03-25 06:44:58",80
"2019-03-25 07:44:58",80
"2019-03-25 08:45:00",80
"2019-03-25 09:44:57",80
"2019-03-25 10:44:59",80
"2019-03-25 11:45:09",80
"2019-03-25 13:09:05",80
"2019-03-25 13:45:07",80
"2019-03-25 14:45:00",79
"2019-03-25 15:45:00",79
"2019-03-25 16:45:00",79
"2019-03-25 17:45:01",79
"2019-03-25 18:45:02",79
"2019-03-25 19:45:06",79
"2019-03-25 20:45:00",79
"2019-03-25 21:44:59",79
"2019-03-25 22:45:15",79
"2019-03-25 23:45:11",79
"2019-03-26 00:45:02",79
"2019-03-26 01:45:01",79
"2019-03-26 02:45:04",79
"2019-03-26 03:45:01",79
"2019-03-26 04:44:59",79
"2019-03-26 05:45:02",79
"2019-03-26 06:44:59",79
"2019-03-26 07:44:58",79
"2019-03-26 08:44:57",79
"2019-03-26 09:44:58",79
"2019-03-26 10:45:04",79
"2019-03-26 11:44:59",79
"2019-03-26 12:45:02",79
"2019-03-26 13:45:10",79
"2019-03-26 14:44:57",78
"2019-03-26 15:45:10",78
"2019-03-26 16:45:05",78
"2019-03-26 17:45:00",78
"2019-03-26 18:45:06",78
"2019-03-26 19:45:11",79
"2019-03-26 20:45:02",79
"2019-03-26 21:45:00",79
"2019-03-26 22:45:00",79
"2019-03-26 23:45:00",79
"2019-03-27 00:45:08",79
"2019-03-27 01:45:00",79
"2019-03-27 02:44:58",79
"2019-03-27 03:45:09",79
"2019-03-27 04:45:04",79
"2019-03-27 05:45:02",79
"2019-03-27 06:45:10",79
"2019-03-27 07:44:59",79
"2019-03-27 08:44:59",79
"2019-03-27 09:45:00",79
"2019-03-27 10:45:07",79
"2019-03-27 11:44:59",79
"2019-03-27 13:09:44",79
"2019-03-27 13:45:02",79
"2019-03-27 14:45:10",79
"2019-03-27 15:45:00",79
"2019-03-27 16:45:03",79
"2019-03-27 17:45:14",79
"2019-03-27 18:45:00",79
"2019-03-27 19:44:58",79
"2019-03-27 20:45:05",79
"2019-03-27 21:45:01",79
"2019-03-27 22:45:15",79
"2019-03-27 23:45:05",79
"2019-03-28 00:45:03",79
"2019-03-28 01:45:01",79
"2019-03-28 02:45:14",79
"2019-03-28 03:45:03",79
"2019-03-28 04:45:08",79
"2019-03-28 05:45:00",79
"2019-03-28 06:44:58",79
"2019-03-28 07:44:59",79
"2019-03-28 08:44:57",79
"2019-03-28 09:44:58",79
"2019-03-28 10:44:59",79
"2019-03-28 11:44:57",79
"2019-03-28 13:09:34",79
"2019-03-28 13:45:07",79
"2019-03-28 14:45:00",78
"2019-03-28 15:45:02",77
"2019-03-28 16:45:04",77
"2019-03-28 17:45:01",77
"2019-03-28 18:45:01",77
"2019-03-28 19:45:01",78
"2019-03-28 20:45:05",78
"2019-03-28 21:45:02",78
"2019-03-28 22:45:00",78
"2019-03-28 23:45:01",78
"2019-03-29 00:45:00",78
"2019-03-29 01:45:19",78
"2019-03-29 02:45:08",78
"2019-03-29 03:45:13",78
"2019-03-29 04:45:06",78
"2019-03-29 05:44:59",78
"2019-03-29 06:44:57",78
"2019-03-29 07:44:59",78
"2019-03-29 08:45:07",78
"2019-03-29 09:44:59",78
"2019-03-29 10:45:01",78
"2019-03-29 11:45:05",78
"2019-03-29 13:10:03",78
"2019-03-29 13:45:02",78
"2019-03-29 14:45:04",78
"2019-03-29 15:45:03",78
"2019-03-29 16:44:56",78
"2019-03-29 17:45:07",78
"2019-03-29 18:45:21",78
"2019-03-29 19:45:05",78
"2019-03-29 20:45:05",78
"2019-03-29 21:45:04",78
"2019-03-29 22:45:11",78
"2019-03-29 23:45:18",78
"2019-03-30 00:45:10",78
"2019-03-30 01:45:08",78
"2019-03-30 02:45:12",78
"2019-03-30 03:45:10",78
"2019-03-30 04:45:11",78
"2019-03-30 05:45:03",78
"2019-03-30 06:45:04",78
"2019-03-30 07:45:05",78
"2019-03-30 08:45:29",78
"2019-03-30 09:45:06",78
"2019-03-30 10:45:06",78
"2019-03-30 11:45:04",78
"2019-03-30 12:45:13",78
"2019-03-30 13:44:58",78
"2019-03-30 14:44:58",78
"2019-03-30 15:44:58",78
"2019-03-30 16:44:58",78
"2019-03-30 17:45:07",78
"2019-03-30 18:44:57",78
"2019-03-30 19:44:59",78
"2019-03-30 20:44:57",78
"2019-03-30 21:44:59",78
"2019-03-30 22:45:07",78
"2019-03-30 23:44:58",78
"2019-03-31 00:44:59",78
"2019-03-31 01:45:03",78
"2019-03-31 02:45:09",78
"2019-03-31 03:45:01",78
"2019-03-31 04:44:58",78
"2019-03-31 05:44:57",78
"2019-03-31 06:45:07",78
"2019-03-31 07:45:00",78
"2019-03-31 08:44:57",78
"2019-03-31 09:44:57",78
"2019-03-31 10:45:03",78
"2019-03-31 11:44:59",78
"2019-03-31 12:44:59",78
"2019-03-31 13:45:03",78
"2019-03-31 14:44:57",78
"2019-03-31 15:44:59",78
"2019-03-31 16:45:01",78
"2019-03-31 17:45:11",78
"2019-03-31 18:44:59",78
"2019-03-31 19:44:59",78
"2019-03-31 20:44:59",78
"2019-03-31 21:44:59",78
"2019-03-31 22:44:58",78
"2019-03-31 23:45:04",78
"2019-04-01 00:45:09",78
"2019-04-01 01:45:03",78
"2019-04-01 02:45:08",78
"2019-04-01 03:45:20",78
"2019-04-01 04:45:02",78
"2019-04-01 05:45:02",78
"2019-04-01 06:45:01",78
"2019-04-01 07:45:08",78
"2019-04-01 08:45:00",78
"2019-04-01 09:45:02",78
"2019-04-01 10:45:09",78
"2019-04-01 11:45:08",78
"2019-04-01 13:45:15",78
"2019-04-01 14:45:10",78
"2019-04-01 15:45:21",79
"2019-04-01 16:45:15",79
"2019-04-01 17:45:06",79
"2019-04-01 18:45:01",79
"2019-04-01 19:45:18",79
"2019-04-01 20:45:03",79
"2019-04-01 21:44:59",79
"2019-04-01 22:45:05",79
"2019-04-01 23:45:04",79
"2019-04-02 00:45:12",79
"2019-04-02 01:45:32",79
"2019-04-02 02:45:05",79
"2019-04-02 03:45:13",79
"2019-04-02 04:45:05",79
"2019-04-02 05:45:00",79
"2019-04-02 06:45:00",79
"2019-04-02 07:45:08",79
"2019-04-02 08:45:01",79
"2019-04-02 09:45:10",79
"2019-04-02 10:45:01",79
"2019-04-02 11:45:00",79
"2019-04-02 13:09:43",79
"2019-04-02 13:45:03",79
"2019-04-02 14:44:59",78
"2019-04-02 15:45:14",77
"2019-04-02 16:45:02",77
"2019-04-02 17:45:12",77
"2019-04-02 18:45:05",77
"2019-04-02 19:45:07",77
"2019-04-02 20:45:13",77
"2019-04-02 21:45:04",77
"2019-04-02 22:45:03",77
"2019-04-02 23:45:04",77
"2019-04-03 00:45:22",77
"2019-04-03 01:45:06",77
"2019-04-03 02:45:03",77
"2019-04-03 03:45:07",77
"2019-04-03 04:45:08",77
"2019-04-03 05:45:07",77
"2019-04-03 06:45:10",77
"2019-04-03 07:45:03",77
"2019-04-03 08:45:03",77
"2019-04-03 09:45:20",77
"2019-04-03 10:45:12",77
"2019-04-03 11:45:07",77
"2019-04-03 13:09:44",77
"2019-04-03 13:45:05",77
"2019-04-03 14:45:12",76
"2019-04-03 15:45:14",77
"2019-04-03 16:45:02",77
"2019-04-03 17:45:00",77
"2019-04-03 18:45:02",77
"2019-04-03 19:45:03",77
"2019-04-03 20:45:05",78
"2019-04-03 21:45:00",78
"2019-04-03 22:44:59",78
"2019-04-03 23:45:08",78
"2019-04-04 00:44:58",78
"2019-04-04 01:45:02",78
"2019-04-04 02:45:02",78
"2019-04-04 03:45:08",78
"2019-04-04 04:44:58",78
"2019-04-04 05:44:58",78
"2019-04-04 06:44:57",78
"2019-04-04 07:45:00",78
"2019-04-04 08:45:06",78
"2019-04-04 09:44:58",78
"2019-04-04 10:44:59",78
"2019-04-04 11:45:07",78
"2019-04-04 12:45:00",78
"2019-04-04 13:45:00",78
"2019-04-04 14:45:11",78
"2019-04-04 15:45:03",78
"2019-04-04 16:45:13",78
"2019-04-04 17:44:58",78
"2019-04-04 18:45:07",78
"2019-04-04 19:45:00",78
"2019-04-04 20:44:59",78
"2019-04-04 21:45:05",78
"2019-04-04 22:45:15",78
"2019-04-04 23:45:00",78
"2019-04-05 00:45:02",78
"2019-04-05 01:44:59",78
"2019-04-05 02:44:59",78
"2019-04-05 03:45:17",78
"2019-04-05 04:45:02",78
"2019-04-05 05:45:00",78
"2019-04-05 06:44:59",78
"2019-04-05 07:45:00",78
"2019-04-05 08:45:14",78
"2019-04-05 09:45:01",78
"2019-04-05 10:45:10",78
"2019-04-05 11:45:00",78
"2019-04-05 13:09:10",78
"2019-04-05 13:45:06",78
"2019-04-05 14:45:05",78
"2019-04-05 15:45:11",79
"2019-04-05 16:44:59",79
"2019-04-05 17:45:01",79
"2019-04-05 18:45:04",79
"2019-04-05 19:45:02",79
"2019-04-05 20:45:01",79
"2019-04-05 21:45:08",79
"2019-04-05 22:45:02",79
"2019-04-05 23:45:06",79
"2019-04-06 00:45:05",79
"2019-04-06 01:45:20",79
"2019-04-06 02:45:09",79
"2019-04-06 03:45:08",79
"2019-04-06 04:45:14",79
"2019-04-06 05:45:04",79
"2019-04-06 06:45:04",79
"2019-04-06 07:45:07",79
"2019-04-06 08:45:17",79
"2019-04-06 09:45:04",79
"2019-04-06 10:45:03",79
"2019-04-06 11:45:06",79
"2019-04-06 12:45:05",79
"2019-04-06 13:45:01",79
"2019-04-06 14:45:00",79
"2019-04-06 15:45:11",79
"2019-04-06 16:45:02",79
"2019-04-06 17:45:01",79
"2019-04-06 18:45:03",79
"2019-04-06 19:45:02",79
"2019-04-06 20:44:59",79
"2019-04-06 21:45:14",79
"2019-04-06 22:45:03",79
"2019-04-06 23:45:02",79
"2019-04-07 00:45:02",79
"2019-04-07 01:44:59",79
"2019-04-07 02:45:04",79
"2019-04-07 03:45:12",79
"2019-04-07 04:45:04",79
"2019-04-07 05:45:03",79
"2019-04-07 06:45:06",79
"2019-04-07 07:45:15",79
"2019-04-07 08:45:06",79
"2019-04-07 09:45:10",79
"2019-04-07 10:45:01",79
"2019-04-07 11:45:10",79
"2019-04-07 12:45:06",79
"2019-04-07 13:45:12",79
"2019-04-07 14:45:02",79
"2019-04-07 15:45:07",79
"2019-04-07 16:45:10",79
"2019-04-07 17:45:03",79
"2019-04-07 18:45:03",79
"2019-04-07 19:45:03",79
"2019-04-07 20:45:11",79
"2019-04-07 21:45:01",79
"2019-04-07 22:45:01",79
"2019-04-07 23:45:00",79
"2019-04-08 00:45:16",79
"2019-04-08 01:45:06",79
"2019-04-08 02:45:03",79
"2019-04-08 03:45:03",79
"2019-04-08 04:44:58",79
"2019-04-08 05:45:12",79
"2019-04-08 06:44:58",79
"2019-04-08 07:44:58",79
"2019-04-08 08:44:59",79
"2019-04-08 09:45:02",79
"2019-04-08 10:45:00",79
"2019-04-08 11:45:16",79
"2019-04-08 12:45:00",79
"2019-04-08 13:45:11",79
"2019-04-08 14:44:59",81
"2019-04-08 15:45:06",81
"2019-04-08 16:45:20",81
"2019-04-08 17:45:02",81
"2019-04-08 18:45:02",81
"2019-04-08 19:45:03",80
"2019-04-08 20:45:03",79
"2019-04-08 21:45:05",79
"2019-04-08 22:45:04",79
"2019-04-08 23:45:02",79
"2019-04-09 00:45:11",79
"2019-04-09 01:45:03",79
"2019-04-09 02:45:06",79
"2019-04-09 03:45:04",79
"2019-04-09 04:45:02",79
"2019-04-09 05:45:09",79
"2019-04-09 06:45:03",79
"2019-04-09 07:45:01",79
"2019-04-09 08:45:06",79
"2019-04-09 09:45:19",79
"2019-04-09 10:45:01",79
"2019-04-09 11:45:04",79
"2019-04-09 13:10:24",79
"2019-04-09 13:45:03",79
"2019-04-09 14:45:03",79
"2019-04-09 15:45:20",79
"2019-04-09 16:45:05",79
"2019-04-09 17:45:04",79
"2019-04-09 18:45:05",79
"2019-04-09 19:45:04",79
"2019-04-09 20:45:04",79
"2019-04-09 21:45:04",79
"2019-04-09 22:45:04",79
"2019-04-09 23:45:14",79
"2019-04-10 00:45:05",79
"2019-04-10 01:45:07",79
"2019-04-10 02:45:07",79
"2019-04-10 03:45:11",79
"2019-04-10 04:45:14",79
"2019-04-10 05:45:03",79
"2019-04-10 06:45:03",79
"2019-04-10 07:45:03",79
"2019-04-10 08:45:14",79
"2019-04-10 09:45:05",79
"2019-04-10 10:45:04",79
"2019-04-10 11:45:09",79
"2019-04-10 12:45:17",79
"2019-04-10 13:45:20",79
"2019-04-10 14:45:06",79
"2019-04-10 15:45:09",79
"2019-04-10 16:45:07",80
"2019-04-10 17:45:13",80
"2019-04-10 18:45:11",80
"2019-04-10 19:45:08",80
"2019-04-10 20:45:04",80
"2019-04-10 21:45:01",80
"2019-04-10 22:45:01",80
"2019-04-10 23:45:15",80
"2019-04-11 00:45:04",80
"2019-04-11 01:45:01",80
"2019-04-11 02:45:05",80
"2019-04-11 03:45:08",80
"2019-04-11 04:45:09",80
"2019-04-11 05:45:06",80
"2019-04-11 06:45:01",80
"2019-04-11 18:45:12",83
"2019-04-11 19:45:23",83
"2019-04-11 20:45:05",83
"2019-04-11 21:45:04",83
"2019-04-11 22:45:03",83
"2019-04-11 23:45:04",83
"2019-04-12 00:45:03",83
"2019-04-12 01:45:07",83
"2019-04-12 02:45:14",83
"2019-04-12 03:45:06",83
"2019-04-12 04:45:05",83
"2019-04-12 05:45:05",83
"2019-04-12 06:45:02",83
"2019-04-12 07:45:03",83
"2019-04-12 08:45:03",83
"2019-04-12 09:45:10",83
"2019-04-12 10:45:02",83
"2019-04-12 11:45:03",83
"2019-04-12 13:08:48",83
"2019-04-12 13:45:06",83
"2019-04-12 14:45:02",84
"2019-04-12 15:45:11",84
"2019-04-12 16:45:08",82
"2019-04-12 17:45:04",82
"2019-04-12 18:45:04",82
"2019-04-12 19:45:03",82
"2019-04-12 20:45:03",82
"2019-04-12 21:45:02",82
"2019-04-12 22:45:17",82
"2019-04-12 23:45:02",82
"2019-04-13 00:45:06",82
"2019-04-13 01:45:04",82
"2019-04-13 02:45:06",82
"2019-04-13 03:45:21",82
"2019-04-13 04:45:07",82
"2019-04-13 05:45:04",82
"2019-04-13 06:45:06",82
"2019-04-13 07:45:00",82
"2019-04-13 08:45:04",82
"2019-04-13 09:45:09",82
"2019-04-13 10:45:01",82
"2019-04-13 11:45:05",82
"2019-04-13 12:45:03",82
"2019-04-13 13:45:05",82
"2019-04-13 14:45:09",82
"2019-04-13 15:45:07",82
"2019-04-13 16:45:06",82
"2019-04-13 17:45:01",82
"2019-04-13 18:45:04",82
"2019-04-13 19:45:05",82
"2019-04-13 20:45:04",82
"2019-04-13 21:45:10",82
"2019-04-13 22:45:03",82
"2019-04-13 23:45:02",82
"2019-04-14 00:45:05",82
"2019-04-14 01:45:08",82
"2019-04-14 02:45:03",82
"2019-04-14 03:45:05",82
"2019-04-14 04:45:14",82
"2019-04-14 05:45:03",82
"2019-04-14 06:45:05",82
"2019-04-14 07:45:08",82
"2019-04-14 08:45:03",82
"2019-04-14 09:45:06",82
"2019-04-14 10:45:00",82
"2019-04-14 11:45:09",82
"2019-04-14 12:45:01",82
"2019-04-14 13:45:06",82
"2019-04-14 14:45:14",82
"2019-04-14 15:45:08",82
"2019-04-14 16:45:10",82
"2019-04-14 17:45:05",82
"2019-04-14 18:45:36",82
"2019-04-14 19:45:08",82
"2019-04-14 20:45:10",82
"2019-04-14 21:45:17",82
"2019-04-14 22:45:04",82
"2019-04-14 23:45:06",82
"2019-04-15 00:45:05",82
"2019-04-15 01:45:03",82
"2019-04-15 02:45:05",82
"2019-04-15 03:45:19",82
"2019-04-15 04:45:05",82
"2019-04-15 05:45:05",82
"2019-04-15 06:45:01",82
"2019-04-15 07:45:03",82
"2019-04-15 08:45:10",82
"2019-04-15 09:45:01",82
"2019-04-15 10:45:01",82
"2019-04-15 11:45:03",82
"2019-04-15 13:10:47",82
"2019-04-15 13:45:02",82
"2019-04-15 14:45:06",83
"2019-04-15 15:45:14",83
"2019-04-15 16:45:04",83
"2019-04-15 17:45:11",83
"2019-04-15 18:45:11",83
"2019-04-15 19:45:30",83
"2019-04-15 20:45:04",83
"2019-04-15 21:45:05",83
"2019-04-15 22:45:07",83
"2019-04-15 23:45:11",83
"2019-04-16 00:45:07",83
"2019-04-16 01:45:04",83
"2019-04-16 02:45:07",83
"2019-04-16 03:45:12",83
"2019-04-16 04:45:05",83
"2019-04-16 05:45:04",83
"2019-04-16 06:45:04",83
"2019-04-16 07:45:02",83
"2019-04-16 08:45:18",83
"2019-04-16 09:45:03",83
"2019-04-16 10:45:13",83
"2019-04-16 11:45:02",83
"2019-04-16 13:09:07",83
"2019-04-16 13:45:05",83
"2019-04-16 14:45:12",83
"2019-04-16 15:45:04",83
"2019-04-16 16:45:04",83
"2019-04-16 17:45:01",83
"2019-04-16 18:45:13",83
"2019-04-16 19:45:04",82
"2019-04-16 20:45:05",82
"2019-04-16 21:45:01",82
"2019-04-16 22:45:02",82
"2019-04-16 23:45:03",82
"2019-04-17 00:45:04",82
"2019-04-17 01:45:07",82
"2019-04-17 02:45:13",82
"2019-04-17 03:45:04",82
"2019-04-17 04:45:03",82
"2019-04-17 05:45:03",82
"2019-04-17 06:45:20",82
"2019-04-17 07:45:05",82
"2019-04-17 08:45:02",82
"2019-04-17 09:45:11",82
"2019-04-17 10:45:01",82
"2019-04-17 11:45:03",82
"2019-04-17 13:10:13",82
"2019-04-17 13:45:07",82
"2019-04-17 14:45:05",82
"2019-04-17 15:45:37",82
"2019-04-17 16:45:05",82
"2019-04-17 17:45:13",82
"2019-04-17 18:45:04",83
"2019-04-17 19:45:04",82
"2019-04-17 20:45:05",82
"2019-04-17 21:45:03",82
"2019-04-17 22:45:06",82
"2019-04-18 00:45:04",82
"2019-04-18 01:45:06",82
"2019-04-18 02:45:03",82
"2019-04-18 03:45:16",82
"2019-04-18 04:45:06",82
"2019-04-18 05:45:13",82
"2019-04-18 06:45:04",82
"2019-04-18 07:45:03",82
"2019-04-18 08:45:12",82
"2019-04-18 09:45:03",82
"2019-04-18 10:45:05",82
"2019-04-18 11:45:09",82
"2019-04-18 13:10:07",82
"2019-04-18 13:45:05",82
"2019-04-18 14:45:12",82
"2019-04-18 15:45:04",82
"2019-04-18 16:45:09",82
"2019-04-18 17:45:13",82
"2019-04-18 18:45:05",82
"2019-04-18 19:45:03",82
"2019-04-18 20:45:04",82
"2019-04-18 21:45:06",82
"2019-04-18 22:45:04",82
"2019-04-18 23:45:11",82
"2019-04-19 00:47:09",82
"2019-04-19 02:45:04",82
"2019-04-19 03:45:16",82
"2019-04-19 04:45:03",82
"2019-04-19 05:45:02",82
"2019-04-19 06:45:05",82
"2019-04-19 07:45:11",82
"2019-04-19 08:45:07",82
"2019-04-19 09:45:03",82
"2019-04-19 10:45:06",82
"2019-04-19 11:45:01",82
"2019-04-19 12:45:03",82
"2019-04-19 13:45:07",82
"2019-04-19 14:45:09",82
"2019-04-19 15:45:02",82
"2019-04-19 16:45:06",82
"2019-04-19 17:45:15",82
"2019-04-19 18:45:04",82
"2019-04-19 19:45:03",82
"2019-04-19 20:45:03",82
"2019-04-19 21:45:03",82
"2019-04-19 22:45:03",82
"2019-04-19 23:45:06",82
"2019-04-20 00:45:13",82
"2019-04-20 01:45:07",82
"2019-04-20 02:45:06",82
"2019-04-20 03:45:03",82
"2019-04-20 04:45:12",82
"2019-04-20 05:45:04",82
"2019-04-20 06:45:03",82
"2019-04-20 07:45:08",82
"2019-04-20 08:45:04",82
"2019-04-20 09:45:11",82
"2019-04-20 10:45:04",82
"2019-04-20 11:45:00",82
"2019-04-20 12:45:17",82
"2019-04-20 13:46:20",82
"2019-04-20 14:45:03",82
"2019-04-20 15:45:01",82
"2019-04-20 16:45:08",82
"2019-04-20 17:45:08",82
"2019-04-20 18:45:02",82
"2019-04-20 19:45:03",82
"2019-04-20 20:45:03",82
"2019-04-20 21:45:02",82
"2019-04-20 22:45:03",82
"2019-04-20 23:45:13",82
"2019-04-21 00:45:02",82
"2019-04-21 01:45:03",82
"2019-04-21 02:45:06",82
"2019-04-21 03:45:05",82
"2019-04-21 04:45:08",82
"2019-04-21 05:45:03",82
"2019-04-21 06:45:01",82
"2019-04-21 07:45:10",82
"2019-04-21 08:45:01",82
"2019-04-21 09:45:01",82
"2019-04-21 10:45:04",82
"2019-04-21 11:45:05",82
"2019-04-21 12:45:02",82
"2019-04-21 13:45:02",82
"2019-04-21 14:45:12",82
"2019-04-21 15:45:03",82
"2019-04-21 16:45:04",82
"2019-04-21 17:45:04",82
"2019-04-21 18:45:01",82
"2019-04-21 19:45:11",82
"2019-04-21 20:45:01",82
"2019-04-21 21:45:03",82
"2019-04-21 22:45:01",82
"2019-04-21 23:45:01",82
"2019-04-22 00:45:02",82
"2019-04-22 01:45:09",82
"2019-04-22 02:45:14",82
"2019-04-22 03:45:04",82
"2019-04-22 04:44:59",82
"2019-04-22 05:45:02",82
"2019-04-22 06:45:06",82
"2019-04-22 07:45:05",82
"2019-04-22 08:45:02",82
"2019-04-22 09:45:01",82
"2019-04-22 10:45:08",82
"2019-04-22 11:45:07",82
"2019-04-22 13:10:39",82
"2019-04-22 13:45:08",82
"2019-04-22 14:45:09",82
"2019-04-22 15:45:04",82
"2019-04-22 16:45:04",82
"2019-04-22 17:45:06",82
"2019-04-22 18:45:10",82
"2019-04-22 19:45:08",82
"2019-04-22 20:45:03",82
"2019-04-22 21:45:04",82
"2019-04-22 22:45:04",82
"2019-04-22 23:45:09",82
"2019-04-23 00:45:07",82
"2019-04-23 01:45:03",82
"2019-04-23 02:45:04",82
"2019-04-23 03:45:07",82
"2019-04-23 04:45:11",82
"2019-04-23 05:45:05",82
"2019-04-23 06:45:41",82
"2019-04-23 07:45:04",82
"2019-04-23 08:45:00",82
"2019-04-23 09:45:03",82
"2019-04-23 10:45:07",82
"2019-04-23 11:45:08",82
"2019-04-23 13:11:09",82
"2019-04-23 13:45:04",82
"2019-04-23 14:45:02",81
"2019-04-23 15:45:09",82
"2019-04-23 16:45:05",82
"2019-04-23 17:45:04",82
"2019-04-23 18:45:02",81
"2019-04-23 19:45:06",81
"2019-04-23 20:45:16",81
"2019-04-23 21:45:06",81
"2019-04-23 22:45:03",80
"2019-04-23 23:45:05",80
"2019-04-24 00:45:02",80
"2019-04-24 01:45:05",80
"2019-04-24 02:45:12",80
"2019-04-24 03:45:05",80
"2019-04-24 04:45:04",80
"2019-04-24 05:45:01",80
"2019-04-24 06:45:06",80
"2019-04-24 07:45:12",80
"2019-04-24 08:45:03",80
"2019-04-24 09:45:04",80
"2019-04-24 10:45:10",80
"2019-04-24 11:45:11",80
"2019-04-24 12:45:02",80
"2019-04-24 13:45:23",80
"2019-04-24 14:45:09",80
"2019-04-24 15:45:09",80
"2019-04-24 16:45:08",80
"2019-04-24 17:45:08",80
"2019-04-24 18:45:22",80
"2019-04-24 19:45:06",80
"2019-04-24 20:45:08",80
"2019-04-24 21:45:06",80
"2019-04-24 22:45:04",80
"2019-04-24 23:45:17",80
"2019-04-25 00:45:08",80
"2019-04-25 01:45:06",80
"2019-04-25 02:45:05",80
"2019-04-25 03:45:16",80
"2019-04-25 04:45:04",80
"2019-04-25 05:45:04",80
"2019-04-25 06:45:10",80
"2019-04-25 07:45:04",80
"2019-04-25 08:45:08",80
"2019-04-25 09:45:03",80
"2019-04-25 10:45:09",80
"2019-04-25 11:45:08",80
"2019-04-25 13:09:41",80
"2019-04-25 13:45:05",80
"2019-04-25 14:45:12",80
"2019-04-25 15:45:04",80
"2019-04-25 16:45:11",80
"2019-04-25 17:45:01",80
"2019-04-25 18:45:02",81
"2019-04-25 19:45:09",81
"2019-04-25 20:45:01",81
"2019-04-25 21:45:11",81
"2019-04-25 22:45:02",81
"2019-04-25 23:45:01",81
"2019-04-26 00:45:05",81
"2019-04-26 01:45:13",81
"2019-04-26 02:45:04",81
"2019-04-26 03:45:04",81
"2019-04-26 04:45:07",81
"2019-04-26 05:45:10",81
"2019-04-26 06:45:07",81
"2019-04-26 07:45:02",81
"2019-04-26 08:45:11",81
"2019-04-26 09:45:01",81
"2019-04-26 10:45:14",81
"2019-04-26 11:45:02",81
"2019-04-26 12:45:03",81
"2019-04-26 13:45:09",81
"2019-04-26 14:45:02",81
"2019-04-26 15:45:09",82
"2019-04-26 16:45:01",82
"2019-04-26 17:45:03",82
"2019-04-26 18:45:03",82
"2019-04-26 19:45:01",82
"2019-04-26 20:45:08",82
"2019-04-26 21:45:01",82
"2019-04-26 22:45:01",82
"2019-04-26 23:45:03",82
"2019-04-27 00:45:04",82
"2019-04-27 01:45:08",82
"2019-04-27 02:45:01",82
"2019-04-27 03:45:01",82
"2019-04-27 04:44:59",82
"2019-04-27 05:45:03",82
"2019-04-27 06:45:08",82
"2019-04-27 07:44:59",82
"2019-04-27 08:45:00",82
"2019-04-27 09:45:06",82
"2019-04-27 10:45:03",82
"2019-04-27 11:44:58",82
"2019-04-27 12:45:00",82
"2019-04-27 13:45:05",82
"2019-04-27 14:45:00",82
"2019-04-27 15:44:59",82
"2019-04-27 16:45:02",82
"2019-04-27 17:45:11",82
"2019-04-27 18:45:02",82
"2019-04-27 19:44:58",82
"2019-04-27 20:45:02",82
"2019-04-27 21:45:04",82
"2019-04-27 22:45:00",82
"2019-04-27 23:45:00",82
"2019-04-28 00:45:00",82
"2019-04-28 01:45:02",82
"2019-04-28 02:45:01",82
"2019-04-28 03:45:00",82
"2019-04-28 04:45:10",82
"2019-04-28 05:45:01",82
"2019-04-28 06:45:00",82
"2019-04-28 07:44:59",82
"2019-04-28 08:45:05",82
"2019-04-28 09:45:00",82
"2019-04-28 10:45:05",82
"2019-04-28 11:45:03",82
"2019-04-28 12:44:59",82
"2019-04-28 13:45:00",82
"2019-04-28 14:45:06",82
"2019-04-28 15:45:01",82
"2019-04-28 16:44:59",82
"2019-04-28 17:45:01",82
"2019-04-28 18:45:02",82
"2019-04-28 20:44:59",82
"2019-04-28 21:45:02",82
"2019-04-28 22:45:00",82
"2019-04-28 23:45:02",82
"2019-04-29 00:45:08",82
"2019-04-29 01:44:58",82
"2019-04-29 02:44:59",82
"2019-04-29 03:45:02",82
"2019-04-29 04:45:07",82
"2019-04-29 05:45:00",82
"2019-04-29 06:45:00",82
"2019-04-29 07:45:02",82
"2019-04-29 08:45:06",82
"2019-04-29 09:45:04",82
"2019-04-29 10:45:00",82
"2019-04-29 11:45:00",82
"2019-04-29 12:45:08",82
"2019-04-29 13:45:00",82
"2019-04-29 14:45:08",80
"2019-04-29 15:45:00",79
"2019-04-29 16:45:04",79
"2019-04-29 17:45:03",79
"2019-04-29 18:45:03",79
"2019-04-29 19:45:05",79
"2019-04-29 20:45:13",79
"2019-04-29 21:45:01",79
"2019-04-29 22:44:59",79
"2019-04-29 23:45:03",79
"2019-04-30 00:45:01",79
"2019-04-30 01:45:06",79
"2019-04-30 02:45:08",79
"2019-04-30 03:45:10",79
"2019-04-30 04:45:04",79
"2019-04-30 05:45:05",79
"2019-04-30 06:45:03",79
"2019-04-30 07:45:03",79
"2019-04-30 08:45:05",79
"2019-04-30 09:45:10",79
"2019-04-30 10:45:06",79
"2019-04-30 11:45:03",79
"2019-04-30 13:09:08",79
"2019-04-30 13:45:07",79
"2019-04-30 14:45:07",79
"2019-04-30 15:45:08",79
"2019-04-30 16:45:08",79
"2019-04-30 17:45:15",79
"2019-04-30 18:45:05",79
"2019-04-30 19:45:10",79
"2019-04-30 20:45:05",79
"2019-04-30 21:45:05",79
"2019-04-30 22:45:01",79
"2019-04-30 23:45:10",79
"2019-05-01 00:45:01",79
"2019-05-01 01:45:13",79
"2019-05-01 02:45:06",79
"2019-05-01 03:45:15",79
"2019-05-01 04:45:12",79
"2019-05-01 05:45:08",79
"2019-05-01 06:45:01",79
"2019-05-01 07:45:07",79
"2019-05-01 08:45:07",79
"2019-05-01 09:45:06",79
"2019-05-01 10:45:01",79
"2019-05-01 11:45:05",79
"2019-05-01 13:09:07",79
"2019-05-01 13:45:09",79
"2019-05-01 14:44:59",80
"2019-05-01 15:45:10",80
"2019-05-01 16:45:05",80
"2019-05-01 17:45:01",80
"2019-05-01 18:45:09",80
"2019-05-01 19:45:14",80
"2019-05-01 20:45:12",80
"2019-05-01 21:45:07",80
"2019-05-01 22:45:11",80
"2019-05-01 23:45:11",80
"2019-05-02 00:45:13",80
"2019-05-02 01:45:06",80
"2019-05-02 02:45:14",80
"2019-05-02 03:45:08",80
"2019-05-02 04:45:15",80
"2019-05-02 05:45:16",80
"2019-05-02 06:45:14",80
"2019-05-02 07:45:11",80
"2019-05-02 08:45:11",80
"2019-05-02 09:45:06",80
"2019-05-02 10:45:12",80
"2019-05-02 11:45:05",80
"2019-05-02 13:45:18",80
"2019-05-02 14:45:06",81
"2019-05-02 15:45:07",82
"2019-05-02 16:45:14",82
"2019-05-02 17:45:07",82
"2019-05-02 18:45:08",82
"2019-05-02 19:45:16",82
"2019-05-02 20:45:08",82
"2019-05-02 21:45:12",82
"2019-05-02 22:45:19",82
"2019-05-02 23:45:05",82
"2019-05-03 00:45:07",82
"2019-05-03 01:45:20",82
"2019-05-03 02:45:08",82
"2019-05-03 03:45:17",82
"2019-05-03 04:45:08",82
"2019-05-03 05:45:28",82
"2019-05-03 06:45:12",82
"2019-05-03 07:45:12",82
"2019-05-03 08:45:12",82
"2019-05-03 09:45:11",82
"2019-05-03 10:45:16",82
"2019-05-03 11:45:10",82
"2019-05-03 13:08:21",82
"2019-05-03 13:45:25",82
"2019-05-03 14:45:17",82
"2019-05-03 15:45:14",81
"2019-05-03 16:45:12",82
"2019-05-03 17:45:16",82
"2019-05-03 18:45:25",82
"2019-05-03 19:45:19",82
"2019-05-03 20:45:07",83
"2019-05-03 21:45:21",83
"2019-05-03 22:45:08",83
"2019-05-03 23:45:17",83
"2019-05-04 00:45:12",83
"2019-05-04 01:45:15",83
"2019-05-04 02:45:19",83
"2019-05-04 03:45:23",83
"2019-05-04 04:45:15",83
"2019-05-04 05:45:13",83
"2019-05-04 06:45:15",83
"2019-05-04 07:45:15",83
"2019-05-04 08:45:07",83
"2019-05-04 09:45:10",83
"2019-05-04 10:45:06",83
"2019-05-04 11:45:12",83
"2019-05-04 12:45:16",83
"2019-05-04 13:45:16",83
"2019-05-04 14:45:08",83
"2019-05-04 15:45:09",83
"2019-05-04 16:45:12",83
"2019-05-04 17:45:07",83
"2019-05-04 18:45:08",83
"2019-05-04 19:45:11",83
"2019-05-04 20:45:06",83
"2019-05-04 21:45:08",83
"2019-05-04 22:45:10",83
"2019-05-04 23:45:14",83
"2019-05-05 00:45:09",83
"2019-05-05 01:45:15",83
"2019-05-05 02:45:08",83
"2019-05-05 03:45:13",83
"2019-05-05 04:45:14",83
"2019-05-05 05:45:15",83
"2019-05-05 06:45:15",83
"2019-05-05 07:45:09",83
"2019-05-05 08:45:04",83
"2019-05-05 09:45:05",83
"2019-05-05 10:45:08",83
"2019-05-05 11:45:11",83
"2019-05-05 12:45:09",83
"2019-05-05 13:45:10",83
"2019-05-05 14:45:10",83
"2019-05-05 15:45:08",83
"2019-05-05 16:45:07",83
"2019-05-05 17:45:16",83
"2019-05-05 18:45:08",83
"2019-05-05 19:45:06",83
"2019-05-05 20:45:08",83
"2019-05-05 21:45:09",83
"2019-05-05 22:45:11",83
"2019-05-05 23:45:11",83
"2019-05-06 00:45:07",83
"2019-05-06 01:45:06",83
"2019-05-06 02:45:07",83
"2019-05-06 03:45:13",83
"2019-05-06 04:45:05",83
"2019-05-06 05:45:04",83
"2019-05-06 06:45:05",83
"2019-05-06 07:45:11",83
"2019-05-06 08:45:06",83
"2019-05-06 09:45:02",83
"2019-05-06 10:45:09",83
"2019-05-06 11:45:10",83
"2019-05-06 13:10:23",83
"2019-05-06 13:45:27",83
"2019-05-06 14:45:25",83
"2019-05-06 15:45:05",81
"2019-05-06 16:45:10",82
"2019-05-06 17:37:01",82
"2019-05-06 17:45:05",82
"2019-05-06 18:45:08",82
"2019-05-06 19:45:11",82
"2019-05-06 20:45:03",83
"2019-05-06 21:45:03",83
"2019-05-06 22:45:07",83
"2019-05-06 23:45:02",83
"2019-05-07 00:45:04",83
"2019-05-07 01:45:16",83
"2019-05-07 02:45:04",83
"2019-05-07 03:45:08",83
"2019-05-07 04:45:07",83
"2019-05-07 05:45:04",83
"2019-05-07 06:45:01",83
"2019-05-07 07:45:04",83
"2019-05-07 08:45:00",83
"2019-05-07 09:45:06",83
"2019-05-07 10:45:03",83
"2019-05-07 11:45:01",83
"2019-05-07 12:45:10",83
"2019-05-07 13:45:08",83
"2019-05-07 14:45:02",84
"2019-05-07 15:45:01",84
"2019-05-07 16:45:09",84
"2019-05-07 17:45:08",84
"2019-05-07 18:45:05",84
"2019-05-07 19:45:09",84
"2019-05-07 20:45:05",84
"2019-05-07 21:45:02",84
"2019-05-07 22:45:03",84
"2019-05-07 23:45:08",84
"2019-05-08 00:45:03",84
"2019-05-08 01:45:04",84
"2019-05-08 02:45:05",84
"2019-05-08 03:45:10",84
"2019-05-08 04:45:05",84
"2019-05-08 05:45:06",84
"2019-05-08 06:45:05",84
"2019-05-08 07:45:04",84
"2019-05-08 08:45:02",84
"2019-05-08 09:45:12",84
"2019-05-08 10:45:03",84
"2019-05-08 11:45:07",84
"2019-05-08 13:09:11",84
"2019-05-08 13:45:08",84
"2019-05-08 14:45:12",84
"2019-05-08 15:45:10",85
"2019-05-08 16:45:08",84
"2019-05-08 17:45:10",84
"2019-05-08 18:45:16",84
"2019-05-08 19:45:07",84
"2019-05-08 20:45:04",84
"2019-05-08 21:45:07",84
"2019-05-08 22:45:05",84
"2019-05-08 23:45:18",84
"2019-05-09 00:45:06",84
"2019-05-09 01:45:08",84
"2019-05-09 02:45:11",84
"2019-05-09 03:45:17",84
"2019-05-09 04:45:16",84
"2019-05-09 05:45:07",84
"2019-05-09 06:45:13",84
"2019-05-09 07:45:10",84
"2019-05-09 08:45:09",84
"2019-05-09 09:45:17",84
"2019-05-09 10:45:07",84
"2019-05-09 11:45:12",84
"2019-05-09 13:08:41",84
"2019-05-09 13:45:08",84
"2019-05-09 14:45:10",83
"2019-05-09 15:45:11",83
"2019-05-09 16:45:08",83
"2019-05-09 17:45:16",83
"2019-05-09 18:45:08",83
"2019-05-09 19:45:09",83
"2019-05-09 20:45:08",83
"2019-05-09 21:45:05",83
"2019-05-09 22:45:16",83
"2019-05-09 23:45:05",83
"2019-05-10 00:45:07",83
"2019-05-10 01:45:11",83
"2019-05-10 02:45:21",83
"2019-05-10 03:45:06",83
"2019-05-10 04:45:17",83
"2019-05-10 05:45:06",83
"2019-05-10 06:45:39",83
"2019-05-10 07:45:05",83
"2019-05-10 08:45:12",83
"2019-05-10 09:45:06",83
"2019-05-10 10:45:09",83
"2019-05-10 11:45:06",83
"2019-05-10 12:45:15",83
"2019-05-10 13:45:06",83
"2019-05-10 14:45:12",83
"2019-05-10 15:45:06",83
"2019-05-10 16:45:06",83
"2019-05-10 17:45:07",83
"2019-05-10 18:45:15",83
"2019-05-10 19:45:06",83
"2019-05-10 20:45:05",83
"2019-05-10 21:45:05",83
"2019-05-10 22:45:11",83
"2019-05-10 23:45:09",83
"2019-05-11 00:45:18",83
"2019-05-11 01:45:05",83
"2019-05-11 02:45:16",83
"2019-05-11 03:45:06",83
"2019-05-11 04:45:06",83
"2019-05-11 05:45:20",83
"2019-05-11 06:45:04",83
"2019-05-11 07:45:03",83
"2019-05-11 08:45:12",83
"2019-05-11 09:45:04",83
"2019-05-11 10:45:16",83
"2019-05-11 11:45:05",83
"2019-05-11 12:45:05",83
"2019-05-11 13:45:11",83
"2019-05-11 14:45:05",83
"2019-05-11 15:45:08",83
"2019-05-11 16:45:18",83
"2019-05-11 17:45:06",83
"2019-05-11 18:45:09",83
"2019-05-11 19:45:07",83
"2019-05-11 20:45:06",83
"2019-05-11 21:45:11",83
"2019-05-11 22:45:10",83
"2019-05-11 23:45:07",83
"2019-05-12 00:45:05",83
"2019-05-12 01:45:06",83
"2019-05-12 02:45:07",83
"2019-05-12 03:45:15",83
"2019-05-12 04:45:06",83
"2019-05-12 05:45:08",83
"2019-05-12 06:45:05",83
"2019-05-12 07:45:12",83
"2019-05-12 08:45:04",83
"2019-05-12 09:45:09",83
"2019-05-12 10:45:05",83
"2019-05-12 11:45:03",83
"2019-05-12 12:45:04",83
"2019-05-12 13:45:10",83
"2019-05-12 14:45:05",83
"2019-05-12 15:45:05",83
"2019-05-12 16:45:08",83
"2019-05-12 17:45:13",83
"2019-05-12 18:45:05",83
"2019-05-12 19:45:05",83
"2019-05-12 20:45:04",83
"2019-05-12 21:45:03",83
"2019-05-12 22:45:14",83
"2019-05-12 23:45:04",83
"2019-05-13 00:45:07",83
"2019-05-13 01:45:03",83
"2019-05-13 02:45:03",83
"2019-05-13 03:45:10",83
"2019-05-13 04:45:02",83
"2019-05-13 05:45:02",83
"2019-05-13 06:45:09",83
"2019-05-13 07:45:01",83
"2019-05-13 08:45:03",83
"2019-05-13 09:45:05",83
"2019-05-13 10:45:10",83
"2019-05-13 11:45:06",83
"2019-05-13 13:08:39",83
"2019-05-13 13:45:04",83
"2019-05-13 14:45:04",83
"2019-05-13 15:45:12",83
"2019-05-13 16:45:05",83
"2019-05-13 17:45:05",84
"2019-05-13 18:45:07",84
"2019-05-13 19:45:10",84
"2019-05-13 20:45:04",84
"2019-05-13 21:45:06",84
"2019-05-13 22:45:04",84
"2019-05-13 23:45:05",84
"2019-05-14 00:45:29",84
"2019-05-14 01:45:04",84
"2019-05-14 02:45:07",84
"2019-05-14 03:45:14",84
"2019-05-14 04:45:06",84
"2019-05-14 05:45:04",84
"2019-05-14 06:45:14",84
"2019-05-14 07:45:07",84
"2019-05-14 08:45:06",84
"2019-05-14 09:45:12",84
"2019-05-14 10:45:05",84
"2019-05-14 11:45:05",84
"2019-05-14 13:08:12",84
"2019-05-14 13:45:10",84
"2019-05-14 14:45:06",84
"2019-05-14 15:45:10",85
"2019-05-14 16:45:08",86
"2019-05-14 17:45:11",86
"2019-05-14 18:45:08",86
"2019-05-14 19:45:03",87
"2019-05-14 20:45:05",87
"2019-05-14 21:45:04",87
"2019-05-14 22:45:11",87
"2019-05-14 23:45:07",87
"2019-05-15 00:45:06",87
"2019-05-15 01:45:07",87
"2019-05-15 02:45:06",87
"2019-05-15 03:45:12",87
"2019-05-15 04:45:09",87
"2019-05-15 05:45:09",87
"2019-05-15 06:45:11",87
"2019-05-15 07:45:08",87
"2019-05-15 08:45:09",87
"2019-05-15 09:45:14",87
"2019-05-15 10:45:17",87
"2019-05-15 11:45:05",87
"2019-05-15 13:09:12",87
"2019-05-15 13:45:07",87
"2019-05-15 14:45:09",87
"2019-05-15 15:45:05",87
"2019-05-15 16:45:14",88
"2019-05-15 17:45:08",88
"2019-05-15 18:45:12",89
"2019-05-15 19:45:08",90
"2019-05-15 20:45:07",90
"2019-05-15 21:45:11",90
"2019-05-15 22:45:06",90
"2019-05-15 23:45:06",90
"2019-05-16 00:45:06",90
"2019-05-16 01:45:16",90
"2019-05-16 02:45:11",90
"2019-05-16 03:45:05",90
"2019-05-16 04:45:07",90
"2019-05-16 05:45:13",90
"2019-05-16 06:45:09",90
"2019-05-16 07:45:15",90
"2019-05-16 08:45:14",90
"2019-05-16 09:45:14",90
"2019-05-16 10:45:30",90
"2019-05-16 11:45:10",90
"2019-05-16 13:08:16",90
"2019-05-16 13:45:25",90
"2019-05-16 14:45:09",90
"2019-05-16 15:45:09",89
"2019-05-16 16:45:15",89
"2019-05-16 17:45:09",89
"2019-05-16 18:45:13",89
"2019-05-16 19:45:13",89
"2019-05-16 20:45:08",89
"2019-05-16 21:45:13",89
"2019-05-16 22:45:15",89
"2019-05-16 23:45:11",89
"2019-05-17 00:45:24",89
"2019-05-17 01:45:15",89
"2019-05-17 02:45:10",89
"2019-05-17 03:45:09",89
"2019-05-17 04:45:09",89
"2019-05-17 05:45:11",89
"2019-05-17 06:45:18",89
"2019-05-17 07:45:11",89
"2019-05-17 08:45:19",89
"2019-05-17 09:45:17",89
"2019-05-17 10:45:09",89
"2019-05-17 11:45:15",89
"2019-05-17 13:09:45",89
"2019-05-17 13:45:25",89
"2019-05-17 14:45:12",89
"2019-05-17 15:45:08",90
"2019-05-17 16:45:13",91
"2019-05-17 17:45:09",91
"2019-05-17 18:45:10",91
"2019-05-17 19:45:15",92
"2019-05-17 20:45:08",93
"2019-05-17 21:45:09",93
"2019-05-17 22:45:09",93
"2019-05-17 23:45:09",93
"2019-05-18 00:45:09",93
"2019-05-18 01:45:13",93
"2019-05-18 02:45:12",93
"2019-05-18 04:45:06",93
"2019-05-18 05:44:59",93
"2019-05-18 06:45:04",93
"2019-05-18 07:45:00",93
"2019-05-18 08:45:00",93
"2019-05-18 09:45:00",93
"2019-05-18 10:44:59",93
"2019-05-18 11:45:04",93
"2019-05-18 12:45:00",93
"2019-05-18 13:45:02",93
"2019-05-18 14:45:00",93
"2019-05-18 15:45:05",93
"2019-05-18 16:45:00",93
"2019-05-18 17:45:02",93
"2019-05-18 18:44:59",93
"2019-05-18 19:45:00",93
"2019-05-18 20:45:00",93
"2019-05-18 21:45:00",93
"2019-05-18 22:45:00",93
"2019-05-18 23:44:58",93
"2019-05-19 00:44:58",93
"2019-05-19 01:44:59",93
"2019-05-19 02:44:59",93
"2019-05-19 03:44:58",93
"2019-05-19 04:45:02",93
"2019-05-19 05:44:59",93
"2019-05-19 06:44:59",93
"2019-05-19 07:44:59",93
"2019-05-19 08:44:58",93
"2019-05-19 09:44:58",93
"2019-05-19 10:44:58",93
"2019-05-19 11:45:01",93
"2019-05-19 12:45:02",93
"2019-05-19 13:45:01",93
"2019-05-19 14:44:59",93
"2019-05-19 15:44:59",93
"2019-05-19 16:45:02",93
"2019-05-19 17:45:01",93
"2019-05-19 18:44:59",93
"2019-05-19 19:45:00",93
"2019-05-19 20:45:01",93
"2019-05-19 21:45:01",93
"2019-05-19 22:44:59",93
"2019-05-19 23:45:01",93
"2019-05-20 00:45:01",93
"2019-05-20 01:45:00",93
"2019-05-20 02:45:03",93
"2019-05-20 03:45:01",93
"2019-05-20 04:45:03",93
"2019-05-20 05:45:01",93
"2019-05-20 06:45:01",93
"2019-05-20 07:45:02",93
"2019-05-20 08:45:01",93
"2019-05-20 09:45:01",93
"2019-05-20 10:45:01",93
"2019-05-20 11:45:02",93
"2019-05-20 12:45:05",93
"2019-05-20 13:45:03",93
"2019-05-20 14:45:01",92
"2019-05-20 15:44:59",93
"2019-05-20 16:45:02",94
"2019-05-20 17:45:00",94
"2019-05-20 18:44:58",95
"2019-05-20 19:44:59",95
"2019-05-20 20:44:59",95
"2019-05-20 21:44:59",95
"2019-05-20 22:45:00",95
"2019-05-20 23:45:06",95
"2019-05-21 00:45:00",95
"2019-05-21 01:45:02",95
"2019-05-21 02:45:00",95
"2019-05-21 03:45:00",95
"2019-05-21 04:45:02",95
"2019-05-21 05:45:00",95
"2019-05-21 06:44:58",95
"2019-05-21 07:45:02",95
"2019-05-21 08:45:00",95
"2019-05-21 09:44:57",95
"2019-05-21 10:45:01",95
"2019-05-21 11:44:59",95
"2019-05-21 13:09:03",95
"2019-05-21 13:45:00",95
"2019-05-21 14:45:02",96
"2019-05-21 15:44:59",96
"2019-05-21 16:44:58",96
"2019-05-21 17:44:59",96
"2019-05-21 18:45:00",95
"2019-05-21 19:45:00",96
"2019-05-21 20:45:00",96
"2019-05-21 21:44:59",96
"2019-05-21 22:45:03",96
"2019-05-21 23:45:01",96
"2019-05-22 00:44:59",96
"2019-05-22 01:44:59",96
"2019-05-22 02:44:59",96
"2019-05-22 03:44:59",96
"2019-05-22 04:45:02",96
"2019-05-22 05:45:00",96
"2019-05-22 06:44:59",96
"2019-05-22 07:45:01",96
"2019-05-22 08:45:06",96
"2019-05-22 09:45:07",96
"2019-05-22 10:44:59",96
"2019-05-22 11:45:01",96
"2019-05-22 12:45:01",96
"2019-05-22 13:45:01",96
"2019-05-22 14:45:00",97
"2019-05-22 15:45:04",98
"2019-05-22 16:45:00",98
"2019-05-22 17:44:59",98
"2019-05-22 18:45:00",98
"2019-05-22 19:44:58",98
"2019-05-22 20:44:58",98
"2019-05-22 21:45:00",98
"2019-05-22 22:44:58",98
"2019-05-22 23:44:58",98
"2019-05-23 00:45:00",98
"2019-05-23 01:44:59",98
"2019-05-23 02:45:02",98
"2019-05-23 03:45:01",98
"2019-05-23 04:45:03",98
"2019-05-23 05:45:00",98
"2019-05-23 06:45:00",98
"2019-05-23 07:45:02",98
"2019-05-23 08:45:01",98
"2019-05-23 09:45:00",98
"2019-05-23 10:45:01",98
"2019-05-23 11:44:59",98
"2019-05-23 12:45:04",98
"2019-05-23 13:45:00",98
"2019-05-23 14:45:01",98
"2019-05-23 15:44:59",98
"2019-05-23 16:44:59",98
"2019-05-23 17:45:00",98
"2019-05-23 18:44:59",98
"2019-05-23 19:45:03",98
"2019-05-23 20:45:00",98
"2019-05-23 21:45:00",98
"2019-05-23 22:44:59",98
"2019-05-23 23:45:01",98
"2019-05-24 00:45:01",98
"2019-05-24 01:45:01",98
"2019-05-24 02:45:00",98
"2019-05-24 03:45:00",98
"2019-05-24 04:45:00",98
"2019-05-24 05:45:03",98
"2019-05-24 06:44:59",98
"2019-05-24 07:44:58",98
"2019-05-24 08:45:00",98
"2019-05-24 09:45:01",98
"2019-05-24 10:45:03",98
"2019-05-24 11:45:00",98
"2019-05-24 13:09:04",98
"2019-05-24 13:45:00",98
"2019-05-24 14:45:00",97
"2019-05-24 15:45:00",97
"2019-05-24 16:44:59",97
"2019-05-24 17:45:01",97
"2019-05-24 18:45:03",97
"2019-05-24 19:45:01",97
"2019-05-24 20:45:02",97
"2019-05-24 21:45:04",97
"2019-05-24 22:45:02",97
"2019-05-24 23:45:05",97
"2019-05-25 00:45:02",97
"2019-05-25 01:45:01",97
"2019-05-25 04:45:04",97
"2019-05-26 04:45:06",97
"2019-05-26 05:45:02",97
"2019-05-26 06:45:02",97
"2019-05-26 07:45:04",97
"2019-05-26 08:45:00",97
"2019-05-26 09:45:01",97
"2019-05-26 10:45:02",97
"2019-05-26 11:45:02",97
"2019-05-26 12:45:00",97
"2019-05-26 13:45:00",97
"2019-05-26 14:45:03",97
"2019-05-26 15:45:00",97
"2019-05-26 16:45:00",97
"2019-05-26 17:45:05",97
"2019-05-26 18:45:02",97
"2019-05-26 19:45:46",97
"2019-05-26 20:45:00",97
"2019-05-26 21:45:02",97
"2019-05-26 22:45:02",97
"2019-05-26 23:45:00",97
"2019-05-27 00:45:00",97
"2019-05-27 01:45:01",97
"2019-05-27 02:45:02",97
"2019-05-27 03:45:03",97
"2019-05-27 04:45:03",97
"2019-05-27 05:45:02",97
"2019-05-27 06:45:02",97
"2019-05-27 07:45:08",97
"2019-05-27 08:45:07",97
"2019-05-27 09:45:07",97
"2019-05-27 10:45:03",97
"2019-05-27 11:45:00",97
"2019-05-27 12:45:00",97
"2019-05-27 13:45:02",97
"2019-05-27 14:45:01",97
"2019-05-27 15:45:02",97
"2019-05-27 16:45:01",97
"2019-05-27 17:45:06",97
"2019-05-27 18:45:01",97
"2019-05-27 19:45:00",97
"2019-05-27 20:45:00",97
"2019-05-27 21:45:00",97
"2019-05-27 22:44:59",97
"2019-05-27 23:45:00",97
"2019-05-28 00:45:00",97
"2019-05-28 01:45:01",97
"2019-05-28 02:45:04",97
"2019-05-28 03:45:01",97
"2019-05-28 04:45:01",97
"2019-05-28 05:45:01",97
"2019-05-28 06:45:07",97
"2019-05-28 07:45:04",97
"2019-05-28 08:45:01",97
"2019-05-28 09:45:04",97
"2019-05-28 10:45:00",97
"2019-05-28 11:45:00",97
"2019-05-28 12:45:00",97
"2019-05-28 13:45:03",97
"2019-05-28 14:45:03",99
"2019-05-28 15:45:01",99
"2019-05-28 16:45:02",99
"2019-05-28 17:45:06",99
"2019-05-28 18:45:02",99
"2019-05-28 19:45:01",99
"2019-05-28 20:45:02",99
"2019-05-28 21:45:02",99
"2019-05-28 22:45:02",99
"2019-05-28 23:45:03",99
"2019-05-29 00:45:03",99
"2019-05-29 01:45:02",99
"2019-05-29 02:45:02",99
"2019-05-29 03:45:01",99
"2019-05-29 04:45:00",99
"2019-05-29 05:45:04",99
"2019-05-29 06:45:01",99
"2019-05-29 07:45:04",99
"2019-05-29 08:45:01",99
"2019-05-29 09:45:09",99
"2019-05-29 10:45:02",99
"2019-05-29 11:45:00",99
"2019-05-29 13:08:05",99
"2019-05-29 13:45:03",99
"2019-05-29 14:45:03",99
"2019-05-29 15:45:02",97
"2019-05-29 16:45:01",97
"2019-05-29 17:45:02",97
"2019-05-29 18:45:02",98
"2019-05-29 19:45:04",98
"2019-05-29 20:45:00",98
"2019-05-29 21:45:01",98
"2019-05-29 22:45:01",98
"2019-05-29 23:45:02",98
"2019-05-30 00:45:00",98
"2019-05-30 01:45:02",98
"2019-05-30 02:45:03",98
"2019-05-30 03:45:02",98
"2019-05-30 04:45:02",98
"2019-05-30 05:45:04",98
"2019-05-30 06:45:01",98
"2019-05-30 07:45:01",98
"2019-05-30 08:45:08",98
"2019-05-30 09:45:01",98
"2019-05-30 10:45:00",98
"2019-05-30 11:45:01",98
"2019-05-30 12:45:05",98
"2019-05-30 13:45:00",98
"2019-05-30 14:45:04",98
"2019-05-30 15:45:02",98
"2019-05-30 16:45:00",98
"2019-05-30 17:45:02",98
"2019-05-30 18:45:01",98
"2019-05-30 19:45:01",98
"2019-05-30 20:45:00",97
"2019-05-30 21:45:00",97
"2019-05-30 22:45:03",97
"2019-05-30 23:45:00",97
"2019-05-31 00:44:59",97
"2019-05-31 01:45:01",97
"2019-05-31 02:44:59",97
"2019-05-31 03:44:59",97
"2019-05-31 04:45:00",97
"2019-05-31 05:45:00",97
"2019-05-31 06:45:02",97
"2019-05-31 07:44:59",97
"2019-05-31 08:45:01",97
"2019-05-31 09:45:02",97
"2019-05-31 10:45:00",97
"2019-05-31 11:45:00",97
"2019-05-31 12:45:46",97
"2019-05-31 13:45:03",97
"2019-05-31 14:45:01",97
"2019-05-31 15:45:02",97
"2019-05-31 16:45:00",97
"2019-05-31 17:45:05",97
"2019-05-31 18:45:00",96
"2019-05-31 19:44:59",96
"2019-05-31 20:45:00",96
"2019-05-31 21:45:01",96
"2019-05-31 22:44:58",96
"2019-05-31 23:45:00",96
"2019-06-01 00:45:00",96
"2019-06-01 01:45:00",96
"2019-06-01 02:45:00",96
"2019-06-01 03:45:00",96
"2019-06-01 04:45:00",96
"2019-06-01 05:45:00",96
"2019-06-01 06:45:05",96
"2019-06-01 07:44:59",96
"2019-06-01 08:45:02",96
"2019-06-01 09:45:00",96
"2019-06-01 10:45:02",96
"2019-06-01 11:45:00",96
"2019-06-01 12:45:00",96
"2019-06-01 13:44:59",96
"2019-06-01 14:45:06",96
"2019-06-01 15:45:02",96
"2019-06-01 16:45:00",96
"2019-06-01 17:45:01",96
"2019-06-01 18:45:00",96
"2019-06-01 19:45:02",96
"2019-06-01 20:44:59",96
"2019-06-01 21:45:02",96
"2019-06-01 22:45:01",96
"2019-06-01 23:45:01",96
"2019-06-02 00:45:03",96
"2019-06-02 01:45:06",96
"2019-06-02 02:45:02",96
"2019-06-02 03:45:01",96
"2019-06-02 04:45:00",96
"2019-06-02 05:45:05",96
"2019-06-02 06:45:01",96
"2019-06-02 07:45:00",96
"2019-06-02 08:45:00",96
"2019-06-02 09:45:00",96
"2019-06-02 10:45:00",96
"2019-06-02 11:45:00",96
"2019-06-02 12:45:05",96
"2019-06-02 13:45:00",96
"2019-06-02 14:45:02",96
"2019-06-02 15:44:58",96
"2019-06-02 16:44:59",96
"2019-06-02 17:45:01",96
"2019-06-02 18:45:01",96
"2019-06-02 19:45:01",96
"2019-06-02 20:45:00",96
"2019-06-02 21:45:01",96
"2019-06-02 22:45:00",96
"2019-06-02 23:44:59",96
"2019-06-03 00:45:00",96
"2019-06-03 01:45:04",96
"2019-06-03 02:45:01",96
"2019-06-03 03:45:00",96
"2019-06-03 04:45:00",96
"2019-06-03 05:45:00",96
"2019-06-03 06:45:01",96
"2019-06-03 07:45:00",96
"2019-06-03 08:45:01",96
"2019-06-03 09:45:00",96
"2019-06-03 10:45:03",96
"2019-06-03 11:45:03",96
"2019-06-03 12:44:59",96
"2019-06-03 13:45:04",96
"2019-06-03 14:45:04",95
"2019-06-03 15:45:02",95
"2019-06-03 16:45:01",95
"2019-06-03 17:45:01",95
"2019-06-03 18:45:03",95
"2019-06-03 19:45:04",95
"2019-06-03 20:45:00",95
"2019-06-03 21:45:03",95
"2019-06-03 22:45:02",95
"2019-06-03 23:45:05",95
"2019-06-04 00:45:01",95
"2019-06-04 01:45:02",95
"2019-06-04 02:45:03",95
"2019-06-04 03:45:06",95
"2019-06-04 04:45:03",95
"2019-06-04 05:45:01",95
"2019-06-04 06:45:01",95
"2019-06-04 07:45:00",95
"2019-06-04 08:45:06",95
"2019-06-04 09:45:01",95
"2019-06-04 10:45:03",95
"2019-06-04 11:45:01",95
"2019-06-04 13:07:35",95
"2019-06-04 13:45:02",95
"2019-06-04 14:45:06",96
"2019-06-04 15:45:02",96
"2019-06-04 16:45:03",96
"2019-06-04 17:45:04",96
"2019-06-04 18:45:02",96
"2019-06-04 19:45:02",98
"2019-06-04 20:45:02",98
"2019-06-04 21:45:00",98
"2019-06-04 22:45:02",98
"2019-06-04 23:45:06",98
"2019-06-05 00:45:01",98
"2019-06-05 01:45:03",98
"2019-06-05 02:45:04",98
"2019-06-05 03:45:04",98
"2019-06-05 04:45:06",98
"2019-06-05 05:45:01",98
"2019-06-05 06:45:01",98
"2019-06-05 07:45:02",98
"2019-06-05 08:45:08",98
"2019-06-05 09:45:01",98
"2019-06-05 10:45:01",98
"2019-06-05 11:45:06",98
"2019-06-05 13:09:05",98
"2019-06-05 13:45:01",98
"2019-06-05 14:45:00",98
"2019-06-05 15:45:02",97
"2019-06-05 16:45:02",98
"2019-06-05 17:45:02",96
"2019-06-05 18:45:01",96
"2019-06-05 19:45:06",96
"2019-06-05 20:45:02",96
"2019-06-05 21:45:01",96
"2019-06-05 22:45:02",96
"2019-06-05 23:45:01",96
"2019-06-06 00:45:01",96
"2019-06-06 01:45:00",96
"2019-06-06 02:45:02",96
"2019-06-06 03:45:02",96
"2019-06-06 04:45:08",96
"2019-06-06 05:45:02",96
"2019-06-06 06:45:04",96
"2019-06-06 07:45:01",96
"2019-06-06 08:45:09",96
"2019-06-06 09:45:04",96
"2019-06-06 10:45:09",96
"2019-06-06 11:45:01",96
"2019-06-06 13:09:05",96
"2019-06-06 13:45:02",96
"2019-06-06 14:45:02",95
"2019-06-06 15:45:05",96
"2019-06-06 16:45:02",96
"2019-06-06 17:45:04",96
"2019-06-06 18:45:06",96
"2019-06-06 19:45:05",97
"2019-06-06 20:45:01",98
"2019-06-06 21:45:03",98
"2019-06-06 22:45:00",98
"2019-06-06 23:45:00",98
"2019-06-07 00:45:05",98
"2019-06-07 01:45:03",98
"2019-06-07 02:45:04",98
"2019-06-07 03:45:03",98
"2019-06-07 04:45:06",98
"2019-06-07 05:45:01",98
"2019-06-07 06:45:05",98
"2019-06-07 07:45:03",98
"2019-06-07 08:45:04",98
"2019-06-07 09:45:05",98
"2019-06-07 10:45:02",98
"2019-06-07 11:45:03",98
"2019-06-07 13:09:09",98
"2019-06-07 13:45:06",98
"2019-06-07 14:45:05",100
"2019-06-07 15:45:04",100
"2019-06-07 16:45:03",101
"2019-06-07 17:45:02",102
"2019-06-07 18:45:03",102
"2019-06-07 19:45:01",102
"2019-06-07 20:45:02",102
"2019-06-07 21:45:04",102
"2019-06-07 22:45:01",102
"2019-06-07 23:45:07",102
"2019-06-08 00:45:03",102
"2019-06-08 01:45:07",102
"2019-06-08 02:45:05",102
"2019-06-08 03:45:07",102
"2019-06-08 04:45:03",102
"2019-06-08 05:45:10",102
"2019-06-08 06:45:06",102
"2019-06-08 07:45:07",102
"2019-06-08 08:45:02",102
"2019-06-08 09:45:04",102
"2019-06-08 10:45:04",102
"2019-06-08 11:45:04",102
"2019-06-08 12:45:03",102
"2019-06-08 13:45:02",102
"2019-06-08 14:45:00",102
"2019-06-08 15:45:05",102
"2019-06-08 16:45:04",102
"2019-06-08 17:45:03",102
"2019-06-08 18:45:04",102
"2019-06-08 19:45:01",102
"2019-06-08 20:45:03",102
"2019-06-08 21:45:01",102
"2019-06-08 22:45:02",102
"2019-06-08 23:45:06",102
"2019-06-09 00:45:01",102
"2019-06-09 01:45:02",102
"2019-06-09 02:45:09",102
"2019-06-09 03:45:09",102
"2019-06-09 04:45:02",102
"2019-06-09 05:45:07",102
"2019-06-09 06:45:00",102
"2019-06-09 07:45:06",102
"2019-06-09 08:45:02",102
"2019-06-09 09:45:04",102
"2019-06-09 10:45:03",102
"2019-06-09 11:45:03",102
"2019-06-09 12:45:05",102
"2019-06-09 13:45:03",102
"2019-06-09 14:45:02",102
"2019-06-09 15:45:05",102
"2019-06-09 16:45:03",102
"2019-06-09 17:45:05",102
"2019-06-09 18:45:02",102
"2019-06-09 19:45:02",102
"2019-06-09 20:45:02",102
"2019-06-09 21:45:03",102
"2019-06-09 22:45:08",102
"2019-06-09 23:45:04",102
"2019-06-10 00:45:03",102
"2019-06-10 01:45:07",102
"2019-06-10 02:45:02",102
"2019-06-10 03:45:07",102
"2019-06-10 04:45:04",102
"2019-06-10 05:45:06",102
"2019-06-10 06:45:02",102
"2019-06-10 07:45:08",102
"2019-06-10 08:45:02",102
"2019-06-10 09:45:02",102
"2019-06-10 10:45:08",102
"2019-06-10 11:45:05",102
"2019-06-10 12:45:12",102
"2019-06-10 13:45:09",102
"2019-06-10 14:45:03",105
"2019-06-10 15:45:06",106
"2019-06-10 16:45:08",103
"2019-06-10 17:45:06",103
"2019-06-10 18:45:07",103
"2019-06-10 19:45:07",102
"2019-06-10 20:45:05",101
"2019-06-10 21:45:05",101
"2019-06-10 22:45:06",101
"2019-06-10 23:45:06",101
"2019-06-11 00:45:07",101
"2019-06-11 01:45:09",101
"2019-06-11 02:45:08",101
"2019-06-11 03:45:07",101
"2019-06-11 04:45:05",101
"2019-06-11 05:45:07",101
"2019-06-11 06:45:05",101
"2019-06-11 07:45:04",101
"2019-06-11 08:45:05",101
"2019-06-11 09:45:08",101
"2019-06-11 10:45:06",101
"2019-06-11 11:45:06",101
"2019-06-11 13:08:41",101
"2019-06-11 13:45:10",101
"2019-06-11 14:45:05",101
"2019-06-11 15:45:06",101
"2019-06-11 16:45:10",101
"2019-06-11 17:45:06",101
"2019-06-11 18:45:08",101
"2019-06-11 19:45:05",102
"2019-06-11 20:45:07",101
"2019-06-11 21:45:06",101
"2019-06-11 22:45:06",101
"2019-06-11 23:45:04",101
"2019-06-12 00:45:09",101
"2019-06-12 01:45:08",101
"2019-06-12 02:45:08",101
"2019-06-12 03:45:13",101
"2019-06-12 04:45:09",101
"2019-06-12 05:45:08",101
"2019-06-12 06:45:08",101
"2019-06-12 07:45:11",101
"2019-06-12 08:45:09",101
"2019-06-12 09:45:13",101
"2019-06-12 10:45:09",101
"2019-06-12 11:45:10",101
"2019-06-12 13:08:12",102
"2019-06-12 13:45:06",102
"2019-06-12 14:45:05",102
"2019-06-12 15:45:08",102
"2019-06-12 16:45:07",102
"2019-06-12 17:45:06",103
"2019-06-12 18:45:07",103
"2019-06-12 19:45:10",102
"2019-06-12 20:45:09",103
"2019-06-12 21:45:09",103
"2019-06-12 22:45:07",103
"2019-06-12 23:45:07",103
"2019-06-13 00:45:08",103
"2019-06-13 01:45:10",103
"2019-06-13 02:45:25",103
"2019-06-13 03:45:07",103
"2019-06-13 04:45:08",103
"2019-06-13 05:45:11",103
"2019-06-13 06:45:07",103
"2019-06-13 07:45:04",103
"2019-06-13 08:45:05",103
"2019-06-13 09:45:05",103
"2019-06-13 10:45:11",103
"2019-06-13 11:45:04",103
"2019-06-13 13:09:09",103
"2019-06-13 13:45:10",103
"2019-06-13 14:45:09",104
"2019-06-13 15:45:09",104
"2019-06-13 16:45:09",105
"2019-06-13 17:45:06",104
"2019-06-13 18:45:06",104
"2019-06-13 19:45:07",104
"2019-06-13 20:45:03",104
"2019-06-13 21:45:05",104
"2019-06-13 22:45:06",104
"2019-06-13 23:45:07",104
"2019-06-14 00:45:07",104
"2019-06-14 01:45:08",104
"2019-06-14 02:45:10",104
"2019-06-14 03:45:08",104
"2019-06-14 04:45:07",104
"2019-06-14 05:45:07",104
"2019-06-14 06:45:13",104
"2019-06-14 07:45:09",104
"2019-06-14 08:45:09",104
"2019-06-14 09:45:07",104
"2019-06-14 10:45:10",104
"2019-06-14 11:45:09",104
"2019-06-14 12:45:10",104
"2019-06-14 13:45:07",104
"2019-06-14 14:45:10",104
"2019-06-14 15:45:11",103
"2019-06-14 16:45:10",103
"2019-06-14 17:45:07",102
"2019-06-14 18:45:07",102
"2019-06-14 19:45:07",101
"2019-06-14 20:45:07",100
"2019-06-14 21:45:09",100
"2019-06-14 22:45:06",100
"2019-06-14 23:45:09",100
"2019-06-15 00:45:10",100
"2019-06-15 01:45:11",100
"2019-06-15 02:45:08",100
"2019-06-15 03:45:08",100
"2019-06-15 04:45:09",100
"2019-06-15 05:45:11",100
"2019-06-15 06:45:08",100
"2019-06-15 07:45:09",100
"2019-06-15 08:45:09",100
"2019-06-15 09:45:08",100
"2019-06-15 10:45:10",100
"2019-06-15 11:45:09",100
"2019-06-15 12:45:11",100
"2019-06-15 13:45:15",100
"2019-06-15 14:45:07",100
"2019-06-15 15:45:07",100
"2019-06-15 16:45:08",100
"2019-06-15 17:45:07",100
"2019-06-15 18:45:11",100
"2019-06-15 19:45:08",100
"2019-06-15 20:45:08",100
"2019-06-15 21:45:14",100
"2019-06-15 22:45:14",100
"2019-06-15 23:45:08",100
"2019-06-16 00:45:08",100
"2019-06-16 01:45:14",100
"2019-06-16 02:45:10",100
"2019-06-16 03:45:09",100
"2019-06-16 04:45:13",100
"2019-06-16 05:45:09",100
"2019-06-16 06:45:11",100
"2019-06-16 07:45:14",100
"2019-06-16 08:45:09",100
"2019-06-16 09:45:06",100
"2019-06-16 10:45:06",100
"2019-06-16 11:45:06",100
"2019-06-16 12:45:08",100
"2019-06-16 13:45:06",100
"2019-06-16 14:45:09",100
"2019-06-16 15:45:09",100
"2019-06-16 16:45:11",100
"2019-06-16 17:45:11",100
"2019-06-16 18:45:11",100
"2019-06-16 19:45:08",100
"2019-06-16 20:45:08",100
"2019-06-16 21:45:11",100
"2019-06-16 22:45:08",100
"2019-06-16 23:45:11",100
"2019-06-17 00:45:08",100
"2019-06-17 01:45:08",100
"2019-06-17 02:45:13",100
"2019-06-17 03:45:14",100
"2019-06-17 04:45:11",100
"2019-06-17 05:45:10",100
"2019-06-17 06:45:08",100
"2019-06-17 07:45:07",100
"2019-06-17 08:45:09",100
"2019-06-17 09:45:08",100
"2019-06-17 10:45:10",100
"2019-06-17 11:45:10",100
"2019-06-17 13:09:41",101
"2019-06-17 13:45:07",101
"2019-06-17 14:45:09",103
"2019-06-17 15:45:10",103
"2019-06-17 16:45:21",104
"2019-06-17 17:45:12",104
"2019-06-17 18:45:15",105
"2019-06-17 19:45:09",107
"2019-06-17 20:45:12",106
"2019-06-17 21:45:08",106
"2019-06-17 22:45:09",106
"2019-06-17 23:45:07",106
"2019-06-18 00:45:08",106
"2019-06-18 01:45:06",106
"2019-06-18 02:45:20",106
"2019-06-18 03:45:10",106
"2019-06-18 04:45:09",106
"2019-06-18 05:45:10",106
"2019-06-18 06:45:08",106
"2019-06-18 07:45:09",106
"2019-06-18 08:45:19",106
"2019-06-18 09:45:06",106
"2019-06-18 10:45:06",106
"2019-06-18 11:45:07",106
"2019-06-18 13:07:41",106
"2019-06-18 13:45:09",106
"2019-06-18 14:45:08",108
"2019-06-18 15:45:08",110
"2019-06-18 16:45:08",110
"2019-06-18 17:45:07",110
"2019-06-18 18:45:12",110
"2019-06-18 19:45:13",110
"2019-06-18 20:45:07",110
"2019-06-18 21:45:07",110
"2019-06-18 22:45:07",110
"2019-06-18 23:45:09",110
"2019-06-19 00:45:07",110
"2019-06-19 01:45:11",110
"2019-06-19 02:45:11",110
"2019-06-19 03:45:11",110
"2019-06-19 04:45:08",110
"2019-06-19 05:45:27",110
"2019-06-19 06:45:25",110
"2019-06-19 07:45:13",110
"2019-06-19 08:45:14",110
"2019-06-19 09:45:08",110
"2019-06-19 10:45:12",110
"2019-06-19 11:45:10",110
"2019-06-19 13:07:44",111
"2019-06-19 13:45:09",111
"2019-06-19 14:45:10",111
"2019-06-19 15:45:09",112
"2019-06-19 16:45:22",112
"2019-06-19 17:45:11",113
"2019-06-19 18:45:08",112
"2019-06-19 19:45:12",112
"2019-06-19 20:45:10",113
"2019-06-19 21:45:09",113
"2019-06-19 22:45:08",113
"2019-06-19 23:45:08",113
"2019-06-20 00:45:09",113
"2019-06-20 01:45:07",113
"2019-06-20 02:45:07",113
"2019-06-20 03:45:07",113
"2019-06-20 04:45:10",113
"2019-06-20 05:45:06",113
"2019-06-20 06:45:07",113
"2019-06-20 07:45:08",113
"2019-06-20 08:45:08",113
"2019-06-20 09:45:11",113
"2019-06-20 10:45:08",113
"2019-06-20 11:45:07",113
"2019-06-20 13:09:22",113
"2019-06-20 13:45:11",113
"2019-06-20 14:45:09",116
"2019-06-20 15:45:09",116
"2019-06-20 16:45:10",115
"2019-06-20 17:45:11",116
"2019-06-20 18:45:07",118
"2019-06-20 19:45:08",118
"2019-06-20 20:45:25",117
"2019-06-20 21:45:09",117
"2019-06-20 22:45:08",117
"2019-06-20 23:45:09",117
"2019-06-21 00:45:08",117
"2019-06-21 01:45:10",117
"2019-06-21 02:45:10",117
"2019-06-21 03:45:09",117
"2019-06-21 04:45:10",117
"2019-06-21 05:45:10",117
"2019-06-21 06:45:11",117
"2019-06-21 07:45:11",117
"2019-06-21 08:45:09",117
"2019-06-21 09:45:09",117
"2019-06-21 10:45:08",117
"2019-06-21 11:45:06",117
"2019-06-21 12:45:08",117
"2019-06-21 13:45:10",117
"2019-06-21 14:45:08",117
"2019-06-21 15:45:09",118
"2019-06-21 16:45:09",117
"2019-06-21 17:45:09",118
"2019-06-21 18:45:09",117
"2019-06-21 19:45:07",119
"2019-06-21 20:45:07",119
"2019-06-21 21:45:08",119
"2019-06-21 22:45:08",119
"2019-06-21 23:45:37",119
"2019-06-22 00:45:08",119
"2019-06-22 01:45:14",119
"2019-06-22 02:45:12",119
"2019-06-22 03:45:07",119
"2019-06-22 04:45:09",119
"2019-06-22 05:45:10",119
"2019-06-22 06:45:11",119
"2019-06-22 07:45:09",119
"2019-06-22 08:45:10",119
"2019-06-22 09:45:11",119
"2019-06-22 10:45:13",119
"2019-06-22 11:45:07",119
"2019-06-22 12:45:15",119
"2019-06-22 13:45:09",119
"2019-06-22 14:45:13",119
"2019-06-22 15:45:27",119
"2019-06-22 16:45:18",119
"2019-06-22 17:45:10",119
"2019-06-22 18:45:14",119
"2019-06-22 19:45:11",119
"2019-06-22 20:45:10",119
"2019-06-22 21:45:09",119
"2019-06-22 22:45:16",119
"2019-06-22 23:45:11",119
"2019-06-23 00:45:21",119
"2019-06-23 01:45:14",119
"2019-06-23 02:45:14",119
"2019-06-23 03:45:12",119
"2019-06-23 04:45:08",119
"2019-06-23 05:45:14",119
"2019-06-23 06:45:09",119
"2019-06-23 07:45:07",119
"2019-06-23 08:45:10",119
"2019-06-23 09:45:10",119
"2019-06-23 10:45:08",119
"2019-06-23 11:45:09",119
"2019-06-23 12:45:07",119
"2019-06-23 13:45:09",119
"2019-06-23 14:45:07",119
"2019-06-23 15:45:08",119
"2019-06-23 16:45:10",119
"2019-06-23 17:45:11",119
"2019-06-23 18:45:05",119
"2019-06-23 19:45:06",119
"2019-06-23 20:45:10",119
"2019-06-23 21:45:07",119
"2019-06-23 22:45:08",119
"2019-06-23 23:45:08",119
"2019-06-24 00:45:10",119
"2019-06-24 01:45:08",119
"2019-06-24 02:45:09",119
"2019-06-24 03:45:14",119
"2019-06-24 04:45:12",119
"2019-06-24 05:45:11",119
"2019-06-24 06:45:15",119
"2019-06-24 07:45:08",119
"2019-06-24 08:45:09",119
"2019-06-24 09:45:13",119
"2019-06-24 10:45:06",119
"2019-06-24 11:45:14",119
"2019-06-24 12:45:13",119
"2019-06-24 13:45:09",119
"2019-06-24 14:45:11",120
"2019-06-24 15:45:10",120
"2019-06-24 16:45:16",120
"2019-06-24 17:45:14",120
"2019-06-24 18:45:14",120
"2019-06-24 19:45:13",120
"2019-06-24 20:45:12",121
"2019-06-24 21:45:12",121
"2019-06-24 22:45:10",121
"2019-06-24 23:45:11",121
"2019-06-25 00:45:10",121
"2019-06-25 01:45:12",121
"2019-06-25 02:45:11",121
"2019-06-25 03:45:11",121
"2019-06-25 04:45:10",121
"2019-06-25 05:45:10",121
"2019-06-25 06:45:14",121
"2019-06-25 07:45:11",121
"2019-06-25 08:45:09",121
"2019-06-25 09:45:12",121
"2019-06-25 10:45:10",121
"2019-06-25 11:45:06",121
"2019-06-25 13:08:42",121
"2019-06-25 13:45:09",121
"2019-06-25 14:45:12",119
"2019-06-25 15:45:10",118
"2019-06-25 16:45:10",117
"2019-06-25 17:45:12",118
"2019-06-25 18:45:11",118
"2019-06-25 19:45:07",118
"2019-06-25 20:45:09",118
"2019-06-25 21:45:07",118
"2019-06-25 22:45:05",118
"2019-06-25 23:45:13",118
"2019-06-26 00:45:11",118
"2019-06-26 01:45:09",118
"2019-06-26 02:45:10",118
"2019-06-26 03:45:24",118
"2019-06-26 04:45:12",118
"2019-06-26 05:45:10",118
"2019-06-26 06:45:10",118
"2019-06-26 07:45:11",118
"2019-06-26 08:45:07",118
"2019-06-26 09:45:05",118
"2019-06-26 10:45:07",118
"2019-06-26 11:45:07",118
"2019-06-26 13:07:40",118
"2019-06-26 13:45:10",118
"2019-06-26 14:45:10",121
"2019-06-26 15:45:07",124
"2019-06-26 16:45:11",125
"2019-06-26 17:45:07",124
"2019-06-26 18:45:09",124
"2019-06-26 19:45:09",124
"2019-06-26 20:45:07",124
"2019-06-26 21:45:08",124
"2019-06-26 22:45:10",124
"2019-06-26 23:45:08",124
"2019-06-27 00:45:11",124
"2019-06-27 01:45:08",124
"2019-06-27 02:45:11",124
"2019-06-27 03:45:06",124
"2019-06-27 04:45:12",124
"2019-06-27 05:45:08",124
"2019-06-27 06:45:11",124
"2019-06-27 07:45:05",124
"2019-06-27 08:45:07",124
"2019-06-27 09:45:08",124
"2019-06-27 10:45:08",124
"2019-06-27 11:45:05",124
"2019-06-27 13:07:42",124
"2019-06-27 13:45:05",124
"2019-06-27 14:45:06",124
"2019-06-27 15:45:09",124
"2019-06-27 16:45:08",122
"2019-06-27 17:45:06",121
"2019-06-27 18:45:07",121
"2019-06-27 19:45:04",121
"2019-06-27 20:45:10",121
"2019-06-27 21:45:10",121
"2019-06-27 22:45:04",121
"2019-06-27 23:45:28",121
"2019-06-28 00:45:08",121
"2019-06-28 01:45:07",121
"2019-06-28 02:45:06",121
"2019-06-28 03:45:09",121
"2019-06-28 04:45:10",121
"2019-06-28 05:45:07",121
"2019-06-28 06:45:07",121
"2019-06-28 07:45:06",121
"2019-06-28 08:45:06",121
"2019-06-28 09:45:06",121
"2019-06-28 10:45:04",121
"2019-06-28 11:45:07",121
"2019-06-28 13:08:47",121
"2019-06-28 13:45:05",121
"2019-06-28 14:45:06",122
"2019-06-28 15:45:08",122
"2019-06-28 16:45:07",121
"2019-06-28 17:45:07",121
"2019-06-28 18:45:05",122
"2019-06-28 19:45:07",122
"2019-06-28 20:45:08",121
"2019-06-28 21:45:07",122
"2019-06-28 22:45:07",122
"2019-06-28 23:45:06",122
"2019-06-29 00:45:10",122
"2019-06-29 01:45:13",122
"2019-06-29 02:45:09",122
"2019-06-29 03:45:06",122
"2019-06-29 04:45:07",122
"2019-06-29 05:45:08",122
"2019-06-29 06:45:07",122
"2019-06-29 07:45:08",122
"2019-06-29 08:45:07",122
"2019-06-29 09:45:08",122
"2019-06-29 10:45:07",122
"2019-06-29 11:45:12",122
"2019-06-29 12:45:11",122
"2019-06-29 13:45:08",122
"2019-06-29 14:45:09",122
"2019-06-29 15:45:09",122
"2019-06-29 16:45:13",122
"2019-06-29 17:45:08",122
"2019-06-29 18:45:09",122
"2019-06-29 19:45:10",122
"2019-06-29 20:45:08",122
"2019-06-29 21:45:12",122
"2019-06-29 22:45:06",122
"2019-06-29 23:45:11",122
"2019-06-30 00:45:09",122
"2019-06-30 01:45:14",122
"2019-06-30 02:45:10",122
"2019-06-30 03:45:09",122
"2019-06-30 04:45:11",122
"2019-06-30 05:45:09",122
"2019-06-30 06:45:10",122
"2019-06-30 07:45:11",122
"2019-06-30 08:45:10",122
"2019-06-30 09:45:09",122
"2019-06-30 10:45:09",122
"2019-06-30 11:45:09",122
"2019-06-30 12:45:07",122
"2019-06-30 13:45:10",122
"2019-06-30 14:45:08",122
"2019-06-30 15:45:08",122
"2019-06-30 16:45:10",122
"2019-06-30 17:45:08",122
"2019-06-30 18:45:09",122
"2019-06-30 19:45:09",122
"2019-06-30 20:45:10",122
"2019-06-30 21:45:09",122
"2019-06-30 22:45:08",122
"2019-06-30 23:45:09",122
"2019-07-01 00:45:12",122
"2019-07-01 01:45:09",122
"2019-07-01 02:45:11",122
"2019-07-01 03:45:11",122
"2019-07-01 04:45:09",122
"2019-07-01 05:45:14",122
"2019-07-01 06:45:08",122
"2019-07-01 07:45:17",122
"2019-07-01 08:45:22",122
"2019-07-01 09:45:10",122
"2019-07-01 10:45:07",122
"2019-07-01 11:45:12",122
"2019-07-01 13:08:41",122
"2019-07-01 13:45:13",122
"2019-07-01 14:45:32",125
"2019-07-01 15:45:12",126
"2019-07-01 16:45:12",126
"2019-07-01 17:45:10",125
"2019-07-01 18:45:11",125
"2019-07-01 19:45:12",124
"2019-07-01 20:45:11",124
"2019-07-01 21:45:10",124
"2019-07-01 22:45:11",124
"2019-07-01 23:45:10",124
"2019-07-02 00:45:13",124
"2019-07-02 01:45:09",124
"2019-07-02 03:45:25",124
"2019-07-02 04:45:11",124
"2019-07-02 05:45:27",124
"2019-07-02 06:45:11",124
"2019-07-02 07:45:12",124
"2019-07-02 08:45:10",124
"2019-07-02 09:45:08",124
"2019-07-02 10:45:09",124
"2019-07-02 11:45:10",124
"2019-07-02 12:45:13",124
"2019-07-02 13:45:10",124
"2019-07-02 14:45:12",124
"2019-07-02 15:45:09",123
"2019-07-02 16:45:10",123
"2019-07-02 17:45:09",123
"2019-07-02 18:45:10",121
"2019-07-02 19:45:11",121
"2019-07-02 20:45:09",121
"2019-07-02 21:45:11",121
"2019-07-02 22:45:18",121
"2019-07-03 00:45:11",121
"2019-07-03 01:45:08",121
"2019-07-03 02:45:13",121
"2019-07-03 03:45:14",121
"2019-07-03 04:45:13",121
"2019-07-03 05:45:12",121
"2019-07-03 06:45:12",121
"2019-07-03 07:45:10",121
"2019-07-03 08:45:25",121
"2019-07-03 09:45:10",121
"2019-07-03 10:45:15",121
"2019-07-03 11:45:09",121
"2019-07-03 13:09:45",121
"2019-07-03 13:45:11",121
"2019-07-03 14:45:19",121
"2019-07-03 15:45:11",121
"2019-07-03 16:45:30",122
"2019-07-03 17:45:11",122
"2019-07-03 18:45:13",122
"2019-07-03 19:45:10",122
"2019-07-03 20:45:08",122
"2019-07-03 21:45:11",122
"2019-07-03 22:45:10",122
"2019-07-03 23:45:12",122
"2019-07-04 00:45:13",122
"2019-07-04 01:45:09",122
"2019-07-04 02:45:15",122
"2019-07-04 03:45:10",122
"2019-07-04 04:45:09",122
"2019-07-04 05:45:14",122
"2019-07-04 06:45:12",122
"2019-07-04 07:45:09",122
"2019-07-04 08:45:10",122
"2019-07-04 09:45:08",122
"2019-07-04 10:45:11",122
"2019-07-04 11:45:10",122
"2019-07-04 12:45:15",122
"2019-07-04 13:45:15",122
"2019-07-04 14:45:12",122
"2019-07-04 15:45:10",122
"2019-07-04 16:45:10",122
"2019-07-04 17:45:08",122
"2019-07-04 18:45:10",122
"2019-07-04 19:45:09",122
"2019-07-04 20:45:12",122
"2019-07-04 21:45:12",122
"2019-07-04 22:45:15",122
"2019-07-04 23:45:09",122
"2019-07-05 00:45:11",122
"2019-07-05 01:45:09",122
"2019-07-05 02:45:10",122
"2019-07-05 03:45:09",122
"2019-07-05 04:45:07",122
"2019-07-05 05:45:14",122
"2019-07-05 06:45:13",122
"2019-07-05 07:45:09",122
"2019-07-05 08:45:07",122
"2019-07-05 09:45:08",122
"2019-07-05 10:45:22",122
"2019-07-05 11:45:18",122
"2019-07-05 12:45:09",122
"2019-07-05 13:45:18",122
"2019-07-05 14:45:11",122
"2019-07-05 15:45:09",121
"2019-07-05 16:45:21",121
"2019-07-05 17:45:10",121
"2019-07-05 18:45:09",122
"2019-07-05 19:45:09",125
"2019-07-05 20:45:10",124
"2019-07-05 21:45:11",124
"2019-07-05 22:45:13",124
"2019-07-05 23:45:10",124
"2019-07-06 00:45:14",124
"2019-07-06 01:45:14",124
"2019-07-06 02:45:18",124
"2019-07-06 03:45:09",124
"2019-07-06 04:45:08",124
"2019-07-06 05:45:10",124
"2019-07-06 06:45:12",124
"2019-07-06 07:45:06",124
"2019-07-06 08:45:08",124
"2019-07-06 09:45:09",124
"2019-07-06 10:45:09",124
"2019-07-06 11:45:29",124
"2019-07-06 12:45:14",124
"2019-07-06 13:45:11",124
"2019-07-06 14:45:08",124
"2019-07-06 15:45:08",124
"2019-07-06 16:45:12",124
"2019-07-06 17:45:10",124
"2019-07-06 18:45:09",124
"2019-07-06 19:45:14",124
"2019-07-06 20:45:06",124
"2019-07-06 21:45:09",124
"2019-07-06 22:45:08",124
"2019-07-06 23:45:09",124
"2019-07-07 00:45:07",124
"2019-07-07 01:45:09",124
"2019-07-07 02:45:11",124
"2019-07-07 03:45:07",124
"2019-07-07 04:45:08",124
"2019-07-07 05:45:13",124
"2019-07-07 06:45:09",124
"2019-07-07 07:45:09",124
"2019-07-07 08:45:09",124
"2019-07-07 09:45:08",124
"2019-07-07 10:45:09",124
"2019-07-07 11:45:05",124
"2019-07-07 12:45:05",124
"2019-07-07 13:45:06",124
"2019-07-07 14:45:07",124
"2019-07-07 15:45:10",124
"2019-07-07 16:45:10",124
"2019-07-07 17:45:08",124
"2019-07-07 18:45:09",124
"2019-07-07 19:45:06",124
"2019-07-07 20:45:07",124
"2019-07-07 21:45:08",124
"2019-07-07 22:45:09",124
"2019-07-07 23:45:07",124
"2019-07-08 00:45:08",124
"2019-07-08 01:45:10",124
"2019-07-08 02:45:08",124
"2019-07-08 03:45:13",124
"2019-07-08 04:45:08",124
"2019-07-08 05:45:05",124
"2019-07-08 06:45:14",124
"2019-07-08 07:45:17",124
"2019-07-08 08:45:13",124
"2019-07-08 09:45:17",124
"2019-07-08 10:45:18",124
"2019-07-08 11:45:27",124
"2019-07-08 12:45:10",124
"2019-07-08 13:45:08",124
"2019-07-08 14:45:09",126
"2019-07-08 15:45:08",128
"2019-07-08 16:45:09",128
"2019-07-08 17:45:07",128
"2019-07-08 18:45:11",127
"2019-07-08 19:45:07",125
"2019-07-08 20:45:07",126
"2019-07-08 21:45:08",126
"2019-07-08 22:45:09",126
"2019-07-08 23:45:06",126
"2019-07-09 00:45:08",126
"2019-07-09 01:45:06",126
"2019-07-09 02:45:17",126
"2019-07-09 03:45:12",126
"2019-07-09 04:45:11",126
"2019-07-09 05:45:18",126
"2019-07-09 06:45:13",126
"2019-07-09 07:45:13",126
"2019-07-09 08:45:09",126
"2019-07-09 09:45:08",126
"2019-07-09 10:45:05",126
"2019-07-09 11:45:09",126
"2019-07-09 13:08:11",126
"2019-07-09 13:45:06",126
"2019-07-09 14:45:09",127
"2019-07-09 15:45:08",129
"2019-07-09 16:45:06",129
"2019-07-09 17:45:10",130
"2019-07-09 18:45:07",131
"2019-07-09 19:45:08",129
"2019-07-09 20:45:08",129
"2019-07-09 21:45:08",129
"2019-07-09 22:45:06",129
"2019-07-09 23:45:08",129
"2019-07-10 00:45:07",129
"2019-07-10 01:45:08",129
"2019-07-10 02:45:07",129
"2019-07-10 03:45:06",129
"2019-07-10 04:45:07",129
"2019-07-10 05:45:12",129
"2019-07-10 06:45:09",129
"2019-07-10 07:45:04",129
"2019-07-10 08:45:06",129
"2019-07-10 09:45:04",129
"2019-07-10 10:45:06",129
"2019-07-10 11:45:08",129
"2019-07-10 12:45:11",129
"2019-07-10 13:45:09",129
"2019-07-10 14:45:07",132
"2019-07-10 15:45:10",132
"2019-07-10 16:45:23",131
"2019-07-10 17:45:08",132
"2019-07-10 18:45:07",134
"2019-07-10 19:45:07",135
"2019-07-10 20:45:07",135
"2019-07-10 21:45:06",135
"2019-07-10 22:45:13",135
"2019-07-10 23:45:08",135
"2019-07-11 00:45:06",135
"2019-07-11 01:45:09",135
"2019-07-11 02:45:15",135
"2019-07-11 03:45:11",135
"2019-07-11 04:45:14",135
"2019-07-11 05:45:11",135
"2019-07-11 06:45:10",135
"2019-07-11 07:45:08",135
"2019-07-11 08:45:15",135
"2019-07-11 09:45:08",135
"2019-07-11 10:45:10",135
"2019-07-11 11:45:07",135
"2019-07-11 12:45:06",135
"2019-07-11 13:45:07",135
"2019-07-11 14:45:07",134
"2019-07-11 15:45:07",135
"2019-07-11 16:45:08",133
"2019-07-11 17:45:07",133
"2019-07-11 18:45:08",134
"2019-07-11 19:45:07",134
"2019-07-11 20:45:06",133
"2019-07-11 21:45:12",133
"2019-07-11 22:45:09",133
"2019-07-11 23:45:08",133
"2019-07-12 00:45:06",133
"2019-07-12 01:45:08",133
"2019-07-12 02:45:07",133
"2019-07-12 03:45:07",133
"2019-07-12 04:45:06",133
"2019-07-12 05:45:12",133
"2019-07-12 06:45:15",133
"2019-07-12 07:45:08",133
"2019-07-12 08:45:08",133
"2019-07-12 09:45:18",133
"2019-07-12 10:45:10",133
"2019-07-12 11:45:08",133
"2019-07-12 13:08:41",133
"2019-07-12 13:45:09",133
"2019-07-12 14:45:09",135
"2019-07-12 15:45:30",135
"2019-07-12 16:45:13",136
"2019-07-12 17:45:14",136
"2019-07-12 18:45:08",137
"2019-07-12 19:45:05",138
"2019-07-12 20:45:05",138
"2019-07-12 21:45:08",138
"2019-07-12 22:45:15",138
"2019-07-12 23:45:07",138
"2019-07-13 00:45:07",138
"2019-07-13 01:45:09",138
"2019-07-13 02:45:12",138
"2019-07-13 03:45:06",138
"2019-07-13 04:45:08",138
"2019-07-13 05:45:07",138
"2019-07-13 06:45:07",138
"2019-07-13 07:45:09",138
"2019-07-13 08:45:06",138
"2019-07-13 09:45:07",138
"2019-07-13 10:45:07",138
"2019-07-13 11:45:10",138
"2019-07-13 12:45:12",138
"2019-07-13 13:45:07",138
"2019-07-13 14:45:06",138
"2019-07-13 15:45:09",138
"2019-07-13 16:45:38",138
"2019-07-13 17:45:11",138
"2019-07-13 18:45:13",138
"2019-07-13 19:45:12",138
"2019-07-13 20:45:12",138
"2019-07-13 21:45:11",138
"2019-07-13 22:45:07",138
"2019-07-13 23:45:08",138
"2019-07-14 00:45:07",138
"2019-07-14 01:45:17",138
"2019-07-14 02:45:08",138
"2019-07-14 03:45:10",138
"2019-07-14 04:45:08",138
"2019-07-14 05:45:12",138
"2019-07-14 06:45:10",138
"2019-07-14 07:45:07",138
"2019-07-14 08:45:07",138
"2019-07-14 09:45:04",138
"2019-07-14 10:45:07",138
"2019-07-14 11:45:10",138
"2019-07-14 12:45:08",138
"2019-07-14 13:45:10",138
"2019-07-14 14:45:07",138
"2019-07-14 15:45:09",138
"2019-07-14 16:45:12",138
"2019-07-14 17:45:08",138
"2019-07-14 18:45:07",138
"2019-07-14 19:45:06",138
"2019-07-14 20:45:16",138
"2019-07-14 21:45:06",138
"2019-07-14 22:45:06",138
"2019-07-14 23:45:07",138
"2019-07-15 00:45:08",138
"2019-07-15 01:45:06",138
"2019-07-15 02:45:08",138
"2019-07-15 03:45:06",138
"2019-07-15 04:45:06",138
"2019-07-15 05:45:15",138
"2019-07-15 06:45:19",138
"2019-07-15 07:45:08",138
"2019-07-15 08:45:06",138
"2019-07-15 09:45:06",138
"2019-07-15 10:45:08",138
"2019-07-15 11:45:05",138
"2019-07-15 13:09:13",138
"2019-07-15 13:45:10",138
"2019-07-15 14:45:08",142
"2019-07-15 15:45:06",141
"2019-07-15 16:45:22",141
"2019-07-15 17:45:08",141
"2019-07-15 18:45:06",141
"2019-07-15 19:45:08",141
"2019-07-15 20:45:09",142
"2019-07-15 21:45:07",142
"2019-07-15 22:45:12",142
"2019-07-15 23:45:07",142
"2019-07-16 00:45:06",142
"2019-07-16 01:45:08",142
"2019-07-16 02:45:13",142
"2019-07-16 03:45:07",142
"2019-07-16 04:45:06",142
"2019-07-16 05:45:15",142
"2019-07-16 06:45:22",142
"2019-07-16 07:45:07",142
"2019-07-16 08:45:07",142
"2019-07-16 09:45:07",142
"2019-07-16 10:45:09",142
"2019-07-16 11:45:06",142
"2019-07-16 13:09:11",142
"2019-07-16 13:45:10",142
"2019-07-16 14:45:08",140
"2019-07-16 15:45:18",138
"2019-07-16 16:45:10",138
"2019-07-16 17:45:11",138
"2019-07-16 18:45:10",137
"2019-07-16 19:45:07",137
"2019-07-16 20:45:39",136
"2019-07-16 21:45:09",136
"2019-07-16 22:45:09",136
"2019-07-16 23:45:08",136
"2019-07-17 00:45:08",136
"2019-07-17 01:45:09",136
"2019-07-17 02:45:10",136
"2019-07-17 03:45:11",136
"2019-07-17 04:45:11",136
"2019-07-17 05:45:23",136
"2019-07-17 06:45:13",136
"2019-07-17 07:45:13",136
"2019-07-17 08:45:10",136
"2019-07-17 09:45:10",136
"2019-07-17 10:45:10",136
"2019-07-17 11:45:08",136
"2019-07-17 13:08:43",136
"2019-07-17 13:45:09",136
"2019-07-17 14:45:12",135
"2019-07-17 15:45:18",134
"2019-07-17 16:45:17",134
"2019-07-17 17:45:08",135
"2019-07-17 18:45:10",134
"2019-07-17 19:45:07",133
"2019-07-17 20:45:09",133
"2019-07-17 21:45:08",133
"2019-07-17 22:45:10",133
"2019-07-17 23:45:08",133
"2019-07-18 00:45:07",133
"2019-07-18 01:45:18",133
"2019-07-18 02:45:10",133
"2019-07-18 03:45:10",133
"2019-07-18 04:45:08",133
"2019-07-18 05:45:13",133
"2019-07-18 06:45:12",133
"2019-07-18 07:45:06",133
"2019-07-18 08:45:13",133
"2019-07-18 09:45:07",133
"2019-07-18 10:45:10",133
"2019-07-18 11:45:06",133
"2019-07-18 13:09:16",133
"2019-07-18 13:45:08",133
"2019-07-18 14:45:08",131
"2019-07-18 15:45:08",131
"2019-07-18 16:45:19",130
"2019-07-18 17:45:10",130
"2019-07-18 18:45:09",130
"2019-07-18 19:45:11",130
"2019-07-18 20:45:10",129
"2019-07-18 21:45:09",129
"2019-07-18 22:45:10",129
"2019-07-18 23:45:14",129
"2019-07-19 00:45:10",129
"2019-07-19 01:45:10",129
"2019-07-19 02:45:12",129
"2019-07-19 03:45:09",129
"2019-07-19 04:45:13",129
"2019-07-19 05:45:26",129
"2019-07-19 06:45:11",129
"2019-07-19 07:45:16",129
"2019-07-19 08:45:08",129
"2019-07-19 09:45:09",129
"2019-07-19 10:45:08",129
"2019-07-19 11:45:08",129
"2019-07-19 13:08:41",129
"2019-07-19 13:45:08",129
"2019-07-19 14:45:08",127
"2019-07-19 15:45:09",129
"2019-07-19 16:45:09",129
"2019-07-19 17:45:12",129
"2019-07-19 18:45:09",129
"2019-07-19 19:45:08",130
"2019-07-19 20:45:08",130
"2019-07-19 21:45:07",130
"2019-07-19 22:45:09",130
"2019-07-19 23:45:07",130
"2019-07-20 00:45:08",130
"2019-07-20 01:45:17",130
"2019-07-20 02:45:18",130
"2019-07-20 03:45:11",130
"2019-07-20 04:45:17",130
"2019-07-20 05:45:14",130
"2019-07-20 06:45:08",130
"2019-07-20 07:45:07",130
"2019-07-20 08:45:09",130
"2019-07-20 09:45:05",130
"2019-07-20 10:45:06",130
"2019-07-20 11:45:07",130
"2019-07-20 12:45:08",130
"2019-07-20 13:45:07",130
"2019-07-20 14:45:08",130
"2019-07-20 15:45:07",130
"2019-07-20 16:45:10",130
"2019-07-20 17:45:08",130
"2019-07-20 18:45:08",130
"2019-07-20 19:45:08",130
"2019-07-20 20:45:06",130
"2019-07-20 21:45:10",130
"2019-07-20 22:45:05",130
"2019-07-20 23:45:06",130
"2019-07-21 00:45:09",130
"2019-07-21 01:45:07",130
"2019-07-21 02:45:10",130
"2019-07-21 03:45:07",130
"2019-07-21 04:45:08",130
"2019-07-21 05:45:16",130
"2019-07-21 06:45:19",130
"2019-07-21 07:45:06",130
"2019-07-21 08:45:08",130
"2019-07-21 09:45:09",130
"2019-07-21 10:45:17",130
"2019-07-21 11:45:08",130
"2019-07-21 12:45:06",130
"2019-07-21 13:45:08",130
"2019-07-21 14:45:07",130
"2019-07-21 15:45:07",130
"2019-07-21 16:45:07",130
"2019-07-21 17:45:08",130
"2019-07-21 18:45:09",130
"2019-07-21 19:45:08",130
"2019-07-21 20:45:08",130
"2019-07-21 21:45:09",130
"2019-07-21 22:45:06",130
"2019-07-21 23:45:08",130
"2019-07-22 00:45:06",130
"2019-07-22 01:45:08",130
"2019-07-22 02:45:07",130
"2019-07-22 03:45:07",130
"2019-07-22 04:45:08",130
"2019-07-22 05:45:11",130
"2019-07-22 06:45:17",130
"2019-07-22 07:45:07",130
"2019-07-22 08:45:09",130
"2019-07-22 09:45:07",130
"2019-07-22 10:45:07",130
"2019-07-22 11:45:23",130
"2019-07-22 12:45:14",130
"2019-07-22 13:45:08",130
"2019-07-22 14:45:09",128
"2019-07-22 15:45:08",128
"2019-07-22 16:45:10",128
"2019-07-22 17:45:09",128
"2019-07-22 18:45:17",128
"2019-07-22 19:45:14",128
"2019-07-22 20:45:11",127
"2019-07-22 21:45:13",127
"2019-07-22 22:45:07",127
"2019-07-22 23:45:07",127
"2019-07-23 00:45:07",127
"2019-07-23 01:45:07",127
"2019-07-23 02:45:13",127
"2019-07-23 03:45:10",127
"2019-07-23 04:45:10",127
"2019-07-23 05:45:12",127
"2019-07-23 06:45:16",127
"2019-07-23 07:45:14",127
"2019-07-23 08:45:07",127
"2019-07-23 09:45:11",127
"2019-07-23 10:45:09",127
"2019-07-23 11:45:08",127
"2019-07-23 13:08:16",127
"2019-07-23 13:45:08",127
"2019-07-23 14:45:10",125
"2019-07-23 15:45:14",125
"2019-07-23 16:45:11",124
"2019-07-23 17:45:07",124
"2019-07-23 18:45:09",124
"2019-07-23 19:45:10",124
"2019-07-23 20:45:09",124
"2019-07-23 21:45:09",124
"2019-07-23 22:45:13",124
"2019-07-23 23:45:11",124
"2019-07-24 00:45:09",124
"2019-07-24 01:45:09",124
"2019-07-24 02:45:15",124
"2019-07-24 03:45:09",124
"2019-07-24 04:45:08",124
"2019-07-24 05:45:10",124
"2019-07-24 06:45:07",124
"2019-07-24 07:45:07",124
"2019-07-24 08:45:12",124
"2019-07-24 09:45:10",124
"2019-07-24 10:45:10",124
"2019-07-24 11:45:06",124
"2019-07-24 13:07:42",124
"2019-07-24 13:45:11",124
"2019-07-24 14:45:08",124
"2019-07-24 15:45:11",124
"2019-07-24 16:45:10",123
"2019-07-24 17:45:08",124
"2019-07-24 18:45:13",124
"2019-07-24 19:45:09",124
"2019-07-24 20:45:11",123
"2019-07-24 21:45:10",123
"2019-07-24 22:45:08",123
"2019-07-24 23:45:10",123
"2019-07-25 00:45:09",123
"2019-07-25 01:45:16",123
"2019-07-25 02:45:25",123
"2019-07-25 03:45:09",123
"2019-07-25 04:45:10",123
"2019-07-25 05:45:16",123
"2019-07-25 06:45:15",123
"2019-07-25 07:45:10",123
"2019-07-25 08:45:13",123
"2019-07-25 09:45:09",123
"2019-07-25 10:45:20",123
"2019-07-25 11:45:09",123
"2019-07-25 13:08:15",123
"2019-07-25 13:45:14",123
"2019-07-25 14:45:12",123
"2019-07-25 15:45:10",123
"2019-07-25 16:45:12",124
"2019-07-25 17:45:12",124
"2019-07-25 18:45:18",124
"2019-07-25 19:45:46",124
"2019-07-25 20:45:16",124
"2019-07-25 21:45:16",124
"2019-07-25 22:45:15",124
"2019-07-25 23:45:11",124
"2019-07-26 00:45:26",124
"2019-07-26 01:45:13",124
"2019-07-26 02:45:13",124
"2019-07-26 03:45:14",124
"2019-07-26 04:45:16",124
"2019-07-26 05:45:20",124
"2019-07-26 06:45:32",124
"2019-07-26 07:45:21",124
"2019-07-26 08:45:08",124
"2019-07-26 09:45:11",124
"2019-07-26 10:45:13",124
"2019-07-26 11:45:15",124
"2019-07-26 13:10:15",124
"2019-07-26 13:45:12",124
"2019-07-26 14:45:11",122
"2019-07-26 15:45:10",123
"2019-07-26 16:45:13",123
"2019-07-26 17:45:13",122
"2019-07-26 18:45:13",121
"2019-07-26 19:45:10",121
"2019-07-26 20:45:10",123
"2019-07-26 22:45:09",123
"2019-07-26 23:45:08",123
"2019-07-27 00:45:09",123
"2019-07-27 01:45:09",123
"2019-07-27 02:45:12",123
"2019-07-27 03:45:09",123
"2019-07-27 04:45:09",123
"2019-07-27 05:45:09",123
"2019-07-27 06:45:09",123
"2019-07-27 07:45:08",123
"2019-07-27 08:45:09",123
"2019-07-27 09:45:07",123
"2019-07-27 10:45:09",123
"2019-07-27 11:45:07",123
"2019-07-27 12:45:10",123
"2019-07-27 13:45:08",123
"2019-07-27 14:45:09",123
"2019-07-27 15:45:13",123
"2019-07-27 16:45:19",123
"2019-07-27 17:45:15",123
"2019-07-27 18:45:12",123
"2019-07-27 19:45:11",123
"2019-07-27 20:45:13",123
"2019-07-27 21:45:10",123
"2019-07-27 22:45:10",123
"2019-07-27 23:45:08",123
"2019-07-28 00:45:09",123
"2019-07-28 01:45:08",123
"2019-07-28 02:45:08",123
"2019-07-28 03:45:07",123
"2019-07-28 04:45:08",123
"2019-07-28 05:45:07",123
"2019-07-28 06:45:07",123
"2019-07-28 07:45:09",123
"2019-07-28 08:45:07",123
"2019-07-28 09:45:06",123
"2019-07-28 10:45:05",123
"2019-07-28 11:45:05",123
"2019-07-28 12:45:08",123
"2019-07-28 13:45:07",123
"2019-07-28 14:45:08",123
"2019-07-28 15:45:07",123
"2019-07-28 16:45:09",123
"2019-07-28 17:45:09",123
"2019-07-28 18:45:08",123
"2019-07-28 19:45:08",123
"2019-07-28 20:45:07",123
"2019-07-28 21:45:08",123
"2019-07-28 22:45:10",123
"2019-07-28 23:45:11",123
"2019-07-29 00:45:08",123
"2019-07-29 01:45:08",123
"2019-07-29 02:45:08",123
"2019-07-29 03:45:10",123
"2019-07-29 04:45:10",123
"2019-07-29 05:45:15",123
"2019-07-29 06:45:21",123
"2019-07-29 07:45:09",123
"2019-07-29 08:45:08",123
"2019-07-29 09:45:09",123
"2019-07-29 10:45:09",123
"2019-07-29 11:45:09",123
"2019-07-29 13:09:12",123
"2019-07-29 13:45:13",123
"2019-07-29 14:45:09",124
"2019-07-29 15:45:09",125
"2019-07-29 16:45:09",125
"2019-07-29 17:45:09",125
"2019-07-29 18:45:09",125
"2019-07-29 19:45:09",126
"2019-07-29 20:45:08",126
"2019-07-29 21:45:07",126
"2019-07-29 22:45:10",126
"2019-07-29 23:45:08",126
"2019-07-30 00:45:08",126
"2019-07-30 01:45:09",126
"2019-07-30 02:45:10",126
"2019-07-30 03:45:08",126
"2019-07-30 04:45:07",126
"2019-07-30 05:45:09",126
"2019-07-30 06:45:09",126
"2019-07-30 07:45:17",126
"2019-07-30 08:45:10",126
"2019-07-30 09:45:08",126
"2019-07-30 10:45:06",126
"2019-07-30 11:45:11",126
"2019-07-30 12:45:09",126
"2019-07-30 13:45:10",126
"2019-07-30 14:45:11",125
"2019-07-30 15:45:11",125
"2019-07-30 16:45:11",125
"2019-07-30 17:45:17",125
"2019-07-30 18:45:13",126
"2019-07-30 19:45:15",126
"2019-07-30 20:45:12",127
"2019-07-30 21:45:11",127
"2019-07-30 22:45:12",127
"2019-07-30 23:45:10",127
"2019-07-31 00:45:43",127
"2019-07-31 01:45:10",127
"2019-07-31 02:45:10",127
"2019-07-31 03:45:12",127
"2019-07-31 04:45:11",127
"2019-07-31 05:45:23",127
"2019-07-31 06:45:11",127
"2019-07-31 07:45:10",127
"2019-07-31 08:45:11",127
"2019-07-31 09:45:12",127
"2019-07-31 10:45:09",127
"2019-07-31 11:45:08",127
"2019-07-31 13:09:17",128
"2019-07-31 13:45:10",128
"2019-07-31 14:45:11",129
"2019-07-31 15:45:12",129
"2019-07-31 16:45:16",130
"2019-07-31 17:45:10",130
"2019-07-31 18:45:09",130
"2019-07-31 19:45:09",131
"2019-07-31 20:45:12",132
"2019-07-31 21:45:12",132
"2019-07-31 22:45:10",132
"2019-07-31 23:45:10",132
"2019-08-01 00:45:11",132
"2019-08-01 01:45:25",132
"2019-08-01 02:45:13",132
"2019-08-01 03:45:11",132
"2019-08-01 04:45:09",132
"2019-08-01 05:45:14",132
"2019-08-01 06:45:11",132
"2019-08-01 07:45:17",132
"2019-08-01 08:45:09",132
"2019-08-01 09:45:12",132
"2019-08-01 10:45:11",132
"2019-08-01 11:45:08",132
"2019-08-01 13:07:43",132
"2019-08-01 13:45:12",132
"2019-08-01 14:45:11",132
"2019-08-01 15:45:18",134
"2019-08-01 16:45:14",136
"2019-08-01 17:45:13",137
"2019-08-01 18:45:09",137
"2019-08-01 19:45:10",136
"2019-08-01 20:45:10",137
"2019-08-01 21:45:10",137
"2019-08-01 22:45:09",137
"2019-08-01 23:45:11",137
"2019-08-02 00:45:09",137
"2019-08-02 01:45:10",137
"2019-08-02 02:45:09",137
"2019-08-02 03:45:10",137
"2019-08-02 04:45:09",137
"2019-08-02 05:45:13",137
"2019-08-02 06:45:10",137
"2019-08-02 07:45:07",137
"2019-08-02 08:45:11",137
"2019-08-02 09:45:12",137
"2019-08-02 10:45:22",137
"2019-08-02 11:45:09",137
"2019-08-02 13:09:16",137
"2019-08-02 13:45:13",137
"2019-08-02 14:45:12",137
"2019-08-02 15:45:12",135
"2019-08-02 16:45:14",134
"2019-08-02 17:45:10",134
"2019-08-02 18:45:12",134
"2019-08-02 19:45:12",134
"2019-08-02 20:45:12",134
"2019-08-02 21:45:11",134
"2019-08-02 22:45:09",134
"2019-08-02 23:45:12",134
"2019-08-03 00:45:11",134
"2019-08-03 01:45:10",134
"2019-08-03 02:45:22",134
"2019-08-03 03:45:10",134
"2019-08-03 04:45:09",134
"2019-08-03 05:45:17",134
"2019-08-03 06:45:11",134
"2019-08-03 07:45:08",134
"2019-08-03 08:45:12",134
"2019-08-03 09:45:10",134
"2019-08-03 10:45:11",134
"2019-08-03 11:45:10",134
"2019-08-03 12:45:11",134
"2019-08-03 13:45:11",134
"2019-08-03 14:45:11",134
"2019-08-03 15:45:09",134
"2019-08-03 16:45:11",134
"2019-08-03 17:45:12",134
"2019-08-03 18:45:11",134
"2019-08-03 19:45:10",134
"2019-08-03 20:45:09",134
"2019-08-03 21:45:08",134
"2019-08-03 22:45:09",134
"2019-08-03 23:45:09",134
"2019-08-04 00:45:10",134
"2019-08-04 01:45:09",134
"2019-08-04 02:45:16",134
"2019-08-04 03:45:12",134
"2019-08-04 04:45:09",134
"2019-08-04 05:45:16",134
"2019-08-04 06:45:09",134
"2019-08-04 07:45:11",134
"2019-08-04 08:45:12",134
"2019-08-04 09:45:09",134
"2019-08-04 10:45:08",134
"2019-08-04 11:45:06",134
"2019-08-04 12:45:10",134
"2019-08-04 13:45:10",134
"2019-08-04 14:45:08",134
"2019-08-04 15:45:09",134
"2019-08-04 16:45:11",134
"2019-08-04 17:45:10",134
"2019-08-04 18:45:11",134
"2019-08-04 19:45:09",134
"2019-08-04 20:45:10",134
"2019-08-04 21:45:10",134
"2019-08-04 22:45:10",134
"2019-08-04 23:45:10",134
"2019-08-05 00:45:09",134
"2019-08-05 01:45:12",134
"2019-08-05 02:45:12",134
"2019-08-05 03:45:10",134
"2019-08-05 04:45:11",134
"2019-08-05 05:45:13",134
"2019-08-05 06:45:10",134
"2019-08-05 07:45:15",134
"2019-08-05 08:45:13",134
"2019-08-05 09:45:12",134
"2019-08-05 10:45:11",134
"2019-08-05 11:45:09",134
"2019-08-05 13:09:46",134
"2019-08-05 13:45:15",134
"2019-08-05 14:45:13",132
"2019-08-05 15:45:10",130
"2019-08-05 16:45:12",130
"2019-08-05 17:45:13",129
"2019-08-05 18:45:15",129
"2019-08-05 19:45:12",128
"2019-08-05 20:45:10",127
"2019-08-05 21:45:11",127
"2019-08-05 22:45:12",127
"2019-08-05 23:45:13",127
"2019-08-06 00:45:24",127
"2019-08-06 01:45:17",127
"2019-08-06 02:45:11",127
"2019-08-06 03:45:11",127
"2019-08-06 04:45:13",127
"2019-08-06 05:45:14",127
"2019-08-06 06:45:10",127
"2019-08-06 07:45:11",127
"2019-08-06 08:45:10",127
"2019-08-06 09:45:17",127
"2019-08-06 10:45:09",127
"2019-08-06 11:45:09",127
"2019-08-06 12:45:11",127
"2019-08-06 13:45:13",127
"2019-08-06 14:45:09",126
"2019-08-06 15:45:12",126
"2019-08-06 16:45:13",127
"2019-08-06 17:45:11",127
"2019-08-06 18:45:10",127
"2019-08-06 19:45:11",127
"2019-08-06 20:45:12",126
"2019-08-06 21:45:10",126
"2019-08-06 23:45:11",126
"2019-08-07 00:45:12",126
"2019-08-07 01:45:12",126
"2019-08-07 02:45:14",126
"2019-08-07 03:45:11",126
"2019-08-07 04:45:10",126
"2019-08-07 05:45:15",126
"2019-08-07 06:45:18",126
"2019-08-07 07:45:09",126
"2019-08-07 08:45:11",126
"2019-08-07 09:45:10",126
"2019-08-07 10:45:18",126
"2019-08-07 11:45:10",126
"2019-08-07 12:45:13",126
"2019-08-07 13:45:14",126
"2019-08-07 14:45:12",127
"2019-08-07 15:45:11",128
"2019-08-07 16:45:12",128
"2019-08-07 17:45:11",128
"2019-08-07 18:45:11",129
"2019-08-07 19:45:11",129
"2019-08-07 20:45:11",129
"2019-08-07 21:45:11",129
"2019-08-07 22:45:09",129
"2019-08-07 23:45:12",129
"2019-08-08 00:45:13",129
"2019-08-08 01:45:10",129
"2019-08-08 02:45:18",129
"2019-08-08 03:45:10",129
"2019-08-08 04:45:09",129
"2019-08-08 05:45:11",129
"2019-08-08 06:45:14",129
"2019-08-08 07:45:10",129
"2019-08-08 08:45:10",129
"2019-08-08 09:45:09",129
"2019-08-08 10:45:15",129
"2019-08-08 11:45:09",129
"2019-08-08 12:45:12",129
"2019-08-08 13:45:12",129
"2019-08-08 14:45:10",130
"2019-08-08 15:45:13",129
"2019-08-08 16:45:14",129
"2019-08-08 17:45:12",129
"2019-08-08 18:45:13",128
"2019-08-08 19:45:12",128
"2019-08-08 20:45:14",128
"2019-08-08 21:45:15",128
"2019-08-08 22:45:14",128
"2019-08-08 23:45:14",128
"2019-08-09 00:45:16",128
"2019-08-09 01:45:16",128
"2019-08-09 02:45:18",128
"2019-08-09 03:45:16",128
"2019-08-09 04:45:16",128
"2019-08-09 05:45:21",128
"2019-08-09 06:45:16",128
"2019-08-09 07:45:31",128
"2019-08-09 08:45:16",128
"2019-08-09 09:45:22",128
"2019-08-09 10:45:16",128
"2019-08-09 11:45:16",128
"2019-08-09 13:09:21",128
"2019-08-09 13:45:16",128
"2019-08-09 14:45:24",128
"2019-08-09 15:45:16",129
"2019-08-09 16:45:24",129
"2019-08-09 17:45:15",129
"2019-08-09 18:45:16",128
"2019-08-09 19:45:16",128
"2019-08-09 20:45:14",128
"2019-08-09 21:45:17",128
"2019-08-09 22:45:16",128
"2019-08-09 23:45:17",128
"2019-08-10 00:45:17",128
"2019-08-10 01:45:16",128
"2019-08-10 02:45:34",128
"2019-08-10 03:45:14",128
"2019-08-10 04:45:16",128
"2019-08-10 05:45:21",128
"2019-08-10 06:45:15",128
"2019-08-10 07:45:15",128
"2019-08-10 08:45:15",128
"2019-08-10 09:45:17",128
"2019-08-10 10:45:18",128
"2019-08-10 11:45:14",128
"2019-08-10 12:45:18",128
"2019-08-10 13:45:18",128
"2019-08-10 14:45:14",128
"2019-08-10 15:45:13",128
"2019-08-10 16:45:23",128
"2019-08-10 17:45:15",128
"2019-08-10 18:45:15",128
"2019-08-10 19:45:15",128
"2019-08-10 20:45:15",128
"2019-08-10 21:45:12",128
"2019-08-10 22:45:14",128
"2019-08-10 23:45:16",128
"2019-08-11 00:45:13",128
"2019-08-11 01:45:14",128
"2019-08-11 02:45:23",128
"2019-08-11 03:45:17",128
"2019-08-11 04:45:14",128
"2019-08-11 05:45:24",128
"2019-08-11 06:45:14",128
"2019-08-11 07:45:16",128
"2019-08-11 08:45:14",128
"2019-08-11 09:45:12",128
"2019-08-11 10:45:13",128
"2019-08-11 11:45:14",128
"2019-08-11 12:45:15",128
"2019-08-11 13:45:17",128
"2019-08-11 14:45:15",128
"2019-08-11 15:45:15",128
"2019-08-11 16:45:16",128
"2019-08-11 17:45:15",128
"2019-08-11 18:45:15",128
"2019-08-11 19:45:17",128
"2019-08-11 20:45:18",128
"2019-08-11 21:45:18",128
"2019-08-11 22:45:17",128
"2019-08-11 23:45:20",128
"2019-08-12 00:45:18",128
"2019-08-12 01:45:17",128
"2019-08-12 02:45:26",128
"2019-08-12 03:45:18",128
"2019-08-12 04:45:17",128
"2019-08-12 05:45:23",128
"2019-08-12 06:45:24",128
"2019-08-12 07:45:15",128
"2019-08-12 08:45:18",128
"2019-08-12 09:45:16",128
"2019-08-12 10:45:21",128
"2019-08-12 11:45:15",128
"2019-08-12 12:45:21",128
"2019-08-12 13:45:28",128
"2019-08-12 14:45:16",127
"2019-08-12 15:45:17",126
"2019-08-12 16:45:26",128
"2019-08-12 17:45:14",128
"2019-08-12 18:45:13",129
"2019-08-12 19:45:12",130
"2019-08-12 20:45:15",131
"2019-08-12 21:45:12",131
"2019-08-12 22:45:13",131
"2019-08-12 23:45:15",131
"2019-08-13 00:45:12",131
"2019-08-13 01:45:14",131
"2019-08-13 02:45:19",131
"2019-08-13 03:45:15",131
"2019-08-13 04:45:12",131
"2019-08-13 05:45:17",131
"2019-08-13 06:45:16",131
"2019-08-13 07:45:14",131
"2019-08-13 08:45:12",131
"2019-08-13 09:45:16",131
"2019-08-13 10:45:21",131
"2019-08-13 11:45:18",131
"2019-08-13 12:45:17",131
"2019-08-13 13:45:18",131
"2019-08-13 14:45:15",135
"2019-08-13 15:45:20",134
"2019-08-13 16:45:17",134
"2019-08-13 17:45:15",133
"2019-08-13 18:45:15",135
"2019-08-13 19:45:15",135
"2019-08-13 20:45:13",136
"2019-08-13 21:45:17",135
"2019-08-13 22:45:22",135
"2019-08-13 23:45:16",135
"2019-08-14 00:45:18",135
"2019-08-14 01:45:16",135
"2019-08-14 02:45:17",135
"2019-08-14 03:45:15",135
"2019-08-14 04:45:13",135
"2019-08-14 05:45:32",135
"2019-08-14 06:45:15",135
"2019-08-14 07:45:13",135
"2019-08-14 08:45:12",135
"2019-08-14 09:45:17",135
"2019-08-14 10:45:10",135
"2019-08-14 11:45:12",135
"2019-08-14 13:08:21",135
"2019-08-14 13:45:16",135
"2019-08-14 14:45:17",138
"2019-08-14 15:45:17",141
"2019-08-14 16:45:15",141
"2019-08-14 17:45:12",140
"2019-08-14 18:45:18",140
"2019-08-14 19:45:18",140
"2019-08-14 20:45:15",140
"2019-08-14 21:45:25",140
"2019-08-14 22:45:14",140
"2019-08-14 23:45:13",140
"2019-08-15 00:45:43",140
"2019-08-15 01:45:16",140
"2019-08-15 02:45:17",140
"2019-08-15 03:45:15",140
"2019-08-15 04:45:15",140
"2019-08-15 05:45:21",140
"2019-08-15 06:45:13",140
"2019-08-15 07:45:11",140
"2019-08-15 08:45:26",140
"2019-08-15 09:45:13",140
"2019-08-15 10:45:14",140
"2019-08-15 11:45:14",140
"2019-08-15 13:08:19",140
"2019-08-15 13:45:21",140
"2019-08-15 14:45:16",141
"2019-08-15 15:45:11",141
"2019-08-15 16:45:30",142
"2019-08-15 17:45:09",142
"2019-08-15 18:45:14",141
"2019-08-15 19:45:12",141
"2019-08-15 20:45:14",142
"2019-08-15 21:45:10",142
"2019-08-15 22:45:10",142
"2019-08-15 23:45:24",142
"2019-08-16 00:45:24",142
"2019-08-16 01:45:28",142
"2019-08-16 02:45:14",142
"2019-08-16 03:45:14",142
"2019-08-16 04:45:09",142
"2019-08-16 05:45:30",142
"2019-08-16 06:45:10",142
"2019-08-16 07:45:12",142
"2019-08-16 08:45:12",142
"2019-08-16 09:45:15",142
"2019-08-16 10:45:10",142
"2019-08-16 11:45:09",142
"2019-08-16 12:45:12",142
"2019-08-16 13:45:16",142
"2019-08-16 14:45:12",144
"2019-08-16 15:45:14",144
"2019-08-16 16:45:27",146
"2019-08-16 19:45:17",146
"2019-08-16 20:45:22",146
"2019-08-16 21:45:18",146
"2019-08-16 22:45:19",146
"2019-08-16 23:45:19",146
"2019-08-17 00:45:19",146
"2019-08-17 01:45:23",146
"2019-08-17 02:45:34",146
"2019-08-17 03:45:19",146
"2019-08-17 04:45:19",146
"2019-08-17 05:45:20",146
"2019-08-17 06:45:17",146
"2019-08-17 07:45:17",146
"2019-08-17 08:45:19",146
"2019-08-17 09:45:17",146
"2019-08-17 10:45:15",146
"2019-08-17 11:45:17",146
"2019-08-17 12:45:15",146
"2019-08-17 13:45:17",146
"2019-08-17 14:45:55",146
"2019-08-17 15:45:16",146
"2019-08-17 16:45:16",146
"2019-08-17 17:45:15",146
"2019-08-17 18:45:15",146
"2019-08-17 19:45:16",146
"2019-08-17 20:45:17",146
"2019-08-17 21:45:15",146
"2019-08-17 22:45:15",146
"2019-08-17 23:45:14",146
"2019-08-18 00:45:15",146
"2019-08-18 01:45:14",146
"2019-08-18 02:45:18",146
"2019-08-18 03:45:16",146
"2019-08-18 04:45:14",146
"2019-08-18 05:45:40",146
"2019-08-18 06:45:36",146
"2019-08-18 07:45:19",146
"2019-08-18 08:45:20",146
"2019-08-18 09:45:21",146
"2019-08-18 10:45:16",146
"2019-08-18 11:45:16",146
"2019-08-18 12:45:17",146
"2019-08-18 13:45:19",146
"2019-08-18 14:45:18",146
"2019-08-18 15:45:19",146
"2019-08-18 16:45:23",146
"2019-08-18 17:45:16",146
"2019-08-18 18:45:17",146
"2019-08-18 19:45:18",146
"2019-08-18 20:45:19",146
"2019-08-18 21:45:25",146
"2019-08-18 22:45:19",146
"2019-08-18 23:45:18",146
"2019-08-19 00:45:18",146
"2019-08-19 01:45:22",146
"2019-08-19 02:45:21",146
"2019-08-19 03:45:16",146
"2019-08-19 04:45:16",146
"2019-08-19 05:45:24",146
"2019-08-19 06:45:20",146
"2019-08-19 07:45:29",146
"2019-08-19 08:45:17",146
"2019-08-19 09:45:25",146
"2019-08-19 10:45:18",146
"2019-08-19 11:45:17",146
"2019-08-19 12:45:23",146
"2019-08-19 13:45:20",146
"2019-08-19 14:45:12",144
"2019-08-19 15:45:14",149
"2019-08-19 16:45:13",154
"2019-08-19 17:45:12",155
"2019-08-19 18:45:15",155
"2019-08-19 19:45:13",155
"2019-08-19 20:45:13",157
"2019-08-19 21:45:14",157
"2019-08-19 22:45:12",157
"2019-08-19 23:45:13",157
"2019-08-20 00:45:16",157
"2019-08-20 01:45:13",157
"2019-08-20 02:45:17",157
"2019-08-20 03:45:13",157
"2019-08-20 04:45:12",157
"2019-08-20 05:45:30",157
"2019-08-20 06:45:17",157
"2019-08-20 07:45:11",157
"2019-08-20 08:45:13",157
"2019-08-20 09:45:12",157
"2019-08-20 10:45:34",157
"2019-08-20 11:45:11",157
"2019-08-20 13:07:19",158
"2019-08-20 13:45:23",158
"2019-08-20 14:45:14",158
"2019-08-20 15:45:13",156
"2019-08-20 16:45:14",156
"2019-08-20 17:45:14",157
"2019-08-20 18:45:14",157
"2019-08-20 19:45:14",156
"2019-08-20 20:45:15",155
"2019-08-20 21:45:17",155
"2019-08-20 22:45:14",155
"2019-08-20 23:45:13",155
"2019-08-21 00:45:16",155
"2019-08-21 01:45:19",155
"2019-08-21 02:45:22",155
"2019-08-21 03:45:19",155
"2019-08-21 04:45:14",155
"2019-08-21 05:45:18",155
"2019-08-21 06:45:22",155
"2019-08-21 07:45:15",155
"2019-08-21 08:45:18",155
"2019-08-21 09:45:15",155
"2019-08-21 10:45:13",155
"2019-08-21 11:45:13",155
"2019-08-21 12:45:14",155
"2019-08-21 13:45:18",155
"2019-08-21 14:45:16",154
"2019-08-21 15:45:18",154
"2019-08-21 16:45:31",156
"2019-08-21 17:45:15",156
"2019-08-21 18:45:17",157
"2019-08-21 19:45:16",157
"2019-08-21 20:45:16",158
"2019-08-21 21:45:18",158
"2019-08-21 22:45:18",158
"2019-08-21 23:45:15",158
"2019-08-22 00:45:17",158
"2019-08-22 01:45:15",158
"2019-08-22 02:45:22",158
"2019-08-22 03:45:15",158
"2019-08-22 04:45:14",158
"2019-08-22 05:45:19",158
"2019-08-22 06:45:14",158
"2019-08-22 07:45:17",158
"2019-08-22 08:45:15",158
"2019-08-22 09:45:15",158
"2019-08-22 10:45:17",158
"2019-08-22 11:45:18",158
"2019-08-22 12:45:18",158
"2019-08-22 13:45:19",158
"2019-08-22 14:45:20",160
"2019-08-22 15:45:21",159
"2019-08-22 16:45:26",159
"2019-08-22 17:45:20",159
"2019-08-22 18:45:22",160
"2019-08-22 19:45:19",159
"2019-08-22 20:45:20",159
"2019-08-22 21:45:22",159
"2019-08-22 22:45:19",159
"2019-08-22 23:45:20",159
"2019-08-23 00:45:22",159
"2019-08-23 01:45:24",159
"2019-08-23 02:45:26",159
"2019-08-23 03:45:17",159
"2019-08-23 04:45:18",159
"2019-08-23 05:45:19",159
"2019-08-23 06:45:18",159
"2019-08-23 07:45:17",159
"2019-08-23 08:45:18",159
"2019-08-23 09:45:16",159
"2019-08-23 10:45:22",159
"2019-08-23 11:45:16",159
"2019-08-23 12:45:21",159
"2019-08-23 13:45:23",159
"2019-08-23 14:45:19",159
"2019-08-23 15:45:19",160
"2019-08-23 16:45:21",155
"2019-08-23 17:45:16",153
"2019-08-23 18:45:23",153
"2019-08-23 19:45:19",153
"2019-08-23 20:45:15",154
"2019-08-23 21:45:17",154
"2019-08-23 22:45:59",154
"2019-08-23 23:45:16",154
"2019-08-24 00:45:17",154
"2019-08-24 01:45:15",154
"2019-08-24 02:45:38",154
"2019-08-24 03:45:15",154
"2019-08-24 04:45:13",154
"2019-08-24 05:45:18",154
"2019-08-24 06:45:18",154
"2019-08-24 07:45:21",154
"2019-08-24 08:45:18",154
"2019-08-24 09:45:17",154
"2019-08-24 10:45:16",154
"2019-08-24 11:45:14",154
"2019-08-24 12:45:19",154
"2019-08-24 13:45:15",154
"2019-08-24 14:45:17",154
"2019-08-24 15:45:18",154
"2019-08-24 16:45:30",154
"2019-08-24 17:45:17",154
"2019-08-24 18:45:20",154
"2019-08-24 19:45:17",154
"2019-08-24 20:45:17",154
"2019-08-24 21:45:16",154
"2019-08-24 22:45:17",154
"2019-08-24 23:45:15",154
"2019-08-25 00:45:14",154
"2019-08-25 01:45:19",154
"2019-08-25 02:45:30",154
"2019-08-25 03:45:15",154
"2019-08-25 04:45:14",154
"2019-08-25 05:45:14",154
"2019-08-25 06:45:15",154
"2019-08-25 07:45:15",154
"2019-08-25 08:45:18",154
"2019-08-25 09:45:14",154
"2019-08-25 10:45:15",154
"2019-08-25 11:45:19",154
"2019-08-25 12:45:16",154
"2019-08-25 13:45:17",154
"2019-08-25 14:45:15",154
"2019-08-25 15:45:18",154
"2019-08-25 16:45:20",154
"2019-08-25 17:45:14",154
"2019-08-25 18:45:14",154
"2019-08-25 19:45:17",154
"2019-08-25 20:45:16",154
"2019-08-25 21:45:17",154
"2019-08-25 22:45:15",154
"2019-08-25 23:45:16",154
"2019-08-26 00:45:14",154
"2019-08-26 01:45:12",154
"2019-08-26 02:45:20",154
"2019-08-26 03:45:14",154
"2019-08-26 04:45:17",154
"2019-08-26 05:45:19",154
"2019-08-26 06:45:15",154
"2019-08-26 07:45:21",154
"2019-08-26 08:45:15",154
"2019-08-26 09:45:14",154
"2019-08-26 10:45:17",154
"2019-08-26 11:45:15",154
"2019-08-26 12:45:18",154
"2019-08-26 13:45:17",154
"2019-08-26 14:45:15",154
"2019-08-26 15:45:19",154
"2019-08-26 16:45:26",154
"2019-08-26 17:45:16",153
"2019-08-26 18:45:17",153
"2019-08-26 19:45:19",153
"2019-08-26 20:45:20",153
"2019-08-26 21:45:18",153
"2019-08-26 22:45:15",153
"2019-08-26 23:45:16",153
"2019-08-27 00:45:19",153
"2019-08-27 01:45:17",153
"2019-08-27 02:45:23",153
"2019-08-27 03:45:16",153
"2019-08-27 04:45:16",153
"2019-08-27 05:45:21",153
"2019-08-27 06:45:24",153
"2019-08-27 07:45:15",153
"2019-08-27 08:45:19",153
"2019-08-27 09:45:15",153
"2019-08-27 10:45:13",153
"2019-08-27 11:45:20",153
"2019-08-27 12:45:21",153
"2019-08-27 13:45:36",153
"2019-08-27 14:45:16",154
"2019-08-27 15:45:19",154
"2019-08-27 16:45:25",154
"2019-08-27 17:45:16",154
"2019-08-27 18:45:17",154
"2019-08-27 19:45:18",153
"2019-08-27 20:45:17",153
"2019-08-27 21:45:18",153
"2019-08-27 22:45:17",153
"2019-08-27 23:45:22",153
"2019-08-28 00:45:22",153
"2019-08-28 01:45:19",153
"2019-08-28 02:45:24",153
"2019-08-28 03:45:26",153
"2019-08-28 04:45:20",153
"2019-08-28 05:45:24",153
"2019-08-28 06:45:22",153
"2019-08-28 07:45:22",153
"2019-08-28 08:45:19",153
"2019-08-28 09:45:21",153
"2019-08-28 10:45:19",153
"2019-08-28 11:45:23",153
"2019-08-28 12:45:18",153
"2019-08-28 13:45:16",153
"2019-08-28 14:45:14",153
"2019-08-28 15:45:20",153
"2019-08-28 16:45:34",153
"2019-08-28 17:45:14",153
"2019-08-28 18:45:16",153
"2019-08-28 19:45:16",153
"2019-08-28 20:45:19",153
"2019-08-28 21:45:19",153
"2019-08-28 22:45:16",153
"2019-08-28 23:45:23",153
"2019-08-29 00:45:14",153
"2019-08-29 01:45:18",153
"2019-08-29 02:45:18",153
"2019-08-29 03:45:15",153
"2019-08-29 04:45:17",153
"2019-08-29 05:45:29",153
"2019-08-29 06:45:13",153
"2019-08-29 07:45:18",153
"2019-08-29 08:45:16",153
"2019-08-29 09:45:16",153
"2019-08-29 10:45:12",153
"2019-08-29 11:45:13",153
"2019-08-29 12:45:18",153
"2019-08-29 13:45:16",153
"2019-08-29 14:45:14",152
"2019-08-29 15:45:14",152
"2019-08-29 16:45:22",152
"2019-08-29 17:45:15",152
"2019-08-29 18:45:13",153
"2019-08-29 19:45:11",152
"2019-08-29 20:45:14",151
"2019-08-29 21:45:14",151
"2019-08-29 22:45:12",151
"2019-08-29 23:45:14",151
"2019-08-30 00:45:17",151
"2019-08-30 01:45:22",151
"2019-08-30 02:45:15",151
"2019-08-30 03:45:17",151
"2019-08-30 04:45:15",151
"2019-08-30 05:45:24",151
"2019-08-30 06:45:11",151
"2019-08-30 07:45:11",151
"2019-08-30 08:45:11",151
"2019-08-30 09:45:12",151
"2019-08-30 10:45:10",151
"2019-08-30 11:45:10",151
"2019-08-30 12:45:13",151
"2019-08-30 13:45:13",151
"2019-08-30 14:45:12",151
"2019-08-30 15:45:13",151
"2019-08-30 16:45:14",151
"2019-08-30 17:45:15",151
"2019-08-30 18:45:11",152
"2019-08-30 20:45:30",152
"2019-08-30 21:45:24",152
"2019-08-30 22:45:27",152
"2019-08-30 23:45:26",152
"2019-08-31 00:45:25",152
"2019-08-31 01:45:29",152
"2019-08-31 02:45:26",152
"2019-08-31 03:45:27",152
"2019-08-31 04:45:26",152
"2019-08-31 23:45:53",152
"2019-09-01 00:45:30",152
"2019-09-01 01:45:26",152
"2019-09-01 02:45:27",152
"2019-09-01 03:45:27",152
"2019-09-01 04:45:25",152
"2019-09-01 05:45:27",152
"2019-09-01 06:45:25",152
"2019-09-01 07:45:23",152
"2019-09-01 08:45:26",152
"2019-09-01 09:45:25",152
"2019-09-01 10:45:25",152
"2019-09-01 11:45:24",152
"2019-09-01 12:45:27",152
"2019-09-01 13:45:26",152
"2019-09-01 14:45:25",152
"2019-09-01 15:45:25",152
"2019-09-01 16:45:33",152
"2019-09-01 17:45:29",152
"2019-09-01 18:45:26",152
"2019-09-01 19:45:24",152
"2019-09-01 20:45:25",152
"2019-09-01 21:45:25",152
"2019-09-01 22:45:27",152
"2019-09-01 23:45:27",152
"2019-09-02 00:45:24",152
"2019-09-02 01:45:22",152
"2019-09-02 02:45:23",152
"2019-09-02 03:45:27",152
"2019-09-02 04:45:28",152
"2019-09-02 05:45:39",152
"2019-09-02 06:45:29",152
"2019-09-02 07:45:28",152
"2019-09-02 08:45:27",152
"2019-09-02 09:45:33",152
"2019-09-02 10:45:33",152
"2019-09-02 11:45:27",152
"2019-09-02 12:45:23",152
"2019-09-02 13:45:26",152
"2019-09-02 14:45:26",152
"2019-09-02 15:45:26",152
"2019-09-02 16:45:37",152
"2019-09-02 17:45:25",152
"2019-09-02 18:45:29",152
"2019-09-02 19:45:27",152
"2019-09-02 20:45:26",152
"2019-09-02 21:45:28",152
"2019-09-02 22:45:27",152
"2019-09-02 23:45:29",152
"2019-09-03 00:45:27",152
"2019-09-03 01:45:28",152
"2019-09-03 02:45:30",152
"2019-09-03 03:45:27",152
"2019-09-03 04:45:25",152
"2019-09-03 05:45:37",152
"2019-09-03 06:45:30",152
"2019-09-03 07:45:25",152
"2019-09-03 08:45:34",152
"2019-09-03 09:45:25",152
"2019-09-03 10:45:30",152
"2019-09-03 11:45:25",152
"2019-09-03 13:09:39",152
"2019-09-03 13:45:35",152
"2019-09-03 14:45:28",151
"2019-09-03 15:45:27",153
"2019-09-03 16:45:31",154
"2019-09-03 17:45:28",155
"2019-09-03 18:45:25",156
"2019-09-03 19:45:25",155
"2019-09-03 20:45:27",156
"2019-09-03 21:45:25",156
"2019-09-03 22:45:36",156
"2019-09-03 23:45:26",156
"2019-09-04 00:45:30",156
"2019-09-04 01:45:28",156
"2019-09-04 02:45:27",156
"2019-09-04 03:45:26",156
"2019-09-04 04:45:25",156
"2019-09-04 05:45:38",156
"2019-09-04 06:45:28",156
"2019-09-04 07:45:26",156
"2019-09-04 08:45:26",156
"2019-09-04 09:45:28",156
"2019-09-04 10:45:26",156
"2019-09-04 11:45:26",156
"2019-09-04 13:08:34",156
"2019-09-04 13:45:28",156
"2019-09-04 14:45:26",158
"2019-09-04 15:45:27",158
"2019-09-04 16:45:40",158
"2019-09-04 17:45:25",158
"2019-09-04 18:45:28",158
"2019-09-04 19:45:27",157
"2019-09-04 20:45:27",158
"2019-09-04 21:45:25",158
"2019-09-04 22:45:25",158
"2019-09-04 23:45:31",158
"2019-09-05 01:45:26",158
"2019-09-05 02:45:33",158
"2019-09-05 03:45:25",158
"2019-09-05 04:45:26",158
"2019-09-05 05:45:37",158
"2019-09-05 06:45:23",158
"2019-09-05 07:45:30",158
"2019-09-05 08:45:26",158
"2019-09-05 09:45:23",158
"2019-09-05 10:45:32",158
"2019-09-05 11:45:25",158
"2019-09-05 13:09:30",158
"2019-09-05 13:45:27",158
"2019-09-05 14:45:31",159
"2019-09-05 15:45:27",158
"2019-09-05 16:45:39",161
"2019-09-05 17:45:29",161
"2019-09-05 18:45:26",160
"2019-09-05 19:45:25",160
"2019-09-05 20:45:27",160
"2019-09-05 21:45:26",160
"2019-09-05 22:45:27",160
"2019-09-05 23:45:29",160
"2019-09-06 00:45:28",160
"2019-09-06 01:45:28",160
"2019-09-06 02:45:26",160
"2019-09-06 03:45:24",160
"2019-09-06 04:45:25",160
"2019-09-06 05:45:39",160
"2019-09-06 06:45:28",160
"2019-09-06 07:45:29",160
"2019-09-06 08:45:25",160
"2019-09-06 09:45:27",160
"2019-09-06 10:45:27",160
"2019-09-06 11:45:47",160
"2019-09-06 13:08:31",160
"2019-09-06 13:45:29",160
"2019-09-06 14:45:25",158
"2019-09-06 15:45:25",158
"2019-09-06 16:45:37",159
"2019-09-06 17:45:27",159
"2019-09-06 18:45:29",158
"2019-09-06 19:45:25",158
"2019-09-06 20:45:27",158
"2019-09-06 21:45:28",158
"2019-09-06 22:45:26",158
"2019-09-06 23:45:25",158
"2019-09-07 01:45:27",158
"2019-09-07 02:45:29",158
"2019-09-07 03:45:30",158
"2019-09-07 04:45:28",158
"2019-09-07 05:45:53",158
"2019-09-07 06:45:26",158
"2019-09-07 07:45:24",158
"2019-09-07 08:45:25",158
"2019-09-07 09:45:26",158
"2019-09-07 10:45:28",158
"2019-09-07 11:45:25",158
"2019-09-07 12:45:25",158
"2019-09-07 13:45:29",158
"2019-09-07 14:45:27",158
"2019-09-07 15:45:27",158
"2019-09-07 16:45:27",158
"2019-09-07 17:45:27",158
"2019-09-07 18:45:26",158
"2019-09-07 19:45:25",158
"2019-09-07 20:45:26",158
"2019-09-07 22:45:23",158
"2019-09-07 23:45:27",158
"2019-09-08 00:45:27",158
"2019-09-08 01:45:30",158
"2019-09-08 02:45:34",158
"2019-09-08 03:45:28",158
"2019-09-08 04:45:26",158
"2019-09-08 05:45:33",158
"2019-09-08 06:45:26",158
"2019-09-08 07:45:25",158
"2019-09-08 08:45:26",158
"2019-09-08 09:45:24",158
"2019-09-08 10:45:28",158
"2019-09-08 11:45:25",158
"2019-09-08 12:45:26",158
"2019-09-08 13:45:27",158
"2019-09-08 14:45:27",158
"2019-09-08 15:45:25",158
"2019-09-08 16:45:35",158
"2019-09-08 17:45:26",158
"2019-09-08 18:45:25",158
"2019-09-08 19:45:33",158
"2019-09-08 20:45:29",158
"2019-09-08 21:45:28",158
"2019-09-08 22:45:24",158
"2019-09-08 23:45:25",158
"2019-09-09 00:45:25",158
"2019-09-09 01:45:27",158
"2019-09-09 02:45:27",158
"2019-09-09 03:45:26",158
"2019-09-09 04:45:24",158
"2019-09-09 05:45:41",158
"2019-09-09 06:45:25",158
"2019-09-09 07:45:25",158
"2019-09-09 08:45:26",158
"2019-09-09 09:45:22",158
"2019-09-09 10:45:24",158
"2019-09-09 11:45:26",158
"2019-09-09 13:08:32",158
"2019-09-09 13:45:32",158
"2019-09-09 14:45:34",158
"2019-09-09 15:45:27",160
"2019-09-09 16:45:43",159
"2019-09-09 17:45:26",155
"2019-09-09 18:45:26",155
"2019-09-09 19:45:27",154
"2019-09-09 20:45:25",154
"2019-09-09 21:45:26",154
"2019-09-09 22:45:25",154
"2019-09-09 23:45:26",154
"2019-09-10 00:45:28",154
"2019-09-10 01:45:27",154
"2019-09-10 02:45:34",154
"2019-09-10 03:45:28",154
"2019-09-10 04:45:28",154
"2019-09-10 05:45:32",154
"2019-09-10 06:45:26",154
"2019-09-10 07:45:24",154
"2019-09-10 08:45:28",154
"2019-09-10 09:45:39",154
"2019-09-10 10:45:26",154
"2019-09-10 11:45:26",154
"2019-09-10 12:45:28",154
"2019-09-10 13:45:27",154
"2019-09-10 14:45:25",154
"2019-09-10 15:45:25",153
"2019-09-10 16:45:37",152
"2019-09-10 17:45:26",152
"2019-09-10 18:45:28",152
"2019-09-10 19:45:34",151
"2019-09-10 20:45:25",150
"2019-09-10 21:45:27",150
"2019-09-10 22:45:25",150
"2019-09-10 23:45:26",150
"2019-09-11 00:45:26",150
"2019-09-11 01:45:27",150
"2019-09-11 02:45:25",150
"2019-09-11 03:45:24",150
"2019-09-11 04:45:25",150
"2019-09-11 05:45:36",150
"2019-09-11 06:45:27",150
"2019-09-11 07:45:22",150
"2019-09-11 08:45:25",150
"2019-09-11 09:45:30",150
"2019-09-11 10:45:39",150
"2019-09-11 11:45:35",150
"2019-09-11 12:45:26",150
"2019-09-11 13:45:30",150
"2019-09-11 14:45:26",150
"2019-09-11 15:45:25",150
"2019-09-11 16:45:30",150
"2019-09-11 17:45:24",150
"2019-09-11 18:45:26",149
"2019-09-11 19:45:26",149
"2019-09-11 20:45:25",148
"2019-09-11 21:45:31",148
"2019-09-11 22:45:25",148
"2019-09-11 23:45:25",148
"2019-09-12 00:45:27",148
"2019-09-12 01:45:26",148
"2019-09-12 02:45:33",148
"2019-09-12 03:45:26",148
"2019-09-12 04:45:24",148
"2019-09-12 05:45:37",148
"2019-09-12 06:45:26",148
"2019-09-12 07:45:25",148
"2019-09-12 08:45:23",148
"2019-09-12 09:45:24",148
"2019-09-12 10:45:42",148
"2019-09-12 11:45:28",148
"2019-09-12 13:09:34",148
"2019-09-12 13:45:29",148
"2019-09-12 14:45:31",150
"2019-09-12 15:45:27",150
"2019-09-12 16:45:27",150
"2019-09-12 17:45:25",150
"2019-09-12 18:45:25",149
"2019-09-12 19:45:25",150
"2019-09-12 20:45:23",150
"2019-09-12 21:45:23",150
"2019-09-12 22:45:26",150
"2019-09-12 23:45:25",150
"2019-09-13 00:45:25",150
"2019-09-13 01:45:28",150
"2019-09-13 02:45:26",150
"2019-09-13 03:45:26",150
"2019-09-13 04:45:24",150
"2019-09-13 05:45:26",150
"2019-09-13 06:45:26",150
"2019-09-13 07:45:23",150
"2019-09-13 08:45:25",150
"2019-09-13 09:45:24",150
"2019-09-13 10:45:24",150
"2019-09-13 11:45:24",150
"2019-09-13 13:09:27",150
"2019-09-13 14:10:29",151
"2019-09-13 14:45:27",151
"2019-09-13 15:45:25",152
"2019-09-13 16:45:25",151
"2019-09-13 17:45:24",152
"2019-09-13 18:45:24",153
"2019-09-13 19:45:24",153
"2019-09-13 20:45:20",152
"2019-09-13 21:45:28",152
"2019-09-13 22:45:21",152
"2019-09-13 23:45:25",152
"2019-09-14 00:45:27",152
"2019-09-14 01:45:20",152
"2019-09-14 02:45:24",152
"2019-09-14 03:45:24",152
"2019-09-14 04:45:22",152
"2019-09-14 05:45:24",152
"2019-09-14 06:45:23",152
"2019-09-14 07:45:23",152
"2019-09-14 08:45:24",152
"2019-09-14 09:45:22",152
"2019-09-14 10:45:24",152
"2019-09-14 11:45:19",152
"2019-09-14 12:45:24",152
"2019-09-14 13:45:21",152
"2019-09-14 14:45:23",152
"2019-09-14 15:45:20",152
"2019-09-14 16:45:25",152
"2019-09-14 17:45:24",152
"2019-09-14 18:45:20",152
"2019-09-14 19:45:21",152
"2019-09-14 20:45:20",152
"2019-09-14 21:45:26",152
"2019-09-14 22:45:22",152
"2019-09-14 23:45:25",152
"2019-09-15 00:45:25",152
"2019-09-15 01:45:20",152
"2019-09-15 02:45:27",152
"2019-09-15 03:45:26",152
"2019-09-15 04:45:23",152
"2019-09-15 05:45:21",152
"2019-09-15 06:45:27",152
"2019-09-15 07:45:25",152
"2019-09-15 08:45:26",152
"2019-09-15 09:45:23",152
"2019-09-15 10:45:23",152
"2019-09-15 11:45:24",152
"2019-09-15 12:45:25",152
"2019-09-15 13:45:25",152
"2019-09-15 14:45:23",152
"2019-09-15 15:45:21",152
"2019-09-15 16:45:25",152
"2019-09-15 17:45:19",152
"2019-09-15 18:45:22",152
"2019-09-15 19:45:23",152
"2019-09-15 20:45:21",152
"2019-09-15 21:45:26",152
"2019-09-15 22:45:22",152
"2019-09-15 23:45:21",152
"2019-09-16 00:45:25",152
"2019-09-16 01:45:22",152
"2019-09-16 02:45:26",152
"2019-09-16 03:45:26",152
"2019-09-16 04:45:22",152
"2019-09-16 05:45:25",152
"2019-09-16 06:45:25",152
"2019-09-16 07:45:22",152
"2019-09-16 08:45:25",152
"2019-09-16 09:45:24",152
"2019-09-16 10:45:22",152
"2019-09-16 11:45:20",152
"2019-09-16 13:08:59",152
"2019-09-16 13:45:24",152
"2019-09-16 14:45:30",153
"2019-09-16 15:45:26",153
"2019-09-16 16:45:29",153
"2019-09-16 17:45:24",153
"2019-09-16 18:45:27",152
"2019-09-16 19:45:33",152
"2019-09-16 20:45:33",152
"2019-09-16 21:45:27",153
"2019-09-16 22:45:29",153
"2019-09-16 23:45:29",153
"2019-09-17 00:45:27",153
"2019-09-17 01:45:24",153
"2019-09-17 02:45:27",153
"2019-09-17 03:45:28",153
"2019-09-17 04:45:25",153
"2019-09-17 05:45:25",153
"2019-09-17 06:45:23",153
"2019-09-17 07:45:26",153
"2019-09-17 08:45:24",153
"2019-09-17 09:45:29",153
"2019-09-17 10:45:28",153
"2019-09-17 11:45:26",153
"2019-09-17 12:45:26",153
"2019-09-17 13:45:29",153
"2019-09-17 14:45:26",152
"2019-09-17 15:45:26",152
"2019-09-17 16:45:29",152
"2019-09-17 17:45:24",153
"2019-09-17 18:45:26",154
"2019-09-17 19:45:25",154
"2019-09-17 20:45:26",155
"2019-09-17 21:45:25",155
"2019-09-17 22:45:27",155
"2019-09-17 23:45:25",155
"2019-09-18 00:45:26",155
"2019-09-18 01:45:25",155
"2019-09-18 02:45:23",155
"2019-09-18 03:45:24",155
"2019-09-18 04:45:32",155
"2019-09-18 05:45:25",155
"2019-09-18 06:45:27",155
"2019-09-18 07:45:25",155
"2019-09-18 08:45:27",155
"2019-09-18 09:45:26",155
"2019-09-18 10:45:25",155
"2019-09-18 11:45:24",155
"2019-09-18 13:40:35",155
"2019-09-18 13:47:49",155
"2019-09-18 14:45:27",159
"2019-09-18 15:45:29",160
"2019-09-18 16:45:30",162
"2019-09-18 17:45:24",162
"2019-09-18 18:45:23",162
"2019-09-18 19:45:28",164
"2019-09-18 20:45:24",163
"2019-09-18 21:45:25",163
"2019-09-18 22:45:27",163
"2019-09-18 23:45:29",163
"2019-09-19 00:45:22",163
"2019-09-19 01:45:25",163
"2019-09-19 02:45:29",163
"2019-09-19 03:45:27",163
"2019-09-19 04:45:23",163
"2019-09-19 05:45:27",163
"2019-09-19 06:45:28",163
"2019-09-19 07:45:22",163
"2019-09-19 08:45:26",163
"2019-09-19 09:45:25",163
"2019-09-19 10:45:25",163
"2019-09-19 11:45:21",163
"2019-09-19 13:09:01",163
"2019-09-19 13:45:30",163
"2019-09-19 14:45:23",163
"2019-09-19 15:45:26",163
"2019-09-19 16:45:33",163
"2019-09-19 17:45:27",163
"2019-09-19 18:45:28",163
"2019-09-19 19:45:21",163
"2019-09-19 20:45:28",164
"2019-09-19 21:45:23",164
"2019-09-19 22:45:28",164
"2019-09-19 23:45:23",164
"2019-09-20 00:45:29",164
"2019-09-20 01:45:32",164
"2019-09-20 02:45:22",164
"2019-09-20 03:45:27",164
"2019-09-20 04:45:26",164
"2019-09-20 05:45:29",164
"2019-09-20 06:45:24",164
"2019-09-20 07:45:24",164
"2019-09-20 08:45:29",164
"2019-09-20 09:45:23",164
"2019-09-20 10:45:22",164
"2019-09-20 11:45:27",164
"2019-09-20 12:45:27",164
"2019-09-20 13:45:21",164
"2019-09-20 14:45:26",165
"2019-09-20 15:45:26",165
"2019-09-20 16:45:25",166
"2019-09-20 17:45:29",166
"2019-09-20 18:45:22",167
"2019-09-20 19:45:27",166
"2019-09-20 20:45:20",167
"2019-09-20 21:45:22",167
"2019-09-20 22:45:26",167
"2019-09-20 23:45:20",167
"2019-09-21 00:45:20",167
"2019-09-21 01:45:21",167
"2019-09-21 02:45:25",167
"2019-09-21 03:45:27",167
"2019-09-21 04:45:19",167
"2019-09-21 05:45:25",167
"2019-09-21 06:45:25",167
"2019-09-21 07:45:20",167
"2019-09-21 08:45:20",167
"2019-09-21 09:45:24",167
"2019-09-21 10:45:20",167
"2019-09-21 11:45:23",167
"2019-09-21 12:45:26",167
"2019-09-21 13:45:26",167
"2019-09-21 14:45:22",167
"2019-09-21 15:45:20",167
"2019-09-21 16:45:26",167
"2019-09-21 17:45:23",167
"2019-09-21 18:45:21",167
"2019-09-21 19:45:22",167
"2019-09-21 20:45:21",167
"2019-09-21 21:45:21",167
"2019-09-21 22:45:21",167
"2019-09-21 23:45:24",167
"2019-09-22 00:45:20",167
"2019-09-22 01:45:22",167
"2019-09-22 02:45:23",167
"2019-09-22 03:45:21",167
"2019-09-22 04:45:25",167
"2019-09-22 05:45:21",167
"2019-09-22 06:45:25",167
"2019-09-22 07:45:25",167
"2019-09-22 08:45:21",167
"2019-09-22 09:45:25",167
"2019-09-22 10:45:21",167
"2019-09-22 11:45:20",167
"2019-09-22 12:45:23",167
"2019-09-22 13:45:21",167
"2019-09-22 14:45:25",167
"2019-09-22 15:45:20",167
"2019-09-22 16:45:26",167
"2019-09-22 17:45:21",167
"2019-09-22 18:45:21",167
"2019-09-22 19:45:26",167
"2019-09-22 20:45:21",167
"2019-09-22 21:45:22",167
"2019-09-22 22:45:20",167
"2019-09-22 23:45:21",167
"2019-09-23 00:45:24",167
"2019-09-23 01:45:21",167
"2019-09-23 02:45:20",167
"2019-09-23 03:45:25",167
"2019-09-23 04:45:23",167
"2019-09-23 05:45:22",167
"2019-09-23 06:45:24",167
"2019-09-23 07:45:21",167
"2019-09-23 08:45:24",167
"2019-09-23 09:45:23",167
"2019-09-23 10:45:24",167
"2019-09-23 11:45:26",167
"2019-09-23 12:45:25",167
"2019-09-23 13:45:22",167
"2019-09-23 14:45:26",172
"2019-09-23 15:45:21",173
"2019-09-23 16:45:26",178
"2019-09-23 17:45:21",178
"2019-09-23 18:45:27",182
"2019-09-23 19:45:21",178
"2019-09-23 20:45:22",180
"2019-09-23 21:45:23",180
"2019-09-23 22:45:25",180
"2019-09-23 23:45:20",180
"2019-09-24 00:45:24",180
"2019-09-24 01:45:22",180
"2019-09-24 03:45:26",180
"2019-09-24 04:45:21",180
"2019-09-24 05:45:28",180
"2019-09-24 06:45:23",180
"2019-09-24 07:45:23",180
"2019-09-24 08:45:24",180
"2019-09-24 09:45:20",180
"2019-09-24 10:45:23",180
"2019-09-24 11:45:25",180
"2019-09-24 12:45:26",180
"2019-09-24 13:45:22",180
"2019-09-24 14:45:24",195
"2019-09-24 15:45:27",199
"2019-09-24 16:45:25",199
"2019-09-24 17:45:25",198
"2019-09-24 18:45:26",200
"2019-09-24 19:45:21",201
"2019-09-24 20:45:23",203
"2019-09-24 21:45:25",203
"2019-09-24 22:45:21",203
"2019-09-24 23:45:20",203
"2019-09-25 00:45:24",203
"2019-09-25 01:45:27",203
"2019-09-25 02:45:20",203
"2019-09-25 03:45:28",203
"2019-09-25 04:45:25",203
"2019-09-25 05:45:22",203
"2019-09-25 06:45:24",203
"2019-09-25 07:45:28",203
"2019-09-25 08:45:25",203
"2019-09-25 09:45:25",203
"2019-09-25 10:45:25",203
"2019-09-25 11:45:23",203
"2019-09-25 12:45:27",203
"2019-09-25 13:45:28",203
"2019-09-25 14:45:27",206
"2019-09-25 15:45:27",204
"2019-09-25 16:45:26",205
"2019-09-25 17:45:25",208
"2019-09-25 18:45:24",209
"2019-09-25 19:45:30",210
"2019-09-25 20:45:21",210
"2019-09-25 21:45:24",210
"2019-09-25 22:45:22",210
"2019-09-25 23:45:26",210
"2019-09-26 00:45:24",210
"2019-09-26 01:45:22",210
"2019-09-26 02:45:26",210
"2019-09-26 03:45:24",210
"2019-09-26 04:45:28",210
"2019-09-26 05:45:26",210
"2019-09-26 06:45:24",210
"2019-09-26 07:45:21",210
"2019-09-26 08:45:25",210
"2019-09-26 09:45:25",210
"2019-09-26 10:45:22",210
"2019-09-26 11:45:21",210
"2019-09-26 13:08:30",210
"2019-09-26 13:45:31",210
"2019-09-26 14:45:26",211
"2019-09-26 15:45:28",213
"2019-09-26 16:45:28",214
"2019-09-26 17:45:28",216
"2019-09-26 18:45:32",215
"2019-09-26 19:45:25",215
"2019-09-26 20:45:23",216
"2019-09-26 21:45:28",216
"2019-09-26 22:45:27",216
"2019-09-26 23:45:25",216
"2019-09-27 00:45:26",216
"2019-09-27 01:45:22",216
"2019-09-27 02:45:38",216
"2019-09-27 03:45:25",216
"2019-09-27 04:45:22",216
"2019-09-27 05:45:25",216
"2019-09-27 06:45:26",216
"2019-09-27 07:45:31",216
"2019-09-27 08:45:24",216
"2019-09-27 09:45:24",216
"2019-09-27 10:45:26",216
"2019-09-27 11:45:24",216
"2019-09-27 13:09:30",216
"2019-09-27 13:45:29",216
"2019-09-27 14:45:27",215
"2019-09-27 15:45:26",215
"2019-09-27 16:45:27",214
"2019-09-27 17:45:27",212
"2019-09-27 18:45:22",210
"2019-09-27 19:45:27",209
"2019-09-27 20:45:20",211
"2019-09-27 21:45:23",211
"2019-09-27 22:45:29",211
"2019-09-27 23:45:24",211
"2019-09-28 00:45:23",211
"2019-09-28 01:45:28",211
"2019-09-28 02:45:26",211
"2019-09-28 03:45:26",211
"2019-09-28 04:45:25",211
"2019-09-28 05:45:28",211
"2019-09-28 06:45:21",211
"2019-09-28 07:45:29",211
"2019-09-28 08:45:23",211
"2019-09-28 09:45:25",211
"2019-09-28 10:45:21",211
"2019-09-28 11:45:24",211
"2019-09-28 12:45:26",211
"2019-09-28 13:45:28",211
"2019-09-28 14:45:22",211
"2019-09-28 15:45:21",211
"2019-09-28 16:45:27",211
"2019-09-28 17:45:27",211
"2019-09-28 18:45:21",211
"2019-09-28 19:45:23",211
"2019-09-28 20:45:26",211
"2019-09-28 21:45:23",211
"2019-09-28 22:45:26",211
"2019-09-28 23:45:22",211
"2019-09-29 00:45:22",211
"2019-09-29 01:45:26",211
"2019-09-29 02:45:26",211
"2019-09-29 03:45:26",211
"2019-09-29 04:45:23",211
"2019-09-29 05:45:26",211
"2019-09-29 06:45:22",211
"2019-09-29 07:45:25",211
"2019-09-29 08:45:23",211
"2019-09-29 09:45:25",211
"2019-09-29 10:45:22",211
"2019-09-29 11:45:25",211
"2019-09-29 12:45:22",211
"2019-09-29 13:45:22",211
"2019-09-29 14:45:24",211
"2019-09-29 15:45:22",211
"2019-09-29 16:45:26",211
"2019-09-29 17:45:29",211
"2019-09-29 18:45:23",211
"2019-09-29 19:45:31",211
"2019-09-29 20:45:27",211
"2019-09-29 21:45:23",211
"2019-09-29 22:45:25",211
"2019-09-29 23:45:27",211
"2019-09-30 00:45:20",211
"2019-09-30 01:45:26",211
"2019-09-30 02:45:22",211
"2019-09-30 03:45:26",211
"2019-09-30 04:45:23",211
"2019-09-30 05:45:24",211
"2019-09-30 06:45:22",211
"2019-09-30 07:45:27",211
"2019-09-30 08:45:23",211
"2019-09-30 09:45:26",211
"2019-09-30 10:45:21",211
"2019-09-30 11:45:21",211
"2019-09-30 12:45:26",211
"2019-09-30 13:45:22",211
"2019-09-30 14:45:28",211
"2019-09-30 15:45:25",213
"2019-09-30 16:45:32",213
"2019-09-30 17:45:25",213
"2019-09-30 18:45:29",213
"2019-09-30 19:45:23",214
"2019-09-30 20:45:21",216
"2019-09-30 21:45:25",216
"2019-09-30 22:45:21",216
"2019-09-30 23:45:25",216
"2019-10-01 00:45:23",216
"2019-10-01 01:45:22",216
"2019-10-01 02:45:25",216
"2019-10-01 03:45:26",216
"2019-10-01 04:45:20",216
"2019-10-01 05:45:21",216
"2019-10-01 06:45:23",216
"2019-10-01 07:45:27",216
"2019-10-01 08:45:21",216
"2019-10-01 09:45:28",216
"2019-10-01 10:45:23",216
"2019-10-01 11:45:22",216
"2019-10-01 13:08:28",216
"2019-10-01 13:45:28",216
"2019-10-01 14:45:23",214
"2019-10-01 15:45:23",210
"2019-10-01 16:45:27",209
"2019-10-01 17:45:21",210
"2019-10-01 18:45:27",210
"2019-10-01 19:45:25",208
"2019-10-01 20:45:21",208
"2019-10-01 21:45:23",208
"2019-10-01 22:45:25",208
"2019-10-01 23:45:23",208
"2019-10-02 00:45:42",208
"2019-10-02 01:45:23",208
"2019-10-02 02:45:21",208
"2019-10-02 03:45:23",208
"2019-10-02 04:45:28",208
"2019-10-02 05:45:26",208
"2019-10-02 06:45:21",208
"2019-10-02 07:45:21",208
"2019-10-02 08:45:21",208
"2019-10-02 09:45:25",208
"2019-10-02 10:45:20",208
"2019-10-02 11:45:20",208
"2019-10-02 13:08:58",208
"2019-10-02 13:45:24",208
"2019-10-02 14:45:23",206
"2019-10-02 15:45:25",200
"2019-10-02 16:45:20",198
"2019-10-02 17:45:21",197
"2019-10-02 18:45:22",197
"2019-10-02 19:45:22",195
"2019-10-02 20:45:22",194
"2019-10-02 21:45:23",194
"2019-10-02 22:45:25",194
"2019-10-02 23:45:20",194
"2019-10-03 00:45:20",194
"2019-10-03 01:45:21",194
"2019-10-03 02:45:21",194
"2019-10-03 03:45:24",194
"2019-10-03 04:45:22",194
"2019-10-03 06:45:21",194
"2019-10-03 07:45:25",194
"2019-10-03 08:45:23",194
"2019-10-03 09:45:21",194
"2019-10-03 10:45:25",194
"2019-10-03 11:45:21",194
"2019-10-03 13:08:54",194
"2019-10-03 13:46:37",194
"2019-10-03 14:45:25",194
"2019-10-03 15:45:20",194
"2019-10-03 16:45:21",193
"2019-10-03 17:45:23",193
"2019-10-03 18:45:23",194
"2019-10-03 19:45:22",193
"2019-10-03 20:45:21",192
"2019-10-03 21:45:21",192
"2019-10-03 22:45:21",192
"2019-10-03 23:45:25",192
"2019-10-04 00:45:21",192
"2019-10-04 01:45:21",192
"2019-10-04 02:45:20",192
"2019-10-04 03:45:22",192
"2019-10-04 04:45:22",192
"2019-10-04 05:45:26",192
"2019-10-04 06:45:25",192
"2019-10-04 07:45:21",192
"2019-10-04 08:45:23",192
"2019-10-04 09:45:21",192
"2019-10-04 10:45:24",192
"2019-10-04 11:45:21",192
"2019-10-04 12:45:22",192
"2019-10-04 13:45:26",192
"2019-10-04 14:45:21",193
"2019-10-04 15:45:22",193
"2019-10-04 16:45:25",193
"2019-10-04 17:45:21",193
"2019-10-04 18:45:23",192
"2019-10-04 19:45:22",192
"2019-10-04 20:45:22",192
"2019-10-04 21:45:24",192
"2019-10-04 22:45:20",192
"2019-10-04 23:45:20",192
"2019-10-05 00:45:24",192
"2019-10-05 01:45:21",192
"2019-10-05 02:45:21",192
"2019-10-05 03:45:20",192
"2019-10-05 04:45:20",192
"2019-10-05 05:45:26",192
"2019-10-05 06:45:20",192
"2019-10-05 07:45:21",192
"2019-10-05 08:45:24",192
"2019-10-05 09:45:21",192
"2019-10-05 10:45:21",192
"2019-10-05 11:45:22",192
"2019-10-05 12:45:22",192
"2019-10-05 13:45:23",192
"2019-10-05 14:45:22",192
"2019-10-05 15:45:20",192
"2019-10-05 16:45:22",192
"2019-10-05 17:45:27",192
"2019-10-05 18:45:22",192
"2019-10-05 19:45:21",192
"2019-10-05 20:45:24",192
"2019-10-05 21:45:21",192
"2019-10-05 22:45:21",192
"2019-10-05 23:45:22",192
"2019-10-06 00:45:21",192
"2019-10-06 01:45:22",192
"2019-10-06 02:45:30",192
"2019-10-06 03:45:24",192
"2019-10-06 04:45:21",192
"2019-10-06 05:45:21",192
"2019-10-06 06:45:26",192
"2019-10-06 07:45:22",192
"2019-10-06 08:45:25",192
"2019-10-06 09:45:23",192
"2019-10-06 10:45:22",192
"2019-10-06 11:45:23",192
"2019-10-06 12:45:23",192
"2019-10-06 13:45:20",192
"2019-10-06 14:45:23",192
"2019-10-06 15:45:20",192
"2019-10-06 16:45:21",192
"2019-10-06 17:45:21",192
"2019-10-06 18:45:25",192
"2019-10-06 19:45:24",192
"2019-10-06 20:45:20",192
"2019-10-06 21:45:20",192
"2019-10-06 22:45:19",192
"2019-10-06 23:45:20",192
"2019-10-07 00:45:21",192
"2019-10-07 01:45:23",192
"2019-10-07 02:45:24",192
"2019-10-07 03:45:22",192
"2019-10-07 04:45:22",192
"2019-10-07 05:45:21",192
"2019-10-07 06:45:22",192
"2019-10-07 07:45:21",192
"2019-10-07 08:45:21",192
"2019-10-07 09:45:28",192
"2019-10-07 10:45:21",192
"2019-10-07 11:45:21",192
"2019-10-07 12:45:32",192
"2019-10-07 13:45:24",192
"2019-10-07 14:45:21",191
"2019-10-07 15:45:23",192
"2019-10-07 16:45:24",193
"2019-10-07 17:45:21",193
"2019-10-07 18:45:22",193
"2019-10-07 19:45:25",192
"2019-10-07 20:45:20",193
"2019-10-07 21:45:20",193
"2019-10-07 22:45:20",193
"2019-10-07 23:45:26",193
"2019-10-08 00:45:21",193
"2019-10-08 01:45:21",193
"2019-10-08 02:45:20",193
"2019-10-08 03:45:25",193
"2019-10-08 04:45:22",193
"2019-10-08 05:45:20",193
"2019-10-08 06:45:23",193
"2019-10-08 07:45:22",193
"2019-10-08 08:45:21",193
"2019-10-08 09:45:22",193
"2019-10-08 10:45:24",193
"2019-10-08 11:45:20",193
"2019-10-08 12:45:23",193
"2019-10-08 13:45:23",193
"2019-10-08 14:45:20",196
"2019-10-08 15:45:22",195
"2019-10-08 16:45:26",195
"2019-10-08 17:45:24",195
"2019-10-08 18:45:23",195
"2019-10-08 19:45:24",195
"2019-10-08 20:45:20",195
"2019-10-08 21:45:21",195
"2019-10-08 22:45:23",195
"2019-10-08 23:45:22",195
"2019-10-09 00:45:21",195
"2019-10-09 01:45:22",195
"2019-10-09 02:45:22",195
"2019-10-09 03:45:20",195
"2019-10-09 04:45:24",195
"2019-10-09 05:45:21",195
"2019-10-09 06:45:22",195
"2019-10-09 07:45:28",195
"2019-10-09 08:45:22",195
"2019-10-09 09:45:20",195
"2019-10-09 10:45:23",195
"2019-10-09 11:45:20",195
"2019-10-09 12:45:27",195
"2019-10-09 13:45:22",195
"2019-10-09 14:45:23",196
"2019-10-09 15:45:29",196
"2019-10-09 16:45:23",196
"2019-10-09 17:45:33",197
"2019-10-09 18:45:26",197
"2019-10-09 19:45:28",197
"2019-10-09 20:45:22",198
"2019-10-09 21:45:20",198
"2019-10-09 22:45:22",198
"2019-10-09 23:45:23",198
"2019-10-10 00:45:26",198
"2019-10-10 01:45:21",198
"2019-10-10 02:45:24",198
"2019-10-10 03:45:22",198
"2019-10-10 04:45:22",198
"2019-10-10 05:45:28",198
"2019-10-10 06:45:23",198
"2019-10-10 07:45:26",198
"2019-10-10 08:45:22",198
"2019-10-10 09:45:20",198
"2019-10-10 10:45:21",198
"2019-10-10 11:45:24",198
"2019-10-10 13:08:32",198
"2019-10-10 13:45:26",198
"2019-10-10 14:45:22",198
"2019-10-10 15:45:24",200
"2019-10-10 16:45:22",199
"2019-10-10 17:45:23",200
"2019-10-10 18:45:21",201
"2019-10-10 19:45:23",201
"2019-10-10 20:45:23",201
"2019-10-10 21:45:24",201
"2019-10-10 22:45:23",201
"2019-10-10 23:45:36",201
"2019-10-11 00:45:23",201
"2019-10-11 01:45:23",201
"2019-10-11 02:45:24",201
"2019-10-11 03:45:29",201
"2019-10-11 04:45:22",201
"2019-10-11 05:45:21",201
"2019-10-11 06:45:25",201
"2019-10-11 07:45:24",201
"2019-10-11 08:45:22",201
"2019-10-11 09:45:27",201
"2019-10-11 10:45:22",201
"2019-10-11 11:45:23",201
"2019-10-11 13:09:00",201
"2019-10-11 13:45:27",201
"2019-10-11 14:45:23",200
"2019-10-11 15:45:34",200
"2019-10-11 16:45:26",200
"2019-10-11 17:45:24",199
"2019-10-11 18:45:27",200
"2019-10-11 19:45:26",200
"2019-10-11 20:45:23",199
"2019-10-11 21:45:23",199
"2019-10-11 22:45:23",199
"2019-10-11 23:45:23",199
"2019-10-12 00:45:29",199
"2019-10-12 01:45:22",199
"2019-10-12 02:45:24",199
"2019-10-12 03:45:27",199
"2019-10-12 04:45:23",199
"2019-10-12 05:45:28",199
"2019-10-12 06:45:31",199
"2019-10-12 07:45:22",199
"2019-10-12 08:45:23",199
"2019-10-12 09:45:27",199
"2019-10-12 10:45:23",199
"2019-10-12 11:45:22",199
"2019-10-12 12:45:30",199
"2019-10-12 13:45:23",199
"2019-10-12 14:45:24",199
"2019-10-12 15:45:23",199
"2019-10-12 16:45:27",199
"2019-10-12 17:45:28",199
"2019-10-12 18:45:23",199
"2019-10-12 19:45:24",199
"2019-10-12 20:45:25",199
"2019-10-12 21:45:23",199
"2019-10-12 22:45:24",199
"2019-10-12 23:45:23",199
"2019-10-13 00:45:28",199
"2019-10-13 01:45:24",199
"2019-10-13 02:45:23",199
"2019-10-13 03:45:27",199
"2019-10-13 04:45:22",199
"2019-10-13 05:45:23",199
"2019-10-13 06:45:25",199
"2019-10-13 07:45:23",199
"2019-10-13 08:45:29",199
"2019-10-13 09:45:27",199
"2019-10-13 10:45:21",199
"2019-10-13 11:45:27",199
"2019-10-13 12:45:22",199
"2019-10-13 13:45:28",199
"2019-10-13 14:45:27",199
"2019-10-13 15:45:23",199
"2019-10-13 16:45:31",199
"2019-10-13 17:45:24",199
"2019-10-13 18:45:26",199
"2019-10-13 19:45:26",199
"2019-10-13 20:45:29",199
"2019-10-13 21:45:28",199
"2019-10-13 22:45:27",199
"2019-10-13 23:45:31",199
"2019-10-14 00:45:24",199
"2019-10-14 01:45:27",199
"2019-10-14 02:45:24",199
"2019-10-14 03:45:26",199
"2019-10-14 04:45:24",199
"2019-10-14 05:45:23",199
"2019-10-14 06:45:26",199
"2019-10-14 07:45:22",199
"2019-10-14 08:45:23",199
"2019-10-14 09:45:27",199
"2019-10-14 10:45:24",199
"2019-10-14 11:45:26",199
"2019-10-14 12:45:27",199
"2019-10-14 13:45:25",199
"2019-10-14 14:45:24",201
"2019-10-14 15:45:24",199
"2019-10-14 16:45:29",200
"2019-10-14 17:45:22",199
"2019-10-14 18:45:28",199
"2019-10-14 19:45:22",199
"2019-10-14 20:45:24",199
"2019-10-14 21:45:25",199
"2019-10-14 22:45:27",199
"2019-10-14 23:45:34",199
"2019-10-15 00:45:23",199
"2019-10-15 02:45:29",199
"2019-10-15 03:45:23",199
"2019-10-15 04:45:22",199
"2019-10-15 05:45:27",199
"2019-10-15 06:45:26",199
"2019-10-15 07:45:31",199
"2019-10-15 08:45:25",199
"2019-10-15 09:45:23",199
"2019-10-15 10:45:24",199
"2019-10-15 11:45:28",199
"2019-10-15 12:45:25",199
"2019-10-15 13:45:32",199
"2019-10-15 14:45:23",200
"2019-10-15 15:45:23",199
"2019-10-15 16:45:25",199
"2019-10-15 17:45:28",199
"2019-10-15 18:45:31",200
"2019-10-15 19:45:29",199
"2019-10-15 20:45:33",197
"2019-10-15 21:45:26",197
"2019-10-15 22:45:23",197
"2019-10-15 23:45:23",197
"2019-10-16 00:45:25",197
"2019-10-16 01:45:23",197
"2019-10-16 02:45:25",197
"2019-10-16 03:45:31",197
"2019-10-16 04:45:25",197
"2019-10-16 05:45:25",197
"2019-10-16 06:45:25",197
"2019-10-16 07:45:33",197
"2019-10-16 08:45:34",197
"2019-10-16 09:45:24",197
"2019-10-16 10:45:28",197
"2019-10-16 11:45:23",197
"2019-10-16 12:45:25",197
"2019-10-16 13:45:31",197
"2019-10-16 14:45:24",198
"2019-10-16 15:45:34",197
"2019-10-16 16:45:24",197
"2019-10-16 17:45:23",197
"2019-10-16 18:45:26",196
"2019-10-16 19:45:23",198
"2019-10-16 20:45:25",198
"2019-10-16 21:45:26",198
"2019-10-16 22:45:22",198
"2019-10-16 23:45:24",198
"2019-10-17 00:45:23",198
"2019-10-17 01:45:26",198
"2019-10-17 02:45:24",198
"2019-10-17 04:45:28",198
"2019-10-17 05:45:23",198
"2019-10-17 06:45:23",198
"2019-10-17 07:45:29",198
"2019-10-17 08:45:24",198
"2019-10-17 09:45:22",198
"2019-10-17 10:45:22",198
"2019-10-17 11:45:28",198
"2019-10-17 12:45:26",198
"2019-10-17 13:45:28",198
"2019-10-17 14:45:29",200
"2019-10-17 15:45:23",201
"2019-10-17 16:45:23",201
"2019-10-17 17:45:25",201
"2019-10-17 18:45:24",201
"2019-10-17 19:45:28",201
"2019-10-17 20:45:24",201
"2019-10-17 21:45:24",201
"2019-10-17 22:45:24",201
"2019-10-17 23:45:25",201
"2019-10-18 00:45:24",201
"2019-10-18 01:45:24",201
"2019-10-18 02:45:23",201
"2019-10-18 03:45:29",201
"2019-10-18 04:45:23",201
"2019-10-18 05:45:24",201
"2019-10-18 06:45:30",201
"2019-10-18 07:45:25",201
"2019-10-18 08:45:27",201
"2019-10-18 09:45:25",201
"2019-10-18 10:45:29",201
"2019-10-18 11:45:25",201
"2019-10-18 13:08:00",201
"2019-10-18 13:45:23",201
"2019-10-18 14:45:24",202
"2019-10-18 15:45:28",203
"2019-10-18 16:45:22",202
"2019-10-18 17:45:26",201
"2019-10-18 18:45:23",201
"2019-10-18 19:45:24",201
"2019-10-18 20:45:27",202
"2019-10-18 21:45:23",202
"2019-10-18 22:45:23",202
"2019-10-18 23:45:24",202
"2019-10-19 00:45:23",202
"2019-10-19 01:45:28",202
"2019-10-19 02:45:24",202
"2019-10-19 03:45:23",202
"2019-10-19 04:45:26",202
"2019-10-19 05:45:23",202
"2019-10-19 06:45:27",202
"2019-10-19 07:45:25",202
"2019-10-19 08:45:24",202
"2019-10-19 09:45:26",202
"2019-10-19 10:45:27",202
"2019-10-19 11:45:23",202
"2019-10-19 12:45:29",202
"2019-10-19 13:45:22",202
"2019-10-19 14:45:24",202
"2019-10-19 15:45:24",202
"2019-10-19 16:45:29",202
"2019-10-19 17:45:23",202
"2019-10-19 18:45:23",202
"2019-10-19 19:45:28",202
"2019-10-19 20:45:24",202
"2019-10-19 21:45:22",202
"2019-10-19 22:45:23",202
"2019-10-19 23:45:23",202
"2019-10-20 00:45:24",202
"2019-10-20 01:45:23",202
"2019-10-20 02:45:27",202
"2019-10-20 03:45:23",202
"2019-10-20 04:45:25",202
"2019-10-20 05:45:27",202
"2019-10-20 06:45:26",202
"2019-10-20 07:45:28",202
"2019-10-20 08:45:24",202
"2019-10-20 09:45:24",202
"2019-10-20 10:45:27",202
"2019-10-20 11:45:24",202
"2019-10-20 12:45:29",202
"2019-10-20 13:45:23",202
"2019-10-20 14:45:22",202
"2019-10-20 16:45:27",202
"2019-10-20 17:45:23",202
"2019-10-20 18:45:24",202
"2019-10-20 19:45:22",202
"2019-10-20 20:45:21",202
"2019-10-20 21:45:22",202
"2019-10-20 22:45:23",202
"2019-10-20 23:45:24",202
"2019-10-21 00:45:24",202
"2019-10-21 01:45:27",202
"2019-10-21 02:45:24",202
"2019-10-21 03:45:24",202
"2019-10-21 04:45:23",202
"2019-10-21 05:45:29",202
"2019-10-21 06:45:23",202
"2019-10-21 07:45:26",202
"2019-10-21 08:45:27",202
"2019-10-21 09:45:24",202
"2019-10-21 10:45:24",202
"2019-10-21 11:45:27",202
"2019-10-21 13:08:56",202
"2019-10-21 13:45:31",202
"2019-10-21 14:45:24",203
"2019-10-21 15:45:27",204
"2019-10-21 16:45:27",202
"2019-10-21 17:45:23",202
"2019-10-21 18:45:25",202
"2019-10-21 19:45:25",201
"2019-10-21 20:45:23",201
"2019-10-21 22:45:29",201
"2019-10-21 23:45:23",201
"2019-10-22 00:45:23",201
"2019-10-22 01:45:25",201
"2019-10-22 02:45:27",201
"2019-10-22 03:45:30",201
"2019-10-22 04:45:28",201
"2019-10-22 05:45:24",201
"2019-10-22 06:45:24",201
"2019-10-22 07:45:30",201
"2019-10-22 08:45:24",201
"2019-10-22 09:45:28",201
"2019-10-22 10:45:24",201
"2019-10-22 11:45:22",201
"2019-10-22 12:45:34",201
"2019-10-22 13:45:24",201
"2019-10-22 14:45:24",200
"2019-10-22 15:45:30",201
"2019-10-22 16:45:29",201
"2019-10-22 17:45:29",203
"2019-10-22 18:45:27",205
"2019-10-22 19:45:23",210
"2019-10-22 20:45:26",210
"2019-10-22 21:45:25",210
"2019-10-22 22:45:26",210
"2019-10-22 23:45:26",210
"2019-10-23 00:45:34",210
"2019-10-23 01:45:28",210
"2019-10-23 02:45:24",210
"2019-10-23 03:45:24",210
"2019-10-23 04:45:31",210
"2019-10-23 05:45:26",210
"2019-10-23 06:45:36",210
"2019-10-23 07:45:28",210
"2019-10-23 08:45:26",210
"2019-10-23 09:45:30",210
"2019-10-23 10:45:26",210
"2019-10-23 11:45:24",210
"2019-10-23 12:45:32",210
"2019-10-23 13:45:32",210
"2019-10-23 14:45:25",210
"2019-10-23 15:45:23",209
"2019-10-23 16:45:27",210
"2019-10-23 17:45:24",212
"2019-10-23 18:45:23",211
"2019-10-23 19:45:24",214
"2019-10-23 20:45:27",213
"2019-10-23 21:45:24",213
"2019-10-23 22:45:25",213
"2019-10-23 23:45:25",213
"2019-10-24 00:59:19",213
"2019-10-24 01:45:26",213
"2019-10-24 02:45:28",213
"2019-10-24 03:45:30",213
"2019-10-24 04:45:25",213
"2019-10-24 05:45:29",213
"2019-10-24 06:45:33",213
"2019-10-24 07:45:25",213
"2019-10-24 08:45:25",213
"2019-10-24 09:45:29",213
"2019-10-24 10:45:24",213
"2019-10-24 11:45:23",213
"2019-10-24 13:09:01",213
"2019-10-24 13:45:26",213
"2019-10-24 14:45:24",209
"2019-10-24 15:45:29",207
"2019-10-24 16:45:25",207
"2019-10-24 17:45:26",208
"2019-10-24 18:45:25",208
"2019-10-24 19:45:29",209
"2019-10-24 20:45:23",209
"2019-10-24 21:45:25",209
"2019-10-24 22:45:24",209
"2019-10-24 23:45:27",209
"2019-10-25 00:45:25",209
"2019-10-25 01:45:26",209
"2019-10-25 02:45:31",209
"2019-10-25 03:45:26",209
"2019-10-25 04:45:23",209
"2019-10-25 05:45:29",209
"2019-10-25 06:45:26",209
"2019-10-25 07:45:28",209
"2019-10-25 08:45:28",209
"2019-10-25 09:45:24",209
"2019-10-25 10:45:24",209
"2019-10-25 11:45:33",209
"2019-10-25 13:08:57",209
"2019-10-25 13:45:29",209
"2019-10-25 14:45:32",208
"2019-10-25 15:45:24",207
"2019-10-25 16:45:32",203
"2019-10-25 17:45:25",203
"2019-10-25 18:45:25",203
"2019-10-25 19:45:24",201
"2019-10-25 20:45:24",201
"2019-10-25 21:45:24",201
"2019-10-25 22:45:24",201
"2019-10-25 23:45:25",201
"2019-10-26 00:45:28",201
"2019-10-26 01:45:30",201
"2019-10-26 02:45:26",201
"2019-10-26 03:45:26",201
"2019-10-26 04:45:30",201
"2019-10-26 05:45:24",201
"2019-10-26 06:45:22",201
"2019-10-26 07:45:31",201
"2019-10-26 08:45:24",201
"2019-10-26 09:45:24",201
"2019-10-26 10:45:23",201
"2019-10-26 11:45:28",201
"2019-10-26 12:45:24",201
"2019-10-26 13:45:27",201
"2019-10-26 14:45:27",201
"2019-10-26 15:45:28",201
"2019-10-26 16:45:27",201
"2019-10-26 17:45:28",201
"2019-10-26 18:45:29",201
"2019-10-26 19:45:28",201
"2019-10-26 20:45:26",201
"2019-10-26 21:45:28",201
"2019-10-26 22:45:26",201
"2019-10-26 23:45:27",201
"2019-10-27 00:45:28",201
"2019-10-27 01:45:25",201
"2019-10-27 02:45:28",201
"2019-10-27 03:45:28",201
"2019-10-27 04:45:24",201
"2019-10-27 05:45:30",201
"2019-10-27 06:45:26",201
"2019-10-27 07:45:24",201
"2019-10-27 08:45:25",201
"2019-10-27 09:45:24",201
"2019-10-27 10:45:23",201
"2019-10-27 11:45:23",201
"2019-10-27 12:45:27",201
"2019-10-27 13:45:24",201
"2019-10-27 14:45:23",201
"2019-10-27 15:45:32",201
"2019-10-27 16:45:24",201
"2019-10-27 17:45:24",201
"2019-10-27 18:45:28",201
"2019-10-27 19:45:27",201
"2019-10-27 20:45:29",201
"2019-10-27 21:45:24",201
"2019-10-27 22:45:23",201
"2019-10-27 23:45:23",201
"2019-10-28 00:45:23",201
"2019-10-28 01:45:25",201
"2019-10-28 02:45:26",201
"2019-10-28 03:45:28",201
"2019-10-28 04:45:23",201
"2019-10-28 05:45:23",201
"2019-10-28 06:45:27",201
"2019-10-28 07:45:26",201
"2019-10-28 08:45:25",201
"2019-10-28 09:45:24",201
"2019-10-28 10:45:30",201
"2019-10-28 11:45:22",201
"2019-10-28 12:45:30",201
"2019-10-28 14:45:29",198
"2019-10-28 15:45:36",198
"2019-10-28 16:45:34",191
"2019-10-28 17:45:28",191
"2019-10-28 18:45:29",188
"2019-10-28 19:45:29",184
"2019-10-28 23:45:27",183
"2019-10-29 00:45:25",183
"2019-10-29 01:45:31",183
"2019-10-29 02:45:28",183
"2019-10-29 03:45:31",183
"2019-10-29 04:45:26",183
"2019-10-29 05:45:28",183
"2019-10-29 06:45:29",183
"2019-10-29 07:45:28",183
"2019-10-29 08:45:28",183
"2019-10-29 09:45:25",183
"2019-10-29 10:45:29",183
"2019-10-29 11:45:25",183
"2019-10-29 12:45:26",183
"2019-10-29 13:45:34",183
"2019-10-29 14:45:26",182
"2019-10-29 15:45:27",181
"2019-10-29 16:45:30",181
"2019-10-29 17:45:24",180
"2019-10-29 18:45:29",181
"2019-10-29 19:45:28",180
"2019-10-29 20:45:25",181
"2019-10-29 21:45:29",181
"2019-10-29 22:45:26",181
"2019-10-29 23:45:26",181
"2019-10-30 00:45:33",181
"2019-10-30 01:45:27",181
"2019-10-30 02:45:26",181
"2019-10-30 03:45:26",181
"2019-10-30 04:45:31",181
"2019-10-30 05:45:32",181
"2019-10-30 06:45:27",181
"2019-10-30 07:45:37",181
"2019-10-30 08:45:27",181
"2019-10-30 09:45:28",181
"2019-10-30 10:45:31",181
"2019-10-30 11:45:24",181
"2019-10-30 13:46:03",181
"2019-10-30 14:45:24",180
"2019-10-30 15:45:24",181
"2019-10-30 16:45:27",182
"2019-10-30 17:45:26",183
"2019-10-30 18:45:25",183
"2019-10-30 19:45:24",182
"2019-10-30 20:45:28",183
"2019-10-30 21:45:25",183
"2019-10-30 22:45:25",183
"2019-10-30 23:45:24",183
"2019-10-31 00:45:25",183
"2019-10-31 01:45:26",183
"2019-10-31 02:45:24",183
"2019-10-31 03:45:28",183
"2019-10-31 04:45:25",183
"2019-10-31 05:45:25",183
"2019-10-31 06:45:29",183
"2019-10-31 07:45:27",183
"2019-10-31 08:45:26",183
"2019-10-31 09:45:30",183
"2019-10-31 10:45:26",183
"2019-10-31 11:45:27",183
"2019-10-31 13:10:31",183
"2019-10-31 13:45:28",183
"2019-10-31 14:45:26",182
"2019-10-31 15:45:29",183
"2019-10-31 16:45:28",182
"2019-10-31 17:45:27",182
"2019-10-31 18:45:25",182
"2019-10-31 19:45:25",182
"2019-10-31 20:45:28",182
"2019-10-31 22:08:30",182
"2019-10-31 22:45:32",182
"2019-10-31 23:45:25",182
"2019-11-01 00:45:25",182
"2019-11-01 01:45:25",182
"2019-11-01 02:45:26",182
"2019-11-01 03:45:30",182
"2019-11-01 04:45:26",182
"2019-11-01 05:45:30",182
"2019-11-01 06:45:24",182
"2019-11-01 07:45:32",182
"2019-11-01 08:45:26",182
"2019-11-01 09:45:29",182
"2019-11-01 10:45:29",182
"2019-11-01 11:45:31",182
"2019-11-01 13:41:37",183
"2019-11-01 13:50:53",183
"2019-11-01 14:45:26",183
"2019-11-01 15:45:24",181
"2019-11-01 16:45:30",179
"2019-11-01 17:45:28",179
"2019-11-01 18:45:32",180
"2019-11-01 19:45:25",179
"2019-11-01 20:45:25",180
"2019-11-01 21:45:24",180
"2019-11-01 22:45:24",180
"2019-11-01 23:45:24",180
"2019-11-02 00:45:29",180
"2019-11-02 01:45:26",180
"2019-11-02 02:45:25",180
"2019-11-02 03:45:31",180
"2019-11-02 04:45:25",180
"2019-11-02 05:45:26",180
"2019-11-02 06:45:28",180
"2019-11-02 07:45:24",180
"2019-11-02 08:45:25",180
"2019-11-02 09:45:24",180
"2019-11-02 10:45:28",180
"2019-11-02 11:45:24",180
"2019-11-02 12:45:31",180
"2019-11-02 13:45:26",180
"2019-11-02 14:45:27",180
"2019-11-02 15:45:30",180
"2019-11-02 16:45:25",180
"2019-11-02 17:45:25",180
"2019-11-02 18:45:26",180
"2019-11-02 19:45:25",180
"2019-11-02 20:45:25",180
"2019-11-02 23:45:27",180
"2019-11-03 00:45:24",180
"2019-11-03 01:45:26",180
"2019-11-03 03:45:27",180
"2019-11-03 05:45:28",180
"2019-11-03 06:45:24",180
"2019-11-03 07:45:26",180
"2019-11-03 21:45:28",180
"2019-11-03 22:45:24",180
"2019-11-03 23:45:29",180
"2019-11-04 00:45:24",180
"2019-11-04 01:45:25",180
"2019-11-04 02:45:24",180
"2019-11-04 03:45:24",180
"2019-11-04 04:45:24",180
"2019-11-04 05:45:28",180
"2019-11-04 06:45:26",180
"2019-11-04 07:45:23",180
"2019-11-04 08:45:24",180
"2019-11-04 09:45:27",180
"2019-11-04 10:45:24",180
"2019-11-04 11:45:23",180
"2019-11-04 12:45:24",180
"2019-11-04 14:10:58",180
"2019-11-04 15:45:25",182
"2019-11-04 16:45:26",182
"2019-11-04 17:45:26",181
"2019-11-04 18:45:25",180
"2019-11-04 19:45:28",179
"2019-11-04 20:45:24",178
"2019-11-04 21:45:25",181
"2019-11-04 22:45:25",181
"2019-11-04 23:45:24",181
"2019-11-05 00:45:26",181
"2019-11-05 01:45:25",181
"2019-11-05 02:45:29",181
"2019-11-05 03:45:26",181
"2019-11-05 04:45:23",181
"2019-11-05 05:45:29",181
"2019-11-05 06:45:26",181
"2019-11-05 07:45:25",181
"2019-11-05 08:45:26",181
"2019-11-05 09:45:28",181
"2019-11-05 10:45:25",181
"2019-11-05 11:45:26",181
"2019-11-05 12:45:25",181
"2019-11-05 14:10:58",181
"2019-11-05 14:45:31",181
"2019-11-05 15:45:25",191
"2019-11-05 16:45:26",192
"2019-11-05 17:45:25",191
"2019-11-05 18:45:24",189
"2019-11-05 19:45:28",188
"2019-11-05 20:45:28",188
"2019-11-05 21:45:25",188
"2019-11-05 22:45:26",187
"2019-11-05 23:45:24",187
"2019-11-06 00:45:25",187
"2019-11-06 01:45:26",187
"2019-11-06 02:45:26",187
"2019-11-06 03:45:26",187
"2019-11-06 04:45:30",187
"2019-11-06 05:45:25",187
"2019-11-06 06:45:31",187
"2019-11-06 07:45:24",187
"2019-11-06 08:45:25",187
"2019-11-06 09:45:28",187
"2019-11-06 10:45:28",187
"2019-11-06 11:45:24",187
"2019-11-06 12:45:24",187
"2019-11-06 13:45:25",187
"2019-11-06 14:45:31",187
"2019-11-06 15:45:27",187
"2019-11-06 16:45:28",184
"2019-11-06 17:45:27",184
"2019-11-06 18:45:28",184
"2019-11-06 19:45:28",183
"2019-11-06 20:45:31",183
"2019-11-06 21:45:28",183
"2019-11-06 22:45:27",183
"2019-11-06 23:45:27",183
"2019-11-07 00:45:26",183
"2019-11-07 01:45:26",183
"2019-11-07 02:45:27",183
"2019-11-07 03:45:26",183
"2019-11-07 04:45:30",183
"2019-11-07 05:45:28",183
"2019-11-07 06:45:25",183
"2019-11-07 07:45:28",183
"2019-11-07 08:45:27",183
"2019-11-07 09:45:28",183
"2019-11-07 10:45:24",183
"2019-11-07 11:45:24",183
"2019-11-07 12:45:26",183
"2019-11-07 14:09:29",184
"2019-11-07 14:46:00",184
"2019-11-07 15:45:30",185
"2019-11-07 16:45:30",185
"2019-11-07 17:45:30",185
"2019-11-07 18:45:29",185
"2019-11-07 19:45:29",185
"2019-11-07 21:10:03",188
"2019-11-07 21:45:31",188
"2019-11-07 22:45:34",188
"2019-11-07 23:45:34",188
"2019-11-08 00:45:37",188
"2019-11-08 01:45:33",188
"2019-11-08 02:45:38",188
"2019-11-08 03:45:35",188
"2019-11-08 04:45:34",188
"2019-11-08 05:45:36",188
"2019-11-08 06:45:30",188
"2019-11-08 07:45:31",188
"2019-11-08 08:45:36",188
"2019-11-08 09:45:32",188
"2019-11-08 10:45:32",188
"2019-11-08 11:45:29",188
"2019-11-08 12:45:30",188
"2019-11-08 14:11:08",188
"2019-11-08 14:46:08",188
"2019-11-08 15:45:33",185
"2019-11-08 16:45:32",186
"2019-11-08 17:45:34",184
"2019-11-08 18:45:33",181
"2019-11-08 19:45:37",180
"2019-11-08 20:45:32",179
"2019-11-08 21:45:35",178
"2019-11-08 22:45:33",178
"2019-11-08 23:45:35",178
"2019-11-09 00:45:35",178
"2019-11-09 01:45:34",178
"2019-11-09 02:45:34",178
"2019-11-09 03:45:33",178
"2019-11-09 04:45:36",178
"2019-11-09 05:45:32",178
"2019-11-09 06:45:33",178
"2019-11-09 07:45:35",178
"2019-11-09 08:45:35",178
"2019-11-09 09:45:33",178
"2019-11-09 10:45:31",178
"2019-11-09 11:45:36",178
"2019-11-09 12:45:33",178
"2019-11-09 13:45:32",178
"2019-11-09 14:45:35",178
"2019-11-09 15:45:37",178
"2019-11-09 16:45:33",178
"2019-11-09 17:45:34",178
"2019-11-09 18:45:31",178
"2019-11-09 19:45:34",178
"2019-11-09 20:45:37",178
"2019-11-09 21:45:32",178
"2019-11-09 22:45:37",178
"2019-11-09 23:45:33",178
"2019-11-10 00:45:32",178
"2019-11-10 01:45:34",178
"2019-11-10 02:45:36",178
"2019-11-10 03:45:31",178
"2019-11-10 04:45:33",178
"2019-11-10 05:45:33",178
"2019-11-10 06:45:32",178
"2019-11-10 07:45:30",178
"2019-11-10 08:45:37",178
"2019-11-10 09:45:35",178
"2019-11-10 10:45:31",178
"2019-11-10 11:45:31",178
"2019-11-10 12:45:33",178
"2019-11-10 13:45:31",178
"2019-11-10 14:45:30",178
"2019-11-10 15:45:35",178
"2019-11-10 16:45:32",178
"2019-11-10 17:45:33",178
"2019-11-10 18:45:34",178
"2019-11-10 19:45:31",178
"2019-11-10 20:45:32",178
"2019-11-10 21:45:31",178
"2019-11-10 22:45:34",178
"2019-11-10 23:45:35",178
"2019-11-11 00:45:33",178
"2019-11-11 01:45:36",178
"2019-11-11 02:45:34",178
"2019-11-11 03:45:34",178
"2019-11-11 04:45:34",178
"2019-11-11 05:45:37",178
"2019-11-11 06:45:33",178
"2019-11-11 07:45:34",178
"2019-11-11 08:45:37",178
"2019-11-11 09:45:35",178
"2019-11-11 10:45:35",178
"2019-11-11 11:45:32",178
"2019-11-11 12:45:35",178
"2019-11-11 13:45:35",178
"2019-11-11 14:45:39",178
"2019-11-11 15:45:40",177
"2019-11-11 16:45:35",176
"2019-11-11 17:45:37",175
"2019-11-11 18:45:40",175
"2019-11-11 19:45:35",175
"2019-11-11 21:45:35",176
"2019-11-11 22:45:32",176
"2019-11-11 23:45:33",176
"2019-11-12 00:45:30",176
"2019-11-12 01:45:32",176
"2019-11-12 02:45:38",176
"2019-11-12 03:45:34",176
"2019-11-12 04:45:31",176
"2019-11-12 05:45:36",176
"2019-11-12 06:45:32",176
"2019-11-12 07:45:36",176
"2019-11-12 08:45:32",176
"2019-11-12 09:45:31",176
"2019-11-12 10:45:30",176
"2019-11-12 11:45:36",176
"2019-11-12 12:45:37",176
"2019-11-12 14:09:36",176
"2019-11-12 14:45:38",176
"2019-11-12 15:45:32",175
"2019-11-12 16:45:34",175
"2019-11-12 17:45:34",173
"2019-11-12 18:45:38",173
"2019-11-12 19:45:31",175
"2019-11-12 20:45:31",174
"2019-11-12 21:45:32",175
"2019-11-12 22:45:37",175
"2019-11-12 23:45:33",175
"2019-11-13 00:45:38",175
"2019-11-13 01:45:33",175
"2019-11-13 02:45:34",175
"2019-11-13 03:45:36",175
"2019-11-13 04:45:33",175
"2019-11-13 05:45:42",175
"2019-11-13 06:45:33",175
"2019-11-13 07:45:40",175
"2019-11-13 08:45:36",175
"2019-11-13 09:45:34",175
"2019-11-13 10:45:33",175
"2019-11-13 11:45:38",175
"2019-11-13 12:45:31",175
"2019-11-13 13:45:31",175
"2019-11-13 15:45:39",173
"2019-11-13 16:45:32",172
"2019-11-13 17:45:34",172
"2019-11-13 18:45:37",173
"2019-11-13 19:45:32",174
"2019-11-13 20:45:33",175
"2019-11-13 21:45:32",175
"2019-11-13 22:45:34",175
"2019-11-13 23:45:35",175
"2019-11-14 00:45:33",175
"2019-11-14 01:45:32",175
"2019-11-14 02:45:39",175
"2019-11-14 03:45:32",175
"2019-11-14 04:45:32",175
"2019-11-14 05:45:39",175
"2019-11-14 06:45:31",175
"2019-11-14 07:45:39",175
"2019-11-14 08:45:36",175
"2019-11-14 09:45:37",175
"2019-11-14 10:45:35",175
"2019-11-14 11:45:39",175
"2019-11-14 12:45:31",175
"2019-11-14 14:09:12",175
"2019-11-14 14:45:36",175
"2019-11-14 15:45:34",175
"2019-11-14 17:45:35",176
"2019-11-14 18:45:32",176
"2019-11-14 19:45:33",176
"2019-11-14 20:45:34",176
"2019-11-14 21:45:40",176
"2019-11-14 22:45:32",176
"2019-11-14 23:45:35",176
"2019-11-15 00:45:34",176
"2019-11-15 01:45:34",176
"2019-11-15 02:45:33",176
"2019-11-15 03:45:33",176
"2019-11-15 04:45:35",176
"2019-11-15 05:45:35",176
"2019-11-15 06:45:36",176
"2019-11-15 07:45:32",176
"2019-11-15 08:45:42",176
"2019-11-15 09:45:32",176
"2019-11-15 10:45:32",176
"2019-11-15 11:45:32",176
"2019-11-15 12:45:38",176
"2019-11-15 14:12:05",176
"2019-11-15 15:45:41",174
"2019-11-15 16:45:32",174
"2019-11-15 17:45:33",175
"2019-11-15 18:45:41",175
"2019-11-15 19:45:36",175
"2019-11-15 20:45:37",175
"2019-11-15 21:45:31",177
"2019-11-15 22:45:34",177
"2019-11-15 23:45:34",177
"2019-11-16 00:45:35",177
"2019-11-16 01:45:32",177
"2019-11-16 02:45:34",177
"2019-11-16 03:45:31",177
"2019-11-16 04:45:34",177
"2019-11-16 05:45:33",177
"2019-11-16 06:45:34",177
"2019-11-16 07:45:32",177
"2019-11-16 08:45:34",177
"2019-11-16 09:45:38",177
"2019-11-16 10:45:31",177
"2019-11-16 11:45:31",177
"2019-11-16 12:45:37",177
"2019-11-16 13:45:36",177
"2019-11-16 14:45:34",177
"2019-11-16 15:45:33",177
"2019-11-16 16:45:32",177
"2019-11-16 17:45:35",177
"2019-11-16 18:45:31",177
"2019-11-16 19:45:31",177
"2019-11-16 20:45:30",177
"2019-11-16 21:45:31",177
"2019-11-16 22:45:32",177
"2019-11-16 23:45:30",177
"2019-11-17 00:45:31",177
"2019-11-17 01:45:29",177
"2019-11-17 02:45:35",177
"2019-11-17 03:45:30",177
"2019-11-17 04:45:32",177
"2019-11-17 05:45:33",177
"2019-11-17 06:45:33",177
"2019-11-17 07:45:34",177
"2019-11-17 08:45:32",177
"2019-11-17 10:45:38",177
"2019-11-17 11:45:35",177
"2019-11-17 12:45:32",177
"2019-11-17 13:45:32",177
"2019-11-17 14:45:30",177
"2019-11-17 15:45:30",177
"2019-11-17 16:45:33",177
"2019-11-17 17:45:29",177
"2019-11-17 18:45:29",177
"2019-11-17 19:45:31",177
"2019-11-17 20:45:34",177
"2019-11-17 21:45:35",177
"2019-11-17 22:45:32",177
"2019-11-17 23:45:35",177
"2019-11-18 00:45:30",177
"2019-11-18 01:45:30",177
"2019-11-18 02:45:32",177
"2019-11-18 03:45:31",177
"2019-11-18 04:45:29",177
"2019-11-18 05:45:33",177
"2019-11-18 06:45:29",177
"2019-11-18 07:45:31",177
"2019-11-18 08:45:38",177
"2019-11-18 09:45:38",177
"2019-11-18 10:45:34",177
"2019-11-18 11:45:30",177
"2019-11-18 12:45:33",177
"2019-11-18 14:10:38",177
"2019-11-18 14:45:32",177
"2019-11-18 15:45:37",176
"2019-11-18 16:45:35",176
"2019-11-18 17:45:37",175
"2019-11-18 18:45:36",174
"2019-11-18 19:45:33",174
"2019-11-18 20:45:36",173
"2019-11-18 21:45:34",173
"2019-11-18 22:45:30",173
"2019-11-18 23:45:34",173
"2019-11-19 00:45:32",173
"2019-11-19 01:45:33",173
"2019-11-19 02:45:31",173
"2019-11-19 03:45:31",173
"2019-11-19 04:45:34",173
"2019-11-19 05:45:30",173
"2019-11-19 06:45:33",173
"2019-11-19 07:45:31",173
"2019-11-19 08:45:32",173
"2019-11-19 09:45:38",173
"2019-11-19 10:45:32",173
"2019-11-19 11:45:30",173
"2019-11-19 12:45:32",173
"2019-11-19 14:10:38",173
"2019-11-19 14:45:34",173
"2019-11-19 15:45:35",174
"2019-11-19 16:45:32",174
"2019-11-19 17:45:39",172
"2019-11-19 18:45:31",172
"2019-11-19 19:45:34",172
"2019-11-19 20:45:34",173
"2019-11-19 21:45:36",173
"2019-11-19 22:45:33",173
"2019-11-19 23:45:33",173
"2019-11-20 00:45:34",173
"2019-11-20 01:45:34",173
"2019-11-20 02:45:35",173
"2019-11-20 03:45:35",173
"2019-11-20 04:45:33",173
"2019-11-20 05:45:34",173
"2019-11-20 06:45:34",173
"2019-11-20 07:45:35",173
"2019-11-20 08:45:39",173
"2019-11-20 09:45:43",173
"2019-11-20 10:45:43",173
"2019-11-20 11:45:41",173
"2019-11-20 12:45:40",173
"2019-11-20 14:10:12",173
"2019-11-20 14:45:41",173
"2019-11-20 15:45:38",174
"2019-11-20 16:45:39",173
"2019-11-20 22:45:37",173
"2019-11-20 23:45:31",173
"2019-11-21 00:45:31",173
"2019-11-21 01:45:31",173
"2019-11-21 02:45:35",173
"2019-11-21 03:45:33",173
"2019-11-21 04:45:30",173
"2019-11-21 05:45:33",173
"2019-11-21 06:45:35",173
"2019-11-21 07:45:30",173
"2019-11-21 08:45:31",173
"2019-11-21 09:45:32",173
"2019-11-21 10:45:33",173
"2019-11-21 11:45:32",173
"2019-11-21 12:45:31",173
"2019-11-21 14:09:35",173
"2019-11-21 14:45:37",173
"2019-11-21 15:45:31",171
"2019-11-21 16:45:33",171
"2019-11-21 17:45:34",171
"2019-11-21 18:45:30",171
"2019-11-21 19:45:30",171
"2019-11-21 20:45:30",170
"2019-11-21 21:45:31",170
"2019-11-21 22:45:31",170
"2019-11-21 23:45:31",170
"2019-11-22 00:45:31",170
"2019-11-22 01:45:35",170
"2019-11-22 02:45:31",170
"2019-11-22 03:45:30",170
"2019-11-22 04:45:29",170
"2019-11-22 05:45:35",170
"2019-11-22 06:45:32",170
"2019-11-22 07:45:35",170
"2019-11-22 08:45:38",170
"2019-11-22 09:45:38",170
"2019-11-22 10:45:37",170
"2019-11-22 11:45:32",170
"2019-11-22 12:46:32",170
"2019-11-22 13:45:30",170
"2019-11-22 14:45:33",170
"2019-11-22 15:45:29",170
"2019-11-22 16:45:30",169
"2019-11-22 17:45:35",168
"2019-11-22 18:45:35",168
"2019-11-22 19:45:30",167
"2019-11-22 20:45:31",166
"2019-11-22 21:45:31",166
"2019-11-22 22:45:30",166
"2019-11-22 23:45:32",166
"2019-11-23 00:45:38",166
"2019-11-23 01:45:30",166
"2019-11-23 02:45:30",166
"2019-11-23 03:45:30",166
"2019-11-23 04:45:35",166
"2019-11-23 05:45:31",166
"2019-11-23 06:45:32",166
"2019-11-23 07:45:32",166
"2019-11-23 08:45:33",166
"2019-11-23 09:45:34",166
"2019-11-23 10:45:33",166
"2019-11-23 11:45:29",166
"2019-11-23 12:45:30",166
"2019-11-23 13:45:30",166
"2019-11-23 14:45:31",166
"2019-11-23 15:45:30",166
"2019-11-23 16:45:30",166
"2019-11-23 17:45:31",166
"2019-11-23 18:45:31",166
"2019-11-23 19:45:32",166
"2019-11-23 20:45:28",166
"2019-11-23 21:45:32",166
"2019-11-23 22:45:28",166
"2019-11-23 23:45:28",166
"2019-11-24 00:45:32",166
"2019-11-24 01:45:29",166
"2019-11-24 02:45:29",166
"2019-11-24 03:45:29",166
"2019-11-24 04:45:28",166
"2019-11-24 05:45:28",166
"2019-11-24 06:45:30",166
"2019-11-24 07:45:27",166
"2019-11-24 08:45:31",166
"2019-11-24 09:45:34",166
"2019-11-24 10:45:32",166
"2019-11-24 11:45:30",166
"2019-11-24 12:45:28",166
"2019-11-24 13:45:27",166
"2019-11-24 14:45:30",166
"2019-11-24 15:45:31",166
"2019-11-24 16:45:29",166
"2019-11-24 17:45:29",166
"2019-11-24 18:45:31",166
"2019-11-24 19:45:29",166
"2019-11-24 20:45:32",166
"2019-11-24 21:45:29",166
"2019-11-24 22:45:33",166
"2019-11-24 23:45:30",166
"2019-11-25 00:45:30",166
"2019-11-25 01:45:33",166
"2019-11-25 02:45:31",166
"2019-11-25 04:45:28",166
"2019-11-25 05:45:31",166
"2019-11-25 06:45:30",166
"2019-11-25 07:45:31",166
"2019-11-25 08:45:37",166
"2019-11-25 09:45:36",166
"2019-11-25 10:45:35",166
"2019-11-25 11:45:34",166
"2019-11-25 12:45:34",166
"2019-11-25 13:45:29",166
"2019-11-25 14:45:32",166
"2019-11-25 15:45:34",166
"2019-11-25 16:45:30",166
"2019-11-25 17:45:36",166
"2019-11-25 18:45:29",166
"2019-11-25 19:45:32",166
"2019-11-25 20:45:32",166
"2019-11-25 21:45:29",166
"2019-11-25 22:45:37",166
"2019-11-25 23:45:31",167
"2019-11-26 00:45:33",167
"2019-11-26 01:45:32",167
"2019-11-26 02:45:33",167
"2019-11-26 03:45:33",167
"2019-11-26 04:45:31",167
"2019-11-26 05:45:36",167
"2019-11-26 06:45:41",167
"2019-11-26 07:45:32",167
"2019-11-26 08:45:35",167
"2019-11-26 20:45:36",167
"2019-11-26 21:45:33",167
"2019-11-26 22:45:37",167
"2019-11-26 23:45:33",167
"2019-11-27 00:45:36",167
"2019-11-27 01:45:33",167
"2019-11-27 02:45:31",167
"2019-11-27 03:45:33",167
"2019-11-27 04:45:31",167
"2019-11-27 05:45:33",167
"2019-11-27 06:45:33",167
"2019-11-27 07:45:32",167
"2019-11-27 08:45:40",167
"2019-11-27 09:45:40",167
"2019-11-27 10:45:31",167
"2019-11-27 11:45:29",167
"2019-11-27 12:45:39",167
"2019-11-27 13:45:31",167
"2019-11-27 14:45:34",167
"2019-11-27 15:45:39",169
"2019-11-27 16:45:34",169
"2019-11-27 17:45:32",168
"2019-11-27 18:45:34",168
"2019-11-27 19:45:34",168
"2019-11-27 20:45:32",168
"2019-11-27 21:45:31",168
"2019-11-27 22:45:34",168
"2019-11-27 23:45:33",168
"2019-11-28 00:45:33",168
"2019-11-28 01:45:34",168
"2019-11-28 02:45:37",168
"2019-11-28 03:45:35",168
"2019-11-28 04:45:34",168
"2019-11-28 05:45:32",168
"2019-11-28 06:45:32",168
"2019-11-28 07:45:35",168
"2019-11-28 08:45:34",168
"2019-11-28 09:45:40",168
"2019-11-28 10:45:36",168
"2019-11-28 11:45:32",168
"2019-11-28 12:45:31",168
"2019-11-28 13:45:30",168
"2019-11-28 14:45:31",168
"2019-11-28 15:45:32",168
"2019-11-28 16:45:32",168
"2019-11-28 17:45:33",168
"2019-11-28 18:45:32",168
"2019-11-28 19:45:31",168
"2019-11-28 20:45:30",168
"2019-11-28 21:45:31",168
"2019-11-28 22:45:30",168
"2019-11-28 23:45:33",168
"2019-11-29 00:45:32",168
"2019-11-29 01:45:31",168
"2019-11-29 02:45:31",168
"2019-11-29 04:45:35",168
"2019-11-29 05:45:35",168
"2019-11-29 06:45:32",168
"2019-11-29 07:45:35",168
"2019-11-29 08:45:43",168
"2019-11-29 09:45:46",168
"2019-11-29 10:45:54",168
"2019-11-29 11:45:38",168
"2019-11-29 12:45:38",168
"2019-11-29 13:45:41",168
"2019-11-29 14:45:43",168
"2019-11-29 15:45:40",167
"2019-11-29 16:45:43",167
"2019-11-29 17:45:45",167
"2019-11-29 18:45:40",167
"2019-11-29 20:45:39",167
"2019-11-29 21:45:31",167
"2019-11-29 22:45:41",167
"2019-11-29 23:45:37",167
"2019-11-30 00:45:34",167
"2019-11-30 01:45:32",167
"2019-11-30 02:45:34",167
"2019-11-30 03:45:36",167
"2019-11-30 04:45:36",167
"2019-11-30 05:45:40",167
"2019-11-30 06:45:37",167
"2019-11-30 07:45:37",167
"2019-11-30 08:45:35",167
"2019-11-30 21:46:01",167
"2019-11-30 22:45:42",167
"2019-11-30 23:45:36",167
"2019-12-01 00:45:38",167
"2019-12-01 01:45:32",167
"2019-12-01 02:45:41",167
"2019-12-01 22:45:45",167
"2019-12-01 23:45:33",167
"2019-12-02 00:45:31",167
"2019-12-02 01:45:37",167
"2019-12-02 02:45:35",167
"2019-12-02 06:19:23",167
"2019-12-02 06:47:58",167
"2019-12-02 07:48:05",167
"2019-12-02 08:47:55",167
"2019-12-02 09:47:55",167
"2019-12-02 10:47:56",167
"2019-12-02 11:47:57",167
"2019-12-02 12:47:52",167
"2019-12-02 14:10:18",167
"2019-12-02 14:48:01",167
"2019-12-02 15:48:05",167
"2019-12-02 16:47:57",165
"2019-12-02 17:48:22",166
"2019-12-02 18:48:19",166
"2019-12-02 19:48:21",166
"2019-12-02 20:48:15",166
"2019-12-02 21:48:19",166
"2019-12-02 22:48:41",166
"2019-12-02 23:48:21",166
"2019-12-03 00:48:04",166
"2019-12-03 01:48:21",166
"2019-12-03 02:48:18",166
"2019-12-03 03:48:19",166
"2019-12-03 04:48:20",166
"2019-12-03 05:48:22",166
"2019-12-03 06:47:58",166
"2019-12-03 07:47:56",166
"2019-12-03 08:47:56",166
"2019-12-03 09:48:14",166
"2019-12-03 10:48:19",166
"2019-12-03 11:48:06",166
"2019-12-03 12:47:53",166
"2019-12-03 13:47:50",166
"2019-12-03 14:48:20",166
"2019-12-03 15:47:55",163
"2019-12-03 16:48:19",161
"2019-12-03 17:48:16",161
"2019-12-03 18:48:15",161
"2019-12-03 19:48:14",161
"2019-12-03 20:48:16",161
"2019-12-03 21:48:46",160
"2019-12-03 22:48:19",160
"2019-12-03 23:48:36",160
"2019-12-04 00:48:54",160
"2019-12-04 01:49:00",160
"2019-12-04 02:48:41",160
"2019-12-04 03:48:27",160
"2019-12-04 04:48:25",160
"2019-12-04 06:48:28",160
"2019-12-04 07:48:25",160
"2019-12-04 08:48:05",160
"2019-12-04 09:48:06",160
"2019-12-04 10:48:02",160
"2019-12-04 11:48:06",160
"2019-12-04 12:48:03",160
"2019-12-04 14:09:49",160
"2019-12-04 14:48:34",160
"2019-12-04 15:48:31",161
"2019-12-04 16:48:24",161
"2019-12-04 17:48:24",161
"2019-12-04 18:48:24",159
"2019-12-04 19:48:26",160
"2019-12-04 20:48:22",160
"2019-12-04 21:48:18",160
"2019-12-04 22:48:18",160
"2019-12-04 23:48:19",160
"2019-12-05 00:48:23",160
"2019-12-05 01:48:23",160
"2019-12-05 02:48:23",160
"2019-12-05 03:48:24",160
"2019-12-05 04:48:22",160
"2019-12-05 06:48:22",160
"2019-12-05 07:47:58",160
"2019-12-05 08:48:20",160
"2019-12-05 09:47:54",160
"2019-12-05 10:47:54",160
"2019-12-05 11:47:55",160
"2019-12-05 12:47:53",160
"2019-12-05 13:48:18",160
"2019-12-05 14:48:25",160
"2019-12-05 15:48:19",160
"2019-12-05 16:48:19",160
"2019-12-05 17:48:19",160
"2019-12-05 18:48:20",160
"2019-12-05 20:10:21",160
"2019-12-05 20:48:32",160
"2019-12-05 21:48:19",160
"2019-12-05 22:48:20",160
"2019-12-05 23:48:01",160
"2019-12-06 00:48:21",160
"2019-12-06 01:48:18",160
"2019-12-06 02:48:26",160
"2019-12-06 03:48:22",160
"2019-12-06 04:48:18",160
"2019-12-06 05:48:33",160
"2019-12-06 06:48:29",160
"2019-12-06 07:48:25",160
"2019-12-06 08:48:21",160
"2019-12-06 09:48:16",160
"2019-12-06 10:48:21",160
"2019-12-06 11:48:15",160
"2019-12-06 12:48:02",160
"2019-12-06 13:49:16",160
"2019-12-06 14:48:30",160
"2019-12-06 15:48:53",161
"2019-12-06 16:48:24",161
"2019-12-06 17:48:19",161
"2019-12-06 18:48:21",161
"2019-12-06 19:48:23",161
"2019-12-06 20:48:21",161
"2019-12-06 21:47:55",161
"2019-12-06 22:47:57",161
"2019-12-06 23:48:01",161
"2019-12-07 00:48:08",161
"2019-12-07 01:48:54",161
"2019-12-07 02:48:24",161
"2019-12-07 03:48:21",161
"2019-12-07 04:48:06",161
"2019-12-07 05:48:50",161
"2019-12-07 06:47:59",161
"2019-12-07 07:48:02",161
"2019-12-07 08:47:58",161
"2019-12-07 09:47:57",161
"2019-12-07 10:47:57",161
"2019-12-07 11:47:56",161
"2019-12-07 12:48:13",161
"2019-12-07 13:48:35",161
"2019-12-07 14:48:25",161
"2019-12-07 15:48:26",161
"2019-12-07 16:48:22",161
"2019-12-07 17:48:26",161
"2019-12-07 18:48:22",161
"2019-12-07 19:47:59",161
"2019-12-07 20:48:22",161
"2019-12-07 21:48:28",161
"2019-12-07 22:48:03",161
"2019-12-07 23:47:59",161
"2019-12-08 00:48:17",161
"2019-12-08 01:47:58",161
"2019-12-08 02:48:25",161
"2019-12-08 03:48:22",161
"2019-12-08 04:48:18",161
"2019-12-08 05:48:26",161
"2019-12-08 06:48:24",161
"2019-12-08 07:48:21",161
"2019-12-08 08:48:21",161
"2019-12-08 09:48:19",161
"2019-12-08 10:48:21",161
"2019-12-08 11:47:57",161
"2019-12-08 12:48:02",161
"2019-12-08 13:48:17",161
"2019-12-08 14:48:16",161
"2019-12-08 15:48:00",161
"2019-12-08 16:48:21",161
"2019-12-08 17:48:25",161
"2019-12-08 18:47:57",161
"2019-12-08 19:48:16",161
"2019-12-08 20:48:17",161
"2019-12-08 21:48:25",161
"2019-12-08 22:48:24",161
"2019-12-08 23:48:22",161
"2019-12-09 00:48:21",161
"2019-12-09 01:47:57",161
"2019-12-09 02:48:15",161
"2019-12-09 03:48:29",161
"2019-12-09 04:48:01",161
"2019-12-09 05:48:06",161
"2019-12-09 06:48:26",161
"2019-12-09 07:48:03",161
"2019-12-09 08:48:02",161
"2019-12-09 09:47:56",161
"2019-12-09 10:47:58",161
"2019-12-09 11:47:54",161
"2019-12-09 12:47:58",161
"2019-12-09 14:10:50",161
"2019-12-09 14:48:10",161
"2019-12-09 15:48:12",161
"2019-12-09 16:48:34",161
"2019-12-09 17:48:42",161
"2019-12-09 18:48:11",161
"2019-12-09 19:47:58",161
"2019-12-09 20:48:31",161
"2019-12-09 21:48:26",161
"2019-12-09 22:47:59",161
"2019-12-09 23:48:18",161
"2019-12-10 00:48:28",161
"2019-12-10 01:48:20",161
"2019-12-10 02:48:25",161
"2019-12-10 03:48:30",161
"2019-12-10 04:48:21",161
"2019-12-10 05:48:32",161
"2019-12-10 06:48:27",161
"2019-12-10 07:48:22",161
"2019-12-10 08:48:27",161
"2019-12-10 09:48:00",161
"2019-12-10 10:48:00",161
"2019-12-10 11:47:58",161
"2019-12-10 12:48:28",161
"2019-12-10 13:47:57",161
"2019-12-10 14:48:04",161
"2019-12-10 15:48:02",161
"2019-12-10 16:48:33",161
"2019-12-10 17:48:21",161
"2019-12-10 18:48:18",161
"2019-12-10 19:48:02",161
"2019-12-10 20:48:22",161
"2019-12-10 21:48:20",161
"2019-12-10 22:48:28",161
"2019-12-10 23:48:34",161
"2019-12-11 00:48:30",161
"2019-12-11 01:48:34",161
"2019-12-11 02:48:45",161
"2019-12-11 03:48:25",161
"2019-12-11 04:48:31",161
"2019-12-11 05:48:32",161
"2019-12-11 06:48:10",161
"2019-12-11 07:48:08",161
"2019-12-11 08:48:21",161
"2019-12-11 09:48:08",161
"2019-12-11 10:48:12",161
"2019-12-11 11:48:14",161
"2019-12-11 12:48:30",161
"2019-12-11 13:48:19",161
"2019-12-11 14:48:53",161
"2019-12-11 15:48:15",162
"2019-12-11 16:48:35",161
"2019-12-11 17:48:40",161
"2019-12-11 18:48:30",161
"2019-12-11 19:48:38",161
"2019-12-11 20:48:32",161
"2019-12-11 21:48:24",161
"2019-12-11 22:48:30",161
"2019-12-11 23:48:30",161
"2019-12-12 00:48:15",161
"2019-12-12 01:48:52",161
"2019-12-12 02:48:34",161
"2019-12-12 03:48:16",161
"2019-12-12 04:48:31",161
"2019-12-12 05:48:29",161
"2019-12-12 06:48:35",161
"2019-12-12 07:48:29",161
"2019-12-12 08:48:10",161
"2019-12-12 09:48:26",161
"2019-12-12 10:48:26",161
"2019-12-12 11:48:10",161
"2019-12-12 12:48:05",161
"2019-12-12 14:09:20",161
"2019-12-12 15:48:16",161
"2019-12-12 16:48:38",161
"2019-12-12 17:48:14",161
"2019-12-12 18:48:13",160
"2019-12-12 19:48:18",160
"2019-12-12 20:48:23",160
"2019-12-12 21:48:13",160
"2019-12-12 22:48:08",160
"2019-12-12 23:48:15",160
"2019-12-13 00:49:16",160
"2019-12-13 01:49:34",160
"2019-12-13 02:49:30",160
"2019-12-13 03:49:36",160
"2019-12-13 04:49:30",160
"2019-12-13 05:49:45",160
"2019-12-13 06:50:04",160
"2019-12-13 07:49:29",160
"2019-12-13 08:49:15",160
"2019-12-13 09:49:25",160
"2019-12-13 10:48:56",160
"2019-12-13 11:49:07",160
"2019-12-13 12:49:16",160
"2019-12-13 14:41:28",160
"2019-12-13 14:50:09",160
"2019-12-13 15:49:40",160
"2019-12-13 16:49:22",159
"2019-12-13 17:49:32",159
"2019-12-13 18:49:24",159
"2019-12-13 19:49:22",159
"2019-12-13 20:49:59",159
"2019-12-13 21:49:26",159
"2019-12-13 22:49:19",159
"2019-12-13 23:49:00",159
"2019-12-14 00:49:20",159
"2019-12-14 01:49:08",159
"2019-12-14 02:49:24",159
"2019-12-14 03:49:13",159
"2019-12-14 04:49:23",159
"2019-12-14 05:49:19",159
"2019-12-14 06:49:24",159
"2019-12-14 07:48:47",159
"2019-12-14 08:49:10",159
"2019-12-14 09:49:01",159
"2019-12-14 10:48:54",159
"2019-12-14 11:48:57",159
"2019-12-14 12:48:55",159
"2019-12-14 13:49:39",159
"2019-12-14 14:49:12",159
"2019-12-14 15:49:26",159
"2019-12-14 16:49:37",159
"2019-12-14 17:49:10",159
"2019-12-14 18:49:32",159
"2019-12-14 19:49:06",159
"2019-12-14 22:49:34",159
"2019-12-14 23:49:11",159
"2019-12-15 00:49:24",159
"2019-12-15 01:49:36",159
"2019-12-15 02:49:31",159
"2019-12-15 03:49:20",159
"2019-12-15 04:49:28",159
"2019-12-15 05:48:58",159
"2019-12-15 06:49:18",159
"2019-12-15 07:49:03",159
"2019-12-15 08:49:01",159
"2019-12-15 09:48:45",159
"2019-12-15 10:48:50",159
"2019-12-15 11:49:10",159
"2019-12-15 13:49:01",159
"2019-12-15 14:48:55",159
"2019-12-15 15:49:29",159
"2019-12-15 16:49:19",159
"2019-12-15 17:49:20",159
"2019-12-15 19:49:14",159
"2019-12-15 20:49:18",159
"2019-12-15 21:49:11",159
"2019-12-15 22:49:00",159
"2019-12-15 23:49:20",159
"2019-12-16 00:49:16",159
"2019-12-16 01:49:38",159
"2019-12-16 02:49:10",159
"2019-12-16 04:50:08",159
"2019-12-16 05:49:37",159
"2019-12-16 06:49:33",159
"2019-12-16 07:48:58",159
"2019-12-16 08:48:55",159
"2019-12-16 09:49:01",159
"2019-12-16 10:48:58",159
"2019-12-16 11:49:11",159
"2019-12-16 12:49:14",159
"2019-12-16 13:49:16",159
"2019-12-16 14:51:27",159
"2019-12-16 16:08:50",157
"2019-12-16 16:50:01",157
"2019-12-16 17:49:43",157
"2019-12-16 18:49:40",157
"2019-12-16 19:49:21",156
"2019-12-16 20:49:28",156
"2019-12-16 21:49:22",156
"2019-12-16 22:49:18",156
"2019-12-16 23:49:14",156
"2019-12-17 00:48:54",156
"2019-12-17 01:49:18",156
"2019-12-17 02:49:40",156
"2019-12-17 03:49:26",156
"2019-12-17 04:49:41",156
"2019-12-17 05:49:27",156
"2019-12-17 06:49:37",156
"2019-12-17 07:49:10",156
"2019-12-17 08:49:29",156
"2019-12-17 09:48:50",156
"2019-12-17 10:49:02",156
"2019-12-17 11:48:42",156
"2019-12-17 12:48:49",156
"2019-12-17 14:10:20",156
"2019-12-17 14:50:14",156
"2019-12-17 15:49:47",155
"2019-12-17 16:49:35",155
"2019-12-17 17:49:38",155
"2019-12-17 18:49:20",154
"2019-12-17 19:49:50",154
"2019-12-17 20:49:38",154
"2019-12-17 21:49:09",153
"2019-12-17 22:49:24",153
"2019-12-17 23:49:29",153
"2019-12-18 01:49:59",153
"2019-12-18 02:49:36",153
"2019-12-18 03:49:22",153
"2019-12-18 04:48:54",153
"2019-12-18 05:49:16",153
"2019-12-18 06:49:13",153
"2019-12-18 07:49:00",153
"2019-12-18 08:49:24",153
"2019-12-18 09:49:03",153
"2019-12-18 10:49:00",153
"2019-12-18 11:49:05",153
"2019-12-18 12:49:03",153
"2019-12-18 14:09:20",153
"2019-12-18 14:50:19",153
"2019-12-18 15:49:31",152
"2019-12-18 16:49:36",151
"2019-12-18 17:49:38",151
"2019-12-18 18:49:27",151
"2019-12-18 19:49:24",151
"2019-12-18 20:49:30",151
"2019-12-18 21:49:11",151
"2019-12-18 22:49:17",151
"2019-12-18 23:49:17",151
"2019-12-19 00:49:21",151
"2019-12-19 01:49:13",151
"2019-12-19 02:49:37",151
"2019-12-19 03:49:12",151
"2019-12-19 04:49:15",151
"2019-12-19 05:49:05",151
"2019-12-19 06:49:32",151
"2019-12-19 07:49:13",151
"2019-12-19 08:48:58",151
"2019-12-19 09:48:57",151
"2019-12-19 10:48:48",151
"2019-12-19 11:48:40",151
"2019-12-19 12:49:11",151
"2019-12-19 14:10:51",151
"2019-12-19 14:50:01",151
"2019-12-19 15:50:27",152
"2019-12-19 16:50:00",152
"2019-12-19 17:49:44",152
"2019-12-19 18:49:37",152
"2019-12-19 19:49:40",152
"2019-12-19 21:10:54",152
"2019-12-19 21:49:38",152
"2019-12-19 22:49:38",152
"2019-12-19 23:49:41",152
"2019-12-20 00:49:36",152
"2019-12-20 01:49:27",152
"2019-12-20 02:49:37",152
"2019-12-20 03:49:30",152
"2019-12-20 04:49:46",152
"2019-12-20 05:49:35",152
"2019-12-20 06:49:59",152
"2019-12-20 07:49:37",152
"2019-12-20 08:49:40",152
"2019-12-20 09:49:27",152
"2019-12-20 10:48:50",152
"2019-12-20 11:49:21",152
"2019-12-20 12:49:36",152
"2019-12-20 14:09:51",152
"2019-12-20 14:50:48",152
"2019-12-20 15:50:25",152
"2019-12-20 16:50:19",152
"2019-12-20 17:50:18",152
"2019-12-20 18:49:56",152
"2019-12-20 19:50:14",152
"2019-12-20 20:50:19",152
"2019-12-20 21:49:45",152
"2019-12-20 22:49:35",152
"2019-12-20 23:49:49",152
"2019-12-21 00:49:39",152
"2019-12-21 01:49:41",152
"2019-12-21 02:50:08",152
"2019-12-21 03:49:29",152
"2019-12-21 04:49:51",152
"2019-12-21 05:49:19",152
"2019-12-21 06:49:24",152
"2019-12-21 07:49:30",152
"2019-12-21 08:49:21",152
"2019-12-21 09:48:59",152
"2019-12-21 10:48:57",152
"2019-12-21 11:48:49",152
"2019-12-21 12:49:11",152
"2019-12-21 13:49:11",152
"2019-12-21 14:49:22",152
"2019-12-21 15:49:17",152
"2019-12-21 16:49:48",152
"2019-12-21 17:49:14",152
"2019-12-21 18:49:06",152
"2019-12-21 19:49:12",152
"2019-12-21 20:49:16",152
"2019-12-21 22:49:49",152
"2019-12-21 23:48:55",152
"2019-12-22 00:49:11",152
"2019-12-22 01:49:08",152
"2019-12-22 02:49:08",152
"2019-12-22 04:49:26",152
"2019-12-22 05:48:59",152
"2019-12-22 06:48:58",152
"2019-12-22 07:49:05",152
"2019-12-22 08:49:02",152
"2019-12-22 09:48:52",152
"2019-12-22 10:48:55",152
"2019-12-22 11:48:41",152
"2019-12-22 12:48:57",152
"2019-12-22 13:49:03",152
"2019-12-22 14:49:09",152
"2019-12-22 15:49:38",152
"2019-12-22 16:49:17",152
"2019-12-22 17:49:17",152
"2019-12-22 18:49:13",152
"2019-12-22 19:49:37",152
"2019-12-22 20:49:40",152
"2019-12-22 22:49:08",152
"2019-12-22 23:49:30",152
"2019-12-23 00:49:40",152
"2019-12-23 01:49:40",152
"2019-12-23 02:49:26",152
"2019-12-23 03:49:30",152
"2019-12-23 04:49:41",152
"2019-12-23 05:49:26",152
"2019-12-23 06:49:28",152
"2019-12-23 07:49:02",152
"2019-12-23 08:49:03",152
"2019-12-23 09:48:45",152
"2019-12-23 10:48:50",152
"2019-12-23 11:49:05",152
"2019-12-23 12:49:09",152
"2019-12-23 14:10:55",152
"2019-12-23 14:50:45",152
"2019-12-23 15:49:40",152
"2019-12-23 16:49:26",153
"2019-12-23 17:49:54",153
"2019-12-23 18:49:49",153
"2019-12-23 19:49:49",153
"2019-12-23 20:49:58",153
"2019-12-23 21:49:40",153
"2019-12-23 22:49:26",153
"2019-12-23 23:49:44",153
"2019-12-24 00:49:16",153
"2019-12-24 01:49:21",153
"2019-12-24 02:49:47",153
"2019-12-24 03:49:56",153
"2019-12-24 04:49:53",153
"2019-12-24 05:49:21",153
"2019-12-24 06:49:50",153
"2019-12-24 07:49:03",153
"2019-12-24 08:49:11",153
"2019-12-24 09:49:04",153
"2019-12-24 10:48:44",153
"2019-12-24 11:49:05",153
"2019-12-24 12:48:53",153
"2019-12-24 13:49:01",153
"2019-12-24 14:50:33",153
"2019-12-24 15:49:33",153
"2019-12-24 16:49:19",153
"2019-12-24 17:49:29",153
"2019-12-24 18:49:11",153
"2019-12-24 19:49:28",153
"2019-12-24 20:49:01",153
"2019-12-24 21:49:07",153
"2019-12-24 22:49:46",153
"2019-12-24 23:49:23",153
"2019-12-25 00:49:34",153
"2019-12-25 01:49:01",153
"2019-12-25 02:49:02",153
"2019-12-25 03:49:19",153
"2019-12-25 04:49:30",153
"2019-12-25 05:49:29",153
"2019-12-25 06:49:17",153
"2019-12-25 07:49:13",153
"2019-12-25 08:49:37",153
"2019-12-25 09:49:09",153
"2019-12-25 10:48:59",153
"2019-12-25 11:48:54",153
"2019-12-25 12:48:53",153
"2019-12-25 13:48:54",153
"2019-12-25 14:49:17",153
"2019-12-25 15:49:34",153
"2019-12-25 16:49:13",153
"2019-12-25 17:49:31",153
"2019-12-25 18:49:00",153
"2019-12-25 19:49:10",153
"2019-12-25 20:49:04",153
"2019-12-25 21:49:15",153
"2019-12-25 22:49:06",153
"2019-12-25 23:49:13",153
"2019-12-26 00:49:27",153
"2019-12-26 01:49:31",153
"2019-12-26 02:49:38",153
"2019-12-26 03:49:48",153
"2019-12-26 04:49:47",153
"2019-12-26 05:49:17",153
"2019-12-26 06:49:32",153
"2019-12-26 07:49:26",153
"2019-12-26 08:48:52",153
"2019-12-26 09:48:51",153
"2019-12-26 10:49:03",153
"2019-12-26 11:48:45",153
"2019-12-26 12:48:44",153
"2019-12-26 13:49:19",153
"2019-12-26 14:50:07",153
"2019-12-26 15:49:54",156
"2019-12-26 16:49:37",156
"2019-12-26 17:50:08",156
"2019-12-26 18:49:25",156
"2019-12-26 19:49:21",156
"2019-12-26 20:50:14",156
"2019-12-26 21:49:42",156
"2019-12-26 23:49:30",156
"2019-12-27 00:49:11",156
"2019-12-27 01:49:52",156
"2019-12-27 02:50:03",156
"2019-12-27 03:49:26",156
"2019-12-27 04:49:56",156
"2019-12-27 05:49:54",156
"2019-12-27 06:49:54",156
"2019-12-27 07:49:16",156
"2019-12-27 08:49:28",156
"2019-12-27 09:48:58",156
"2019-12-27 10:48:45",156
"2019-12-27 11:48:57",156
"2019-12-27 12:49:03",156
"2019-12-27 14:10:51",156
"2019-12-27 14:50:04",156
"2019-12-27 15:49:46",155
"2019-12-27 16:49:37",153
"2019-12-27 17:49:34",153
"2019-12-27 18:49:42",153
"2019-12-27 19:50:18",153
"2019-12-27 20:49:36",153
"2019-12-27 21:50:07",153
"2019-12-27 22:49:42",153
"2019-12-27 23:49:09",153
"2019-12-28 00:49:43",153
"2019-12-28 01:49:24",153
"2019-12-28 02:49:28",153
"2019-12-28 03:49:21",153
"2019-12-28 04:49:40",153
"2019-12-28 05:49:45",153
"2019-12-28 06:49:42",153
"2019-12-28 07:49:18",153
"2019-12-28 08:49:36",153
"2019-12-28 09:49:08",153
"2019-12-28 10:49:19",153
"2019-12-28 11:48:57",153
"2019-12-28 12:48:49",153
"2019-12-28 13:49:07",153
"2019-12-28 14:49:31",153
"2019-12-28 15:49:54",153
"2019-12-28 16:49:21",153
"2019-12-28 17:49:46",153
"2019-12-28 18:49:21",153
"2019-12-28 19:49:19",153
"2019-12-28 20:49:49",153
"2019-12-28 21:49:10",153
"2019-12-28 22:49:18",153
"2019-12-28 23:49:32",153
"2019-12-29 00:49:21",153
"2019-12-29 01:50:01",153
"2019-12-29 02:49:36",153
"2019-12-29 03:49:56",153
"2019-12-29 05:49:48",153
"2019-12-29 06:49:53",153
"2019-12-29 07:49:13",153
"2019-12-29 08:49:42",153
"2019-12-29 09:49:07",153
"2019-12-29 10:49:17",153
"2019-12-29 11:48:58",153
"2019-12-29 12:49:05",153
"2019-12-29 13:49:09",153
"2019-12-29 14:49:29",153
"2019-12-29 15:49:30",153
"2019-12-29 16:49:28",153
"2019-12-29 17:49:13",153
"2019-12-29 18:49:36",153
"2019-12-29 19:49:42",153
"2019-12-29 20:49:10",153
"2019-12-29 21:50:15",153
"2019-12-29 22:49:20",153
"2019-12-29 23:49:10",153
"2019-12-30 00:49:13",153
"2019-12-30 01:49:43",153
"2019-12-30 02:50:13",153
"2019-12-30 03:49:11",153
"2019-12-30 04:49:53",153
"2019-12-30 05:49:30",153
"2019-12-30 06:49:10",153
"2019-12-30 07:48:54",153
"2019-12-30 08:49:16",153
"2019-12-30 09:49:23",153
"2019-12-30 10:48:45",153
"2019-12-30 11:49:24",153
"2019-12-30 12:49:05",153
"2019-12-30 14:10:50",153
"2019-12-30 14:50:45",153
"2019-12-30 15:49:44",153
"2019-12-30 16:49:37",153
"2019-12-30 17:49:35",153
"2019-12-30 18:49:49",152
"2019-12-30 19:49:46",152
"2019-12-30 20:49:26",152
"2019-12-30 21:49:21",152
"2019-12-30 23:49:27",152
"2019-12-31 00:49:28",152
"2019-12-31 01:49:20",152
"2019-12-31 02:49:32",152
"2019-12-31 03:49:38",152
"2019-12-31 04:49:16",152
"2019-12-31 05:49:03",152
"2019-12-31 06:49:25",152
"2019-12-31 07:49:11",152
"2019-12-31 08:49:31",152
"2019-12-31 09:49:19",152
"2019-12-31 10:49:42",152
"2019-12-31 11:49:29",152
"2019-12-31 12:49:11",152
"2019-12-31 14:11:52",152
"2019-12-31 14:50:27",152
"2019-12-31 15:50:00",152
"2019-12-31 16:49:33",152
"2019-12-31 17:49:28",152
"2019-12-31 18:49:29",151
"2019-12-31 19:49:38",151
"2019-12-31 20:49:29",151
"2019-12-31 21:49:20",151
"2019-12-31 22:49:24",151
"2019-12-31 23:49:19",151
"2020-01-01 00:49:07",151
"2020-01-01 01:49:13",151
"2020-01-01 02:49:18",151
"2020-01-01 03:49:23",151
"2020-01-01 04:48:58",151
"2020-01-01 05:49:47",151
"2020-01-01 06:49:40",151
"2020-01-01 07:49:17",151
"2020-01-01 08:49:15",151
"2020-01-01 09:48:54",151
"2020-01-01 10:48:46",151
"2020-01-01 11:48:53",151
"2020-01-01 12:49:01",151
"2020-01-01 13:48:59",151
"2020-01-01 14:49:06",151
"2020-01-01 15:49:10",151
"2020-01-01 16:49:27",151
"2020-01-01 17:49:17",151
"2020-01-01 18:49:20",151
"2020-01-01 19:49:12",151
"2020-01-01 20:49:29",151
"2020-01-01 21:49:21",151
"2020-01-01 22:49:36",151
"2020-01-01 23:50:04",151
"2020-01-02 00:49:58",151
"2020-01-02 01:49:40",151
"2020-01-02 02:50:22",151
"2020-01-02 03:49:34",151
"2020-01-02 04:49:31",151
"2020-01-02 05:49:27",151
"2020-01-02 06:49:18",151
"2020-01-02 07:49:10",151
"2020-01-02 08:49:21",151
"2020-01-02 09:49:05",151
"2020-01-02 10:48:56",151
"2020-01-02 11:49:15",151
"2020-01-02 12:49:12",151
"2020-01-02 14:12:21",151
"2020-01-02 14:51:20",151
"2020-01-02 15:50:03",148
"2020-01-02 16:49:48",148
"2020-01-02 17:49:50",148
"2020-01-02 18:49:59",148
"2020-01-02 19:49:43",148
"2020-01-02 20:50:01",148
"2020-01-02 21:49:24",149
"2020-01-02 22:50:19",149
"2020-01-02 23:49:20",149
"2020-01-03 00:49:46",149
"2020-01-03 01:49:33",149
"2020-01-03 02:49:53",149
"2020-01-03 03:49:31",149
"2020-01-03 04:49:28",149
"2020-01-03 05:49:31",149
"2020-01-03 06:49:43",149
"2020-01-03 07:49:24",149
"2020-01-03 08:49:36",149
"2020-01-03 09:49:15",149
"2020-01-03 10:49:13",149
"2020-01-03 11:49:09",149
"2020-01-03 12:48:58",149
"2020-01-03 14:12:20",149
"2020-01-03 14:54:13",149
"2020-01-03 15:49:39",150
"2020-01-03 16:49:51",150
"2020-01-03 17:50:26",150
"2020-01-03 18:49:41",150
"2020-01-03 19:49:32",148
"2020-01-03 20:49:51",148
"2020-01-03 21:49:20",149
"2020-01-03 22:49:20",149
"2020-01-03 23:49:21",149
"2020-01-04 00:49:26",149
"2020-01-04 01:49:26",149
"2020-01-04 02:49:16",149
"2020-01-04 03:49:49",149
"2020-01-04 04:49:36",149
"2020-01-04 05:49:24",149
"2020-01-04 06:49:19",149
"2020-01-04 07:49:00",149
"2020-01-04 08:49:07",149
"2020-01-04 09:48:52",149
"2020-01-04 10:49:05",149
"2020-01-04 11:48:48",149
"2020-01-04 12:49:18",149
"2020-01-04 13:49:06",149
"2020-01-04 14:49:22",149
"2020-01-04 15:49:25",149
"2020-01-04 16:49:32",149
"2020-01-04 17:49:42",149
"2020-01-04 19:49:31",149
"2020-01-04 20:49:39",149
"2020-01-04 21:50:13",149
"2020-01-04 22:49:47",149
"2020-01-04 23:49:43",149
"2020-01-05 00:49:17",149
"2020-01-05 01:50:27",149
"2020-01-05 02:49:56",149
"2020-01-05 03:49:37",149
"2020-01-05 04:49:15",149
"2020-01-05 05:49:17",149
"2020-01-05 06:49:18",149
"2020-01-05 07:49:00",149
"2020-01-05 08:48:46",149
"2020-01-05 09:48:48",149
"2020-01-05 10:48:46",149
"2020-01-05 11:49:12",149
"2020-01-05 12:48:52",149
"2020-01-05 13:49:17",149
"2020-01-05 14:49:04",149
"2020-01-05 15:48:52",149
"2020-01-05 16:49:23",149
"2020-01-05 17:50:38",149
"2020-01-05 18:49:34",149
"2020-01-05 20:49:33",149
"2020-01-05 21:49:37",149
"2020-01-05 22:49:19",149
"2020-01-05 23:49:24",149
"2020-01-06 00:49:30",149
"2020-01-06 01:49:33",149
"2020-01-06 02:49:56",149
"2020-01-06 03:50:00",149
"2020-01-06 04:50:06",149
"2020-01-06 05:49:47",149
"2020-01-06 06:49:42",149
"2020-01-06 07:49:10",149
"2020-01-06 08:49:25",149
"2020-01-16 06:49:01",145
"2020-01-16 07:49:00",145
"2020-01-16 08:49:00",145
"2020-01-16 09:48:43",145
"2020-01-16 10:48:44",145
"2020-01-16 11:48:47",145
"2020-01-16 12:48:56",145
"2020-01-16 14:12:21",145
"2020-01-16 15:49:08",144
"2020-01-16 16:49:18",145
"2020-01-16 17:49:14",145
"2020-01-16 18:49:03",145
"2020-01-16 19:49:11",145
"2020-01-16 20:49:14",146
"2020-01-16 21:48:52",147
"2020-01-16 22:49:14",147
"2020-01-16 23:49:05",147
"2020-01-17 00:49:40",147
"2020-01-17 01:49:54",147
"2020-01-17 02:48:53",147
"2020-01-17 03:48:42",147
"2020-01-17 04:48:50",147
"2020-01-17 05:48:57",147
"2020-01-17 06:48:49",147
"2020-01-17 07:48:25",147
"2020-01-17 08:48:21",147
"2020-01-17 09:49:38",147
"2020-01-17 10:48:20",147
"2020-01-17 11:48:20",147
"2020-01-17 12:48:44",147
"2020-01-17 14:10:24",147
"2020-01-17 14:49:17",147
"2020-01-17 15:49:00",148
"2020-01-17 16:48:59",148
"2020-01-17 17:48:53",148
"2020-01-17 18:48:54",148
"2020-01-17 19:48:52",148
"2020-01-17 20:48:48",148
"2020-01-17 21:48:40",148
"2020-01-17 22:48:42",148
"2020-01-17 23:48:38",148
"2020-01-18 00:49:35",148
"2020-01-18 01:48:53",148
"2020-01-18 02:48:50",148
"2020-01-18 03:48:48",148
"2020-01-18 04:48:42",148
"2020-01-18 05:48:47",148
"2020-01-18 06:48:24",148
"2020-01-18 07:48:39",148
"2020-01-18 08:48:41",148
"2020-01-18 09:48:30",148
"2020-01-18 10:48:31",148
"2020-01-18 11:48:21",148
"2020-01-18 12:48:37",148
"2020-01-18 13:48:35",148
"2020-01-18 14:48:41",148
"2020-01-18 15:48:49",148
"2020-01-18 16:48:26",148
"2020-01-18 17:48:55",148
"2020-01-18 18:48:49",148
"2020-01-18 19:49:20",148
"2020-01-18 20:48:52",148
"2020-01-18 21:48:55",148
"2020-01-18 23:48:51",148
"2020-01-19 00:48:25",148
"2020-01-19 01:48:50",148
"2020-01-19 02:48:55",148
"2020-01-19 03:48:49",148
"2020-01-19 04:48:49",148
"2020-01-19 05:48:37",148
"2020-01-19 06:48:41",148
"2020-01-19 07:48:29",148
"2020-01-19 08:49:10",148
"2020-01-19 09:48:30",148
"2020-01-19 10:48:19",148
"2020-01-19 11:48:17",148
"2020-01-19 12:48:34",148
"2020-01-19 13:48:30",148
"2020-01-19 14:49:14",148
"2020-01-19 15:49:23",148
"2020-01-19 16:48:28",148
"2020-01-19 17:48:38",148
"2020-01-19 18:48:29",148
"2020-01-19 19:49:36",148
"2020-01-19 20:48:44",148
"2020-01-19 21:48:39",148
"2020-01-19 22:48:42",148
"2020-01-19 23:50:01",148
"2020-01-20 00:49:39",148
"2020-01-20 01:49:26",148
"2020-01-20 02:49:03",148
"2020-01-20 03:49:33",148
"2020-01-20 04:49:30",148
"2020-01-20 05:48:43",148
"2020-01-20 06:49:36",148
"2020-01-20 07:48:28",148
"2020-01-20 08:49:31",148
"2020-01-20 09:55:14",148
"2020-01-20 10:49:03",148
"2020-01-20 11:48:19",148
"2020-01-20 12:48:33",148
"2020-01-20 13:49:24",148
"2020-01-20 14:48:58",148
"2020-01-20 15:49:33",148
"2020-01-20 16:48:36",148
"2020-01-20 17:49:21",148
"2020-01-20 18:48:34",148
"2020-01-20 19:49:19",148
"2020-01-20 21:49:51",148
"2020-01-20 22:49:37",148
"2020-01-20 23:49:31",148
"2020-01-21 00:49:38",148
"2020-01-21 01:49:16",148
"2020-01-21 02:49:38",148
"2020-01-21 03:48:36",148
"2020-01-21 04:48:41",148
"2020-01-21 05:48:35",148
"2020-01-21 06:48:29",148
"2020-01-21 07:48:24",148
"2020-01-21 08:48:42",148
"2020-01-21 10:03:48",148
"2020-01-21 10:49:33",148
"2020-01-21 11:48:39",148
"2020-01-21 12:48:36",148
"2020-01-21 13:48:35",148
"2020-01-21 15:49:52",152
"2020-01-21 16:49:14",152
"2020-01-21 17:49:38",152
"2020-01-21 18:49:07",151
"2020-01-21 19:49:40",151
"2020-01-21 20:48:56",151
"2020-01-21 21:49:44",151
"2020-01-21 22:49:28",151
"2020-01-21 23:49:06",151
"2020-01-22 00:48:50",151
"2020-01-22 01:49:13",151
"2020-01-22 02:49:31",151
"2020-01-22 03:48:55",151
"2020-01-22 04:48:57",151
"2020-01-22 05:48:51",151
"2020-01-22 06:48:35",151
"2020-01-22 07:48:37",151
"2020-01-22 08:48:47",151
"2020-01-22 09:59:57",151
"2020-01-22 10:48:23",151
"2020-01-22 11:48:21",151
"2020-01-22 12:49:03",151
"2020-01-22 13:49:07",151
"2020-01-22 14:49:40",151
"2020-01-22 15:49:16",151
"2020-01-22 16:49:47",151
"2020-01-22 17:49:37",151
"2020-01-22 18:49:08",151
"2020-01-22 19:49:47",151
"2020-01-22 20:49:40",151
"2020-01-22 21:49:48",152
"2020-01-22 22:49:19",152
"2020-01-22 23:49:33",152
"2020-01-23 00:49:29",152
"2020-01-23 01:49:43",152
"2020-01-23 02:49:03",152
"2020-01-23 03:49:02",152
"2020-01-23 04:48:53",152
"2020-01-23 05:48:27",152
"2020-01-23 06:48:43",152
"2020-01-23 07:48:45",152
"2020-01-23 08:48:40",152
"2020-01-23 10:48:32",152
"2020-01-23 11:48:34",152
"2020-01-23 12:48:41",152
"2020-01-23 14:11:54",151
"2020-01-23 14:49:32",151
"2020-01-23 15:49:08",151
"2020-01-23 16:48:56",151
"2020-01-23 17:48:42",151
"2020-01-23 18:49:06",151
"2020-01-23 19:48:51",151
"2020-01-23 20:49:09",151
"2020-01-23 21:49:06",151
"2020-01-23 22:48:43",151
"2020-01-23 23:48:41",151
"2020-01-24 00:48:44",151
"2020-01-24 01:48:56",151
"2020-01-24 02:49:31",151
"2020-01-24 03:48:36",151
"2020-01-24 04:48:47",151
"2020-01-24 05:49:00",151
"2020-01-24 06:48:22",151
"2020-01-24 07:48:57",151
"2020-01-24 08:48:23",151
"2020-01-24 09:58:02",151
"2020-01-24 10:48:36",151
"2020-01-24 11:48:28",151
"2020-01-24 12:48:32",151
"2020-01-24 14:10:54",151
"2020-01-24 14:49:12",151
"2020-01-24 15:49:08",151
"2020-01-24 16:48:58",151
"2020-01-24 17:48:48",151
"2020-01-24 18:48:50",151
"2020-01-24 19:49:04",151
"2020-01-24 20:49:07",151
"2020-01-24 21:48:41",152
"2020-01-24 22:48:36",152
"2020-01-24 23:48:43",152
"2020-01-25 00:48:40",152
"2020-01-25 01:48:48",152
"2020-01-25 02:49:05",152
"2020-01-25 03:48:58",152
"2020-01-25 04:48:42",152
"2020-01-25 05:48:47",152
"2020-01-25 06:48:43",152
"2020-01-25 07:48:43",152
"2020-01-25 08:48:45",152
"2020-01-25 09:58:27",152
"2020-01-25 10:48:20",152
"2020-01-25 11:48:31",152
"2020-01-25 12:48:43",152
"2020-01-25 14:48:41",152
"2020-01-25 15:48:32",152
"2020-01-25 16:48:44",152
"2020-01-25 17:48:43",152
"2020-01-25 18:48:43",152
"2020-01-25 19:48:48",152
"2020-01-25 20:48:42",152
"2020-01-25 21:48:35",152
"2020-01-25 22:48:45",152
"2020-01-25 23:48:38",152
"2020-01-26 00:48:54",152
"2020-01-26 01:48:40",152
"2020-01-26 02:48:50",152
"2020-01-26 03:48:46",152
"2020-01-26 04:48:34",152
"2020-01-26 06:48:23",152
"2020-01-26 07:48:26",152
"2020-01-27 02:48:52",152
"2020-01-27 03:48:47",152
"2020-01-27 04:48:48",152
"2020-01-27 05:48:48",152
"2020-01-27 06:48:56",152
"2020-01-27 07:48:34",152
"2020-01-27 08:48:40",152
"2020-01-27 09:48:58",152
"2020-01-27 10:48:39",152
"2020-01-27 11:48:43",152
"2020-01-27 12:48:11",152
"2020-01-27 13:48:54",152
"2020-01-27 14:50:16",152
"2020-01-27 15:49:29",152
"2020-01-27 16:49:05",153
"2020-01-27 17:49:13",152
"2020-01-27 18:49:15",152
"2020-01-27 19:49:23",152
"2020-01-27 20:49:08",152
"2020-01-27 21:49:14",152
"2020-01-27 22:49:56",152
"2020-01-27 23:49:23",152
"2020-01-28 00:48:38",152
"2020-01-28 01:49:21",152
"2020-01-28 02:49:19",152
"2020-01-28 03:49:01",152
"2020-01-28 04:49:07",152
"2020-01-28 05:48:48",152
"2020-01-28 06:48:25",152
"2020-01-28 07:48:34",152
"2020-01-28 08:48:55",152
"2020-01-28 09:49:21",152
"2020-01-28 10:48:39",152
"2020-01-28 11:48:34",152
"2020-01-28 12:48:38",152
"2020-01-28 14:11:27",152
"2020-01-28 14:49:53",152
"2020-01-28 15:49:11",151
"2020-01-28 16:49:27",150
"2020-01-28 17:48:57",150
"2020-01-28 18:49:12",150
"2020-01-28 19:49:06",150
"2020-01-28 21:49:46",150
"2020-01-28 22:49:13",150
"2020-01-28 23:48:46",150
"2020-01-29 00:48:55",150
"2020-01-29 01:49:09",150
"2020-01-29 02:49:30",150
"2020-01-29 03:49:09",150
"2020-01-29 04:49:06",150
"2020-01-29 05:49:08",150
"2020-01-29 06:48:57",150
"2020-01-29 07:48:38",150
"2020-01-29 08:48:40",150
"2020-01-29 09:48:55",150
"2020-01-29 10:48:27",150
"2020-01-29 11:48:36",150
"2020-01-29 12:48:47",150
"2020-01-29 13:49:11",150
"2020-01-29 14:49:46",150
"2020-01-29 15:49:23",151
"2020-01-29 16:49:11",151
"2020-01-29 17:49:38",151
"2020-01-29 18:49:21",151
"2020-01-29 19:49:28",151
"2020-01-29 20:49:26",151
"2020-01-29 21:49:15",151
"2020-01-29 22:48:55",151
"2020-01-29 23:48:51",151
"2020-01-30 00:49:07",151
"2020-01-30 01:49:18",151
"2020-01-30 02:49:15",151
"2020-01-30 03:48:47",151
"2020-01-30 04:49:34",151
"2020-01-30 05:49:34",151
"2020-01-30 06:48:53",151
"2020-01-30 07:48:33",151
"2020-01-30 08:48:50",151
"2020-01-30 09:48:54",151
"2020-01-30 10:48:24",151
"2020-01-30 11:48:41",151
"2020-01-30 12:48:47",151
"2020-01-30 13:48:46",151
"2020-01-30 14:49:47",152
"2020-01-30 15:49:29",152
"2020-01-30 16:49:29",151
"2020-01-30 17:49:25",152
"2020-01-30 18:49:15",152
"2020-01-30 19:49:29",152
"2020-01-30 20:48:53",152
"2020-01-30 21:49:20",152
"2020-01-30 22:48:32",152
"2020-01-30 23:48:42",152
"2020-01-31 00:48:47",152
"2020-01-31 01:49:21",152
"2020-01-31 02:48:54",152
"2020-01-31 03:49:09",152
"2020-01-31 04:48:56",152
"2020-01-31 05:48:46",152
"2020-01-31 06:48:34",152
"2020-01-31 07:48:48",152
"2020-01-31 08:49:06",152
"2020-01-31 09:49:10",152
"2020-01-31 10:48:42",152
"2020-01-31 11:48:36",152
"2020-01-31 12:48:34",152
"2020-01-31 13:48:59",152
"2020-01-31 14:49:19",152
"2020-01-31 15:49:09",151
"2020-01-31 16:49:06",151
"2020-01-31 17:49:08",151
"2020-01-31 18:49:00",151
"2020-01-31 19:49:20",151
"2020-01-31 20:49:09",150
"2020-01-31 21:48:31",150
"2020-01-31 22:48:42",150
"2020-01-31 23:48:46",150
"2020-02-01 00:48:38",150
"2020-02-01 01:49:20",150
"2020-02-01 02:48:57",150
"2020-02-01 03:48:47",150
"2020-02-01 04:48:54",150
"2020-02-01 05:49:09",150
"2020-02-01 06:49:13",150
"2020-02-01 07:48:36",150
"2020-02-01 08:48:49",150
"2020-02-01 09:49:03",150
"2020-02-01 10:48:28",150
"2020-02-01 11:48:49",150
"2020-02-01 12:48:28",150
"2020-02-01 13:48:52",150
"2020-02-01 14:48:59",150
"2020-02-01 15:48:57",150
"2020-02-01 16:48:47",150
"2020-02-01 17:49:00",150
"2020-02-01 18:48:43",150
"2020-02-01 19:48:48",150
"2020-02-01 20:49:06",150
"2020-02-01 21:49:17",150
"2020-02-01 22:49:07",150
"2020-02-01 23:49:14",150
"2020-02-02 00:49:12",150
"2020-02-02 01:49:21",150
"2020-02-02 02:49:06",150
"2020-02-02 03:49:12",150
"2020-02-02 04:48:55",150
"2020-02-02 05:49:03",150
"2020-02-02 06:49:04",150
"2020-02-02 07:48:57",150
"2020-02-02 08:49:04",150
"2020-02-02 09:48:58",150
"2020-02-02 10:48:47",150
"2020-02-02 11:48:57",150
"2020-02-02 12:49:02",150
"2020-02-02 13:49:08",150
"2020-02-02 14:48:58",150
"2020-02-02 15:48:57",150
"2020-02-02 16:49:12",150
"2020-02-02 17:49:20",150
"2020-02-02 18:48:59",150
"2020-02-02 19:49:11",150
"2020-02-02 20:49:14",150
"2020-02-02 21:49:04",150
"2020-02-02 22:49:12",150
"2020-02-02 23:49:20",150
"2020-02-03 00:49:45",150
"2020-02-03 01:49:32",150
"2020-02-03 02:49:08",150
"2020-02-03 03:49:15",150
"2020-02-03 04:49:22",150
"2020-02-03 05:49:19",150
"2020-02-03 06:48:54",150
"2020-02-03 07:48:58",150
"2020-02-03 08:49:05",150
"2020-02-03 09:49:05",150
"2020-02-03 10:48:52",150
"2020-02-03 11:48:55",150
"2020-02-03 12:48:40",150
"2020-02-03 14:48:07",150
"2020-02-03 14:55:53",150
"2020-02-03 15:49:40",151
"2020-02-03 16:49:24",151
"2020-02-03 17:49:26",151
"2020-02-03 18:49:32",150
"2020-02-03 19:49:27",150
"2020-02-03 20:49:24",150
"2020-02-03 21:49:20",150
"2020-02-03 22:49:16",150
"2020-02-03 23:49:23",150
"2020-02-04 00:49:15",150
"2020-02-04 01:49:33",150
"2020-02-04 02:49:29",150
"2020-02-04 03:49:29",150
"2020-02-04 04:49:27",150
"2020-02-04 05:49:37",150
"2020-02-04 06:49:08",150
"2020-02-04 07:49:24",150
"2020-02-04 08:48:50",150
"2020-02-04 09:49:21",150
"2020-02-04 10:48:53",150
"2020-02-04 11:49:11",150
"2020-02-04 12:49:15",150
"2020-02-04 14:15:02",150
"2020-02-04 15:49:38",151
"2020-02-04 16:49:28",152
"2020-02-04 17:49:31",152
"2020-02-04 18:49:10",152
"2020-02-04 19:49:22",152
"2020-02-04 20:49:21",152
"2020-02-04 21:49:19",152
"2020-02-04 22:49:13",152
"2020-02-04 23:49:20",152
"2020-02-05 00:49:28",152
"2020-02-05 01:49:17",152
"2020-02-05 02:49:30",152
"2020-02-05 03:49:29",152
"2020-02-05 04:50:11",152
"2020-02-05 05:49:19",152
"2020-02-05 06:49:23",152
"2020-02-05 07:49:20",152
"2020-02-05 08:49:11",152
"2020-02-05 09:49:02",152
"2020-02-05 10:49:16",152
"2020-02-05 11:49:07",152
"2020-02-05 12:49:20",152
"2020-02-05 14:09:02",152
"2020-02-05 14:49:55",152
"2020-02-05 15:49:47",153
"2020-02-05 16:49:34",154
"2020-02-05 17:49:20",153
"2020-02-05 18:49:30",153
"2020-02-05 19:49:31",153
"2020-02-05 20:49:36",154
"2020-02-05 21:49:16",154
"2020-02-05 22:49:18",154
"2020-02-05 23:49:17",154
"2020-02-06 00:49:34",154
"2020-02-06 01:49:33",154
"2020-02-06 02:49:37",154
"2020-02-06 03:49:53",154
"2020-02-06 04:49:36",154
"2020-02-06 05:49:34",154
"2020-02-06 06:49:14",154
"2020-02-06 07:49:26",154
"2020-02-06 08:49:17",154
"2020-02-06 09:49:15",154
"2020-02-06 10:49:05",154
"2020-02-06 11:49:09",154
"2020-02-06 12:49:03",154
"2020-02-06 13:49:04",154
"2020-02-06 14:49:52",154
"2020-02-06 15:49:43",156
"2020-02-06 16:49:33",155
"2020-02-06 17:49:33",155
"2020-02-06 18:49:28",155
"2020-02-06 19:49:33",155
"2020-02-06 20:49:29",155
"2020-02-06 21:49:19",154
"2020-02-06 22:49:31",154
"2020-02-06 23:49:11",154
"2020-02-07 00:49:27",154
"2020-02-07 01:49:32",154
"2020-02-07 02:49:13",154
"2020-02-07 03:49:27",154
"2020-02-07 04:49:20",154
"2020-02-07 05:49:33",154
"2020-02-07 06:49:37",154
"2020-02-07 07:49:31",154
"2020-02-07 08:49:14",154
"2020-02-07 09:49:24",154
"2020-02-07 10:49:02",154
"2020-02-07 11:49:05",154
"2020-02-07 12:49:08",154
"2020-02-07 14:10:32",154
"2020-02-07 14:49:53",154
"2020-02-07 15:49:37",155
"2020-02-07 16:49:36",155
"2020-02-07 17:49:49",155
"2020-02-07 18:49:28",155
"2020-02-07 19:49:32",155
"2020-02-07 20:49:39",155
"2020-02-07 21:49:17",155
"2020-02-07 22:49:29",155
"2020-02-07 23:49:02",155
"2020-02-08 00:49:16",155
"2020-02-08 01:49:14",155
"2020-02-08 02:49:23",155
"2020-02-08 03:49:20",155
"2020-02-08 04:49:29",155
"2020-02-08 05:49:18",155
"2020-02-08 06:49:09",155
"2020-02-08 07:49:15",155
"2020-02-08 08:49:00",155
"2020-02-08 09:49:05",155
"2020-02-08 10:48:51",155
"2020-02-08 11:48:56",155
"2020-02-08 12:49:01",155
"2020-02-08 13:48:54",155
"2020-02-08 14:49:30",155
"2020-02-08 15:49:16",155
"2020-02-08 16:49:23",155
"2020-02-08 17:49:18",155
"2020-02-08 18:52:05",155
"2020-02-08 19:49:07",155
"2020-02-08 20:49:16",155
"2020-02-08 21:49:21",155
"2020-02-08 22:49:28",155
"2020-02-08 23:49:17",155
"2020-02-09 00:49:08",155
"2020-02-09 01:49:18",155
"2020-02-09 02:49:15",155
"2020-02-09 03:49:18",155
"2020-02-09 04:49:08",155
"2020-02-09 05:49:16",155
"2020-02-09 06:49:06",155
"2020-02-09 07:49:08",155
"2020-02-09 08:49:05",155
"2020-02-09 09:49:11",155
"2020-02-09 10:49:13",155
"2020-02-09 11:49:17",155
"2020-02-09 12:49:06",155
"2020-02-09 13:49:09",155
"2020-02-09 14:49:13",155
"2020-02-09 15:49:21",155
"2020-02-09 16:49:11",155
"2020-02-09 17:49:18",155
"2020-02-09 18:49:19",155
"2020-02-09 19:49:18",155
"2020-02-09 20:49:15",155
"2020-02-09 21:49:34",155
"2020-02-09 22:49:16",155
"2020-02-09 23:50:00",155
"2020-02-10 00:49:25",155
"2020-02-10 01:49:28",155
"2020-02-10 02:49:14",155
"2020-02-10 03:49:11",155
"2020-02-10 04:49:21",155
"2020-02-10 05:49:23",155
"2020-02-10 06:49:15",155
"2020-02-10 07:49:16",155
"2020-02-10 08:49:09",155
"2020-02-10 09:49:24",155
"2020-02-10 10:49:05",155
"2020-02-10 11:49:09",155
"2020-02-10 12:48:57",155
"2020-02-10 13:49:11",155
"2020-02-10 14:49:42",155
"2020-02-10 15:49:48",156
"2020-02-10 16:49:34",155
"2020-02-10 17:49:25",155
"2020-02-10 18:49:29",156
"2020-02-10 19:49:33",156
"2020-02-10 20:49:39",156
"2020-02-10 21:49:31",156
"2020-02-10 22:49:21",156
"2020-02-10 23:49:16",156
"2020-02-11 00:49:20",156
"2020-02-11 01:49:53",156
"2020-02-11 02:49:28",156
"2020-02-11 03:49:22",156
"2020-02-11 04:49:23",156
"2020-02-11 05:49:28",156
"2020-02-11 06:49:15",156
"2020-02-11 07:49:14",156
"2020-02-11 08:49:18",156
"2020-02-11 09:49:18",156
"2020-02-11 10:48:58",156
"2020-02-11 11:49:09",156
"2020-02-11 12:48:52",156
"2020-02-11 14:10:59",156
"2020-02-11 14:49:52",156
"2020-02-11 15:49:44",156
"2020-02-11 16:49:40",156
"2020-02-11 17:49:29",156
"2020-02-11 18:49:32",156
"2020-02-11 19:49:24",155
"2020-02-11 20:49:36",155
"2020-02-11 21:53:29",155
"2020-02-11 22:49:45",155
"2020-02-11 23:49:16",155
"2020-02-12 00:49:53",155
"2020-02-12 01:49:29",155
"2020-02-12 02:50:03",155
"2020-02-12 03:49:19",155
"2020-02-12 04:49:33",155
"2020-02-12 05:49:12",155
"2020-02-12 06:49:16",155
"2020-02-12 07:49:04",155
"2020-02-12 08:49:11",155
"2020-02-12 09:49:27",155
"2020-02-12 10:49:07",155
"2020-02-12 11:49:04",155
"2020-02-12 12:49:06",155
"2020-02-12 14:11:01",155
"2020-02-12 14:49:51",155
"2020-02-12 15:49:37",154
"2020-02-12 16:49:30",154
"2020-02-12 17:49:38",153
"2020-02-12 18:49:32",153
"2020-02-12 19:49:23",153
"2020-02-12 20:49:40",153
"2020-02-12 21:49:23",153
"2020-02-12 22:48:53",153
"2020-02-12 23:48:35",153
"2020-02-13 00:49:13",153
"2020-02-13 01:49:03",153
"2020-02-13 02:49:46",153
"2020-02-13 03:49:36",153
"2020-02-13 04:49:25",153
"2020-02-13 05:49:15",153
"2020-02-13 06:49:15",153
"2020-02-13 07:48:58",153
"2020-02-13 08:49:10",153
"2020-02-13 09:48:55",153
"2020-02-13 10:48:39",153
"2020-02-13 11:49:14",153
"2020-02-13 12:48:51",153
"2020-02-13 14:10:56",153
"2020-02-13 14:49:17",153
"2020-02-13 15:49:23",153
"2020-02-13 16:49:24",153
"2020-02-13 17:49:45",153
"2020-02-13 18:49:36",154
"2020-02-13 19:49:27",154
"2020-02-13 20:49:11",154
"2020-02-13 21:49:22",155
"2020-02-13 22:48:58",155
"2020-02-13 23:48:55",155
"2020-02-14 00:48:53",155
"2020-02-14 01:49:17",155
"2020-02-14 02:49:17",155
"2020-02-14 03:49:02",155
"2020-02-14 04:49:13",155
"2020-02-14 05:49:13",155
"2020-02-14 06:48:42",155
"2020-02-14 07:48:36",155
"2020-02-14 08:49:00",155
"2020-02-14 09:48:47",155
"2020-02-14 10:48:51",155
"2020-02-14 11:48:43",155
"2020-02-14 12:48:55",155
"2020-02-14 13:49:01",155
"2020-02-14 14:49:30",155
"2020-02-14 15:49:47",154
"2020-02-14 16:49:05",154
"2020-02-14 17:49:10",154
"2020-02-14 18:49:04",153
"2020-02-14 19:49:09",153
"2020-02-14 20:49:30",153
"2020-02-14 21:48:59",153
"2020-02-14 22:48:50",153
"2020-02-14 23:49:21",153
"2020-02-15 00:48:53",153
"2020-02-15 01:49:06",153
"2020-02-15 02:49:14",153
"2020-02-15 03:49:07",153
"2020-02-15 04:49:00",153
"2020-02-15 05:48:03",153
"2020-02-15 06:48:17",153
"2020-02-15 07:48:05",153
"2020-02-15 08:48:06",153
"2020-02-15 09:48:10",153
"2020-02-15 10:47:59",153
"2020-02-15 11:48:04",153
"2020-02-15 12:48:14",153
"2020-02-15 13:48:04",153
"2020-02-15 14:48:10",153
"2020-02-15 15:48:07",153
"2020-02-15 16:48:03",153
"2020-02-15 17:48:02",153
"2020-02-15 18:48:29",153
"2020-02-15 19:48:01",153
"2020-02-15 20:48:06",153
"2020-02-15 21:48:03",153
"2020-02-15 22:48:05",153
"2020-02-15 23:48:04",153
"2020-02-16 00:48:04",153
"2020-02-16 01:48:04",153
"2020-02-16 02:48:04",153
"2020-02-16 03:48:05",153
"2020-02-16 04:48:09",153
"2020-02-16 05:48:06",153
"2020-02-16 06:48:02",153
"2020-02-16 07:48:02",153
"2020-02-16 08:48:02",153
"2020-02-16 09:48:09",153
"2020-02-16 10:48:01",153
"2020-02-16 11:48:03",153
"2020-02-16 12:48:07",153
"2020-02-16 13:48:03",153
"2020-02-16 14:48:09",153
"2020-02-16 15:48:28",153
"2020-02-16 16:48:17",153
"2020-02-16 17:48:05",153
"2020-02-16 18:48:08",153
"2020-02-16 19:48:04",153
"2020-02-16 20:48:04",153
"2020-02-16 21:48:04",153
"2020-02-16 22:48:05",153
"2020-02-16 23:48:06",153
"2020-02-17 00:48:03",153
"2020-02-17 01:48:03",153
"2020-02-17 02:48:09",153
"2020-02-17 03:48:06",153
"2020-02-17 04:48:04",153
"2020-02-17 05:48:04",153
"2020-02-17 06:48:08",153
"2020-02-17 07:48:00",153
"2020-02-17 08:48:06",153
"2020-02-17 09:48:08",153
"2020-02-17 10:48:03",153
"2020-02-17 11:47:59",153
"2020-02-17 12:48:19",153
"2020-02-17 13:48:00",153
"2020-02-17 14:47:57",153
"2020-02-17 15:48:03",153
"2020-02-17 16:48:22",153
"2020-02-17 17:48:01",153
"2020-02-17 18:48:05",153
"2020-02-17 19:48:00",153
"2020-02-17 20:48:00",153
"2020-02-17 22:48:22",153
"2020-02-17 23:48:28",153
"2020-02-18 00:47:59",153
"2020-02-18 01:48:04",153
"2020-02-18 02:48:10",153
"2020-02-18 03:48:08",153
"2020-02-18 04:48:05",153
"2020-02-18 05:48:57",153
"2020-02-18 06:48:29",153
"2020-02-18 07:48:50",153
"2020-02-18 08:48:56",153
"2020-02-18 09:48:53",153
"2020-02-18 10:48:43",153
"2020-02-18 11:48:42",153
"2020-02-18 12:49:16",153
"2020-02-18 14:11:26",153
"2020-02-18 14:49:32",153
"2020-02-18 15:49:23",151
"2020-02-18 16:49:15",151
"2020-02-18 18:49:14",152
"2020-02-18 19:49:13",152
"2020-02-18 20:49:03",152
"2020-02-18 21:48:54",152
"2020-02-18 22:48:46",152
"2020-02-18 23:48:58",152
"2020-02-19 01:48:56",152
"2020-02-19 02:49:09",152
"2020-02-19 03:49:11",152
"2020-02-19 04:49:06",152
"2020-02-19 05:48:39",152
"2020-02-19 06:49:13",152
"2020-02-19 07:48:54",152
"2020-02-19 08:48:48",152
"2020-02-19 09:49:07",152
"2020-02-19 10:48:35",152
"2020-02-19 11:48:33",152
"2020-02-19 12:48:52",152
"2020-02-19 14:12:57",152
"2020-02-19 14:49:35",152
"2020-02-19 15:49:24",151
"2020-02-19 16:49:00",151
"2020-02-19 17:49:16",151
"2020-02-19 18:49:08",151
"2020-02-19 19:48:55",151
"2020-02-19 20:49:02",151
"2020-02-19 21:49:30",151
"2020-02-19 22:49:04",151
"2020-02-19 23:48:55",151
"2020-02-20 00:49:13",151
"2020-02-20 01:49:12",151
"2020-02-20 02:49:18",151
"2020-02-20 03:49:13",151
"2020-02-20 04:49:13",151
"2020-02-20 05:49:17",151
"2020-02-20 06:49:32",151
"2020-02-20 07:49:26",151
"2020-02-20 08:49:29",151
"2020-02-20 09:49:03",151
"2020-02-20 10:49:02",151
"2020-02-20 11:49:19",151
"2020-02-20 12:49:16",151
"2020-02-20 13:49:27",151
"2020-02-20 14:48:34",151
"2020-02-20 15:48:49",152
"2020-02-20 16:48:32",152
"2020-02-20 17:49:11",152
"2020-02-20 18:49:35",152
"2020-02-20 19:50:05",152
"2020-02-20 20:49:44",152
"2020-02-20 21:49:40",152
"2020-02-20 22:49:51",152
"2020-02-20 23:49:31",152
"2020-02-21 01:49:39",152
"2020-02-21 02:49:56",152
"2020-02-21 03:50:25",152
"2020-02-21 04:50:26",152
"2020-02-21 05:49:49",152
"2020-02-21 06:49:40",152
"2020-02-21 07:50:02",152
"2020-02-21 08:49:37",152
"2020-02-21 09:50:29",152
"2020-02-21 10:51:17",152
"2020-02-21 11:50:26",152
"2020-02-21 12:50:17",152
"2020-02-21 13:50:29",152
"2020-02-21 14:50:28",152
"2020-02-21 15:50:52",150
"2020-02-21 16:51:32",150
"2020-02-21 17:51:14",150
"2020-02-21 18:50:34",150
"2020-02-21 19:49:51",150
"2020-02-21 20:49:49",150
"2020-02-21 21:50:35",150
"2020-02-21 22:50:00",150
"2020-02-21 23:52:46",150
"2020-02-22 00:50:55",150
"2020-02-22 01:50:06",150
"2020-02-22 02:50:04",150
"2020-02-22 03:50:59",150
"2020-02-22 04:50:18",150
"2020-02-22 05:49:23",150
"2020-02-22 06:48:36",150
"2020-02-22 07:49:15",150
"2020-02-22 08:50:02",150
"2020-02-22 09:48:36",150
"2020-02-22 10:49:04",150
"2020-02-22 11:48:38",150
"2020-02-22 12:49:31",150
"2020-02-22 13:51:46",150
"2020-02-22 14:48:39",150
"2020-02-22 15:48:55",150
"2020-02-22 16:50:53",150
"2020-02-22 17:49:43",150
"2020-02-22 18:48:47",150
"2020-02-22 19:48:43",150
"2020-02-22 20:49:30",150
"2020-02-22 21:51:06",150
"2020-02-22 22:49:56",150
"2020-02-22 23:48:40",150
"2020-02-23 00:48:53",150
"2020-02-23 01:49:01",150
"2020-02-23 02:49:19",150
"2020-02-23 03:48:50",150
"2020-02-23 04:49:30",150
"2020-02-23 05:49:31",150
"2020-02-23 06:48:52",150
"2020-02-23 07:49:01",150
"2020-02-23 08:50:00",150
"2020-02-23 09:48:48",150
"2020-02-23 10:48:55",150
"2020-02-23 11:48:59",150
"2020-02-23 12:48:55",150
"2020-02-23 13:48:54",150
"2020-02-23 14:49:36",150
"2020-02-23 15:48:53",150
"2020-02-23 16:48:58",150
"2020-02-23 17:48:39",150
"2020-02-23 18:48:56",150
"2020-02-23 19:48:57",150
"2020-02-23 20:48:50",150
"2020-02-23 21:49:34",150
"2020-02-23 22:48:35",150
"2020-02-23 23:48:59",150
"2020-02-24 00:49:48",150
"2020-02-24 01:48:44",150
"2020-02-24 02:49:43",150
"2020-02-24 03:48:52",150
"2020-02-24 04:49:09",150
"2020-02-24 05:50:41",150
"2020-02-24 06:49:48",150
"2020-02-24 07:49:37",150
"2020-02-24 08:49:47",150
"2020-02-24 09:59:20",150
"2020-02-24 10:49:25",150
"2020-02-24 11:50:28",150
"2020-02-24 12:49:32",150
"2020-02-24 13:50:20",150
"2020-02-24 14:51:19",150
"2020-02-24 15:49:52",149
"2020-02-24 16:50:45",149
"2020-02-24 17:50:03",149
"2020-02-24 18:50:10",149
"2020-02-24 19:50:51",150
"2020-02-24 20:50:57",150
"2020-02-24 21:50:42",150
"2020-02-24 22:50:38",150
"2020-02-24 23:49:34",150
"2020-02-25 00:49:47",150
"2020-02-25 01:49:42",150
"2020-02-25 02:50:16",150
"2020-02-25 03:50:04",150
"2020-02-25 04:50:04",150
"2020-02-25 05:51:12",150
"2020-02-25 06:50:10",150
"2020-02-25 07:50:09",150
"2020-02-25 08:50:18",150
"2020-02-25 10:00:04",150
"2020-02-25 10:50:19",150
"2020-02-25 11:49:43",150
"2020-02-25 12:50:12",150
"2020-02-25 14:12:21",150
"2020-02-25 14:50:11",150
"2020-02-25 15:50:08",150
"2020-02-25 16:50:08",150
"2020-02-25 17:49:57",149
"2020-02-25 18:50:37",149
"2020-02-25 19:50:00",149
"2020-02-25 20:50:56",150
"2020-02-25 21:50:48",149
"2020-02-25 22:50:00",149
"2020-02-25 23:49:57",149
"2020-02-26 00:49:49",149
"2020-02-26 01:50:04",149
"2020-02-26 02:50:15",149
"2020-02-26 03:49:49",149
"2020-02-26 04:51:06",149
"2020-02-26 05:50:42",149
"2020-02-26 06:50:36",149
"2020-02-26 07:51:26",149
"2020-02-26 08:50:28",149
"2020-02-26 09:50:08",149
"2020-02-26 10:49:48",149
"2020-02-26 11:50:21",149
"2020-02-26 12:49:46",149
"2020-02-26 13:50:42",149
"2020-02-26 14:51:18",149
"2020-02-26 15:50:54",147
"2020-02-26 16:50:12",147
"2020-02-26 17:50:06",147
"2020-02-26 18:50:15",147
"2020-02-26 19:50:43",147
"2020-02-26 20:50:40",147
"2020-02-26 21:50:40",147
"2020-02-26 22:50:40",147
"2020-02-26 23:50:41",147
"2020-02-27 00:49:50",147
"2020-02-27 01:50:16",147
"2020-02-27 02:49:40",147
"2020-02-27 03:51:03",147
"2020-02-27 04:49:57",147
"2020-02-27 05:49:55",147
"2020-02-27 06:50:00",147
"2020-02-27 07:49:38",147
"2020-02-27 08:50:25",147
"2020-02-27 09:49:57",147
"2020-02-27 10:50:44",147
"2020-02-27 11:50:12",147
"2020-02-27 12:50:39",147
"2020-02-27 14:10:54",147
"2020-02-27 14:51:35",147
"2020-02-27 15:50:44",147
"2020-02-27 16:50:56",147
"2020-02-27 17:50:24",147
"2020-02-27 18:50:35",147
"2020-02-27 19:49:46",147
"2020-02-27 20:50:22",147
"2020-02-27 21:50:05",147
"2020-02-27 22:50:41",147
"2020-02-27 23:50:02",147
"2020-02-28 00:50:56",147
"2020-02-28 01:49:52",147
"2020-02-28 02:49:54",147
"2020-02-28 03:50:48",147
"2020-02-28 04:51:06",147
"2020-02-28 05:50:51",147
"2020-02-28 06:50:11",147
"2020-02-28 07:50:38",147
"2020-02-28 08:51:05",147
"2020-02-28 09:50:50",147
"2020-02-28 10:49:48",147
"2020-02-28 11:50:10",147
"2020-02-28 12:50:33",147
"2020-02-28 14:11:28",147
"2020-02-28 14:50:16",147
"2020-02-28 15:50:07",144
"2020-02-28 16:50:14",144
"2020-02-28 17:50:10",144
"2020-02-28 18:50:08",144
"2020-02-28 19:51:00",144
"2020-02-28 20:49:55",144
"2020-02-28 21:49:55",144
"2020-02-28 22:50:33",144
"2020-02-28 23:49:55",144
"2020-02-29 00:50:09",144
"2020-02-29 01:49:59",144
"2020-02-29 02:49:55",144
"2020-02-29 03:49:46",144
"2020-02-29 04:50:18",144
"2020-02-29 05:49:51",144
"2020-02-29 06:49:31",144
"2020-02-29 07:51:05",144
"2020-02-29 09:51:04",144
"2020-02-29 10:48:47",144
"2020-02-29 11:48:40",144
"2020-02-29 12:51:08",144
"2020-02-29 13:51:09",144
"2020-02-29 14:49:01",144
"2020-02-29 15:48:59",144
"2020-02-29 16:49:46",144
"2020-02-29 17:49:32",144
"2020-02-29 18:48:56",144
"2020-02-29 19:48:52",144
"2020-02-29 20:48:42",144
"2020-02-29 21:49:18",144
"2020-02-29 22:51:54",144
"2020-02-29 23:51:00",144
"2020-03-01 00:51:01",144
"2020-03-01 01:51:04",144
"2020-03-01 02:48:58",144
"2020-03-01 03:51:01",144
"2020-03-01 04:48:50",144
"2020-03-01 05:49:35",144
"2020-03-01 06:48:54",144
"2020-03-01 07:49:26",144
"2020-03-01 08:48:43",144
"2020-03-01 09:51:03",144
"2020-03-01 10:50:54",144
"2020-03-01 11:49:22",144
"2020-03-01 12:49:35",144
"2020-03-01 13:48:44",144
"2020-03-01 14:48:39",144
"2020-03-01 15:51:09",144
"2020-03-01 16:49:43",144
"2020-03-01 17:50:57",144
"2020-03-01 18:51:10",144
"2020-03-01 19:51:14",144
"2020-03-01 20:51:11",144
"2020-03-01 21:48:49",144
"2020-03-01 22:48:51",144
"2020-03-01 23:51:06",144
"2020-03-02 00:48:36",144
"2020-03-02 01:49:40",144
"2020-03-02 02:51:01",144
"2020-03-02 03:51:55",144
"2020-03-02 04:49:40",144
"2020-03-02 05:52:23",144
"2020-03-02 07:49:53",144
"2020-03-02 08:52:13",144
"2020-03-02 09:51:48",144
"2020-03-02 10:50:18",144
"2020-03-02 11:49:49",144
"2020-03-02 12:50:41",144
"2020-03-02 13:52:18",144
"2020-03-02 18:50:02",144
"2020-03-03 00:50:44",145
"2020-03-03 01:51:05",145
"2020-03-03 02:50:42",145
"2020-03-03 03:51:32",145
"2020-03-03 04:52:22",145
"2020-03-03 06:53:08",145
"2020-03-03 07:50:38",145
"2020-03-03 08:53:03",145
"2020-03-03 09:53:18",145
"2020-03-03 10:50:39",145
"2020-03-03 11:53:57",145
"2020-03-03 12:50:40",145
"2020-03-03 13:53:24",145
"2020-03-03 14:52:30",145
"2020-03-03 16:54:11",145
"2020-03-03 17:53:32",144
"2020-03-03 18:50:02",144
"2020-03-03 19:50:02",144
"2020-03-03 20:51:01",145
"2020-03-03 21:50:44",147
"2020-03-03 22:54:21",147
"2020-03-03 23:52:10",147
"2020-03-04 00:53:02",147
"2020-03-04 01:52:26",147
"2020-03-04 02:50:10",147
"2020-03-04 03:50:40",147
"2020-03-04 04:52:57",147
"2020-03-04 05:50:15",147
"2020-03-04 06:53:02",147
"2020-03-04 07:50:33",147
"2020-03-04 08:52:22",147
"2020-03-04 09:50:31",147
"2020-03-04 10:49:43",147
"2020-03-04 11:53:01",147
"2020-03-04 12:52:44",147
"2020-03-04 13:51:55",147
"2020-03-04 14:50:07",147
"2020-03-04 15:53:17",147
"2020-03-04 16:50:08",147
"2020-03-04 17:50:43",147
"2020-03-04 18:52:20",146
"2020-03-04 19:57:44",146
"2020-03-04 20:52:32",146
"2020-03-04 21:49:50",146
"2020-03-04 22:52:23",146
"2020-03-04 23:50:13",146
"2020-03-05 00:50:29",146
"2020-03-05 01:50:49",146
"2020-03-05 02:50:08",146
"2020-03-05 03:50:14",146
"2020-03-05 04:50:35",146
"2020-03-05 05:50:45",146
"2020-03-05 06:50:21",146
"2020-03-05 07:50:05",146
"2020-03-05 08:51:39",146
"2020-03-05 09:50:44",146
"2020-03-05 10:50:00",146
"2020-03-05 11:52:51",146
"2020-03-05 12:50:38",146
"2020-03-05 13:50:33",146
"2020-03-05 14:52:38",146
"2020-03-05 15:50:49",146
"2020-03-05 16:52:30",146
"2020-03-05 17:50:02",145
"2020-03-05 18:50:19",145
"2020-03-05 19:50:12",145
"2020-03-05 20:50:09",145
"2020-03-05 21:49:58",145
"2020-03-05 22:52:21",145
"2020-03-05 23:52:19",145
"2020-03-06 00:50:00",145
"2020-03-06 01:50:07",145
"2020-03-06 02:53:41",145
"2020-03-06 03:52:24",145
"2020-03-06 04:52:25",145
"2020-03-06 05:52:28",145
"2020-03-06 06:53:01",145
"2020-03-06 07:52:09",145
"2020-03-06 08:50:22",145
"2020-03-06 09:52:30",145
"2020-03-06 10:49:55",145
"2020-03-06 11:52:54",145
"2020-03-06 12:50:10",145
"2020-03-06 13:49:42",145
"2020-03-06 14:53:40",145
"2020-03-06 15:50:59",149
"2020-03-06 16:50:56",150
"2020-03-06 17:50:24",151
"2020-03-06 18:49:56",153
"2020-03-06 19:50:38",153
"2020-03-06 20:50:18",153
"2020-03-06 21:49:55",153
"2020-03-06 22:50:04",153
"2020-03-06 23:50:46",153
"2020-03-07 00:49:51",153
"2020-03-07 01:50:44",153
"2020-03-07 02:50:04",153
"2020-03-07 03:52:57",153
"2020-03-07 04:53:13",153
"2020-03-07 05:52:29",153
"2020-03-07 06:52:21",153
"2020-03-07 07:50:51",153
"2020-03-07 08:52:08",153
"2020-03-07 09:50:16",153
"2020-03-07 10:50:42",153
"2020-03-07 11:52:11",153
"2020-03-07 12:50:41",153
"2020-03-07 13:49:47",153
"2020-03-07 14:50:12",153
"2020-03-07 15:49:51",153
"2020-03-07 16:50:02",153
"2020-03-07 17:50:45",153
"2020-03-07 18:50:15",153
"2020-03-07 19:50:16",153
"2020-03-07 20:52:27",153
"2020-03-07 21:53:16",153
"2020-03-07 22:52:27",153
"2020-03-07 23:52:22",153
"2020-03-08 00:50:07",153
"2020-03-08 01:50:51",153
"2020-03-08 02:50:52",153
"2020-03-08 03:52:35",153
"2020-03-08 04:52:22",153
"2020-03-08 05:52:24",153
"2020-03-08 06:51:21",153
"2020-03-08 07:52:12",153
"2020-03-08 08:52:24",153
"2020-03-08 09:50:44",153
"2020-03-08 10:52:22",153
"2020-03-08 11:50:40",153
"2020-03-08 12:53:02",153
"2020-03-08 13:53:11",153
"2020-03-08 14:50:09",153
"2020-03-08 15:52:26",153
"2020-03-08 16:50:02",153
"2020-03-08 17:50:12",153
"2020-03-08 18:53:22",153
"2020-03-08 19:51:22",153
"2020-03-08 20:50:58",153
"2020-03-08 21:49:57",153
"2020-03-08 22:52:14",153
"2020-03-08 23:50:07",153
"2020-03-09 00:52:55",153
"2020-03-09 01:50:05",153
"2020-03-09 02:52:56",153
"2020-03-09 03:52:38",153
"2020-03-09 04:52:19",153
"2020-03-09 05:50:07",153
"2020-03-09 06:49:55",153
"2020-03-09 07:50:13",153
"2020-03-09 08:49:50",153
"2020-03-09 09:50:28",153
"2020-03-09 10:52:06",153
"2020-03-09 11:52:15",153
"2020-03-09 12:51:21",153
"2020-03-09 13:49:23",153
"2020-03-09 14:52:04",153
"2020-03-09 15:50:32",151
"2020-03-09 16:50:01",151
"2020-03-09 17:49:04",151
"2020-03-09 18:49:19",151
"2020-03-09 19:50:02",151
"2020-03-09 20:50:12",151
"2020-03-09 21:52:18",151
"2020-03-09 22:52:10",151
"2020-03-09 23:53:06",151
"2020-03-10 00:49:49",151
"2020-03-10 01:52:14",151
"2020-03-10 02:50:37",151
"2020-03-10 03:52:57",151
"2020-03-10 04:50:37",151
"2020-03-10 06:52:59",151
"2020-03-10 07:52:45",151
"2020-03-10 08:50:11",151
"2020-03-10 09:52:01",151
"2020-03-10 10:51:45",151
"2020-03-10 11:52:11",151
"2020-03-10 12:50:32",151
"2020-03-10 13:51:03",151
"2020-03-10 14:53:07",156
"2020-03-10 15:53:15",157
"2020-03-10 16:49:49",158
"2020-03-10 17:52:36",160
"2020-03-10 18:52:25",162
"2020-03-10 19:52:36",162
"2020-03-10 20:54:55",166
"2020-03-10 21:52:58",166
"2020-03-10 22:52:15",166
"2020-03-10 23:50:34",166
"2020-03-11 00:52:42",166
"2020-03-11 01:52:51",166
"2020-03-11 02:53:10",166
"2020-03-11 03:50:43",166
"2020-03-11 04:50:50",166
"2020-03-11 05:52:53",166
"2020-03-11 06:52:16",166
"2020-03-11 07:49:54",166
"2020-03-11 08:50:41",166
"2020-03-11 09:49:41",166
"2020-03-11 10:49:56",166
"2020-03-11 11:52:29",166
"2020-03-11 12:52:50",166
"2020-03-11 13:52:30",166
"2020-03-11 14:50:47",166
"2020-03-11 15:50:11",163
"2020-03-11 16:52:57",164
"2020-03-11 17:50:46",163
"2020-03-11 18:50:07",163
"2020-03-11 19:53:11",163
"2020-03-11 20:53:09",162
"2020-03-11 21:50:43",162
"2020-03-11 22:50:51",162
"2020-03-11 23:51:11",162
"2020-03-12 00:49:52",162
"2020-03-12 01:52:29",162
"2020-03-12 02:50:38",162
"2020-03-12 03:52:33",162
"2020-03-12 04:53:01",162
"2020-03-12 05:50:54",162
"2020-03-12 06:50:22",162
"2020-03-12 07:50:40",162
"2020-03-12 08:52:32",162
"2020-03-12 09:51:21",162
"2020-03-12 10:52:18",162
"2020-03-12 11:52:21",162
"2020-03-12 12:52:17",162
"2020-03-12 13:53:21",162
"2020-03-12 14:49:50",164
"2020-03-12 15:49:55",167
"2020-03-12 16:50:12",167
"2020-03-12 17:50:06",167
"2020-03-12 18:53:07",167
"2020-03-12 19:50:58",167
"2020-03-12 20:50:11",167
"2020-03-12 21:53:23",167
"2020-03-12 22:49:58",167
"2020-03-12 23:52:54",167
"2020-03-13 00:53:17",167
"2020-03-13 01:49:54",167
"2020-03-13 02:52:27",167
"2020-03-13 03:52:33",167
"2020-03-13 04:50:39",167
"2020-03-13 05:51:17",167
"2020-03-13 06:53:59",167
"2020-03-13 07:53:35",167
"2020-03-13 08:53:42",167
"2020-03-13 09:53:51",167
"2020-03-13 10:50:42",167
"2020-03-13 11:52:15",167
"2020-03-13 13:11:01",167
"2020-03-13 13:51:24",167
"2020-03-13 14:51:08",166
"2020-03-13 15:51:00",168
"2020-03-13 16:52:39",168
"2020-03-13 17:52:30",170
"2020-03-13 18:53:13",170
"2020-03-13 19:52:36",170
"2020-03-13 20:50:19",169
"2020-03-13 21:50:47",169
"2020-03-13 22:50:05",169
"2020-03-13 23:52:16",169
"2020-03-14 00:50:50",169
"2020-03-14 01:53:04",169
"2020-03-14 02:52:34",169
"2020-03-14 03:50:35",169
"2020-03-14 04:53:11",169
"2020-03-14 05:52:39",169
"2020-03-14 06:50:55",169
"2020-03-14 07:53:04",169
"2020-03-14 08:52:26",169
"2020-03-14 09:52:29",169
"2020-03-14 10:50:24",169
"2020-03-14 11:50:16",169
"2020-03-14 12:50:32",169
"2020-03-14 13:50:03",169
"2020-03-14 14:52:31",169
"2020-03-14 15:50:02",169
"2020-03-14 16:52:20",169
"2020-03-14 17:50:40",169
"2020-03-14 18:52:31",169
"2020-03-14 19:50:52",169
"2020-03-14 20:52:55",169
"2020-03-14 21:52:24",169
"2020-03-14 22:53:14",169
"2020-03-14 23:52:15",169
"2020-03-15 00:50:29",169
"2020-03-15 01:50:41",169
"2020-03-15 02:53:02",169
"2020-03-15 03:53:11",169
"2020-03-15 04:50:12",169
"2020-03-15 05:53:08",169
"2020-03-15 06:50:53",169
"2020-03-15 07:53:16",169
"2020-03-15 09:03:53",169
"2020-03-15 09:51:26",169
"2020-03-15 10:52:04",169
"2020-03-15 11:53:06",169
"2020-03-15 12:52:22",169
"2020-03-15 13:50:13",169
"2020-03-15 14:51:24",169
"2020-03-15 15:50:36",169
"2020-03-15 16:52:17",169
"2020-03-15 17:50:58",169
"2020-03-15 18:53:02",169
"2020-03-15 19:52:28",169
"2020-03-15 20:50:46",169
"2020-03-15 21:50:52",169
"2020-03-15 22:52:32",169
"2020-03-15 23:52:18",169
"2020-03-16 00:50:11",169
"2020-03-16 01:50:10",169
"2020-03-16 02:50:01",169
"2020-03-16 03:51:44",169
"2020-03-16 04:52:31",169
"2020-03-16 05:53:13",169
"2020-03-16 06:50:48",169
"2020-03-16 07:53:06",169
"2020-03-16 09:02:28",169
"2020-03-16 09:52:21",169
"2020-03-16 10:50:47",169
"2020-03-16 11:52:08",169
"2020-03-16 13:12:38",169
"2020-03-16 14:50:38",177
"2020-03-16 15:52:17",178
"2020-03-16 16:50:16",178
"2020-03-16 17:50:54",180
"2020-03-16 18:50:15",185
"2020-03-16 19:53:09",188
"2020-03-16 20:50:00",189
"2020-03-16 21:51:00",190
"2020-03-16 22:50:21",190
"2020-03-16 23:52:41",190
"2020-03-17 00:52:35",190
"2020-03-17 01:50:12",190
"2020-03-17 02:52:30",190
"2020-03-17 20:14:25",233
"2020-03-17 20:22:45",233
"2020-03-17 20:50:54",233
"2020-03-17 21:50:21",233
"2020-03-17 22:50:11",233
"2020-03-17 23:50:32",233
"2020-03-18 00:50:53",233
"2020-03-18 01:51:03",233
"2020-03-18 02:50:58",233
"2020-03-18 03:51:12",233
"2020-03-18 04:51:01",233
"2020-03-18 05:51:18",233
"2020-03-18 06:50:29",233
"2020-03-18 07:51:10",233
"2020-03-18 08:49:49",233
"2020-03-18 09:50:42",233
"2020-03-18 10:50:08",233
"2020-03-18 11:50:12",233
"2020-03-18 13:12:32",234
"2020-03-18 13:51:24",234
"2020-03-18 14:50:37",232
"2020-03-18 15:50:40",244
"2020-03-18 16:50:28",248
"2020-03-18 17:51:14",252
"2020-03-18 18:50:24",254
"2020-03-18 19:50:58",255
"2020-03-18 20:50:22",258
"2020-03-18 21:50:20",258
"2020-03-18 22:50:11",258
"2020-03-18 23:50:44",258
"2020-03-19 00:50:30",258
"2020-03-19 01:51:06",258
"2020-03-19 02:50:13",258
"2020-03-19 03:50:06",258
"2020-03-19 04:50:22",258
"2020-03-19 05:53:15",258
"2020-03-19 06:50:27",258
"2020-03-19 07:50:37",258
"2020-03-19 08:50:14",258
"2020-03-19 09:50:48",258
"2020-03-19 10:49:52",258
"2020-03-19 11:50:06",258
"2020-03-19 12:49:56",258
"2020-03-19 13:50:32",258
"2020-03-19 14:50:32",266
"2020-03-19 15:50:33",274
"2020-03-19 16:50:34",283
"2020-03-19 17:50:28",283
"2020-03-19 18:50:06",282
"2020-03-19 19:50:43",284
"2020-03-19 20:51:12",287
"2020-03-19 21:50:51",287
"2020-03-19 22:50:14",287
"2020-03-19 23:51:36",287
"2020-03-20 00:50:13",287
"2020-03-20 01:50:06",287
"2020-03-20 02:51:46",287
"2020-03-20 03:50:30",287
"2020-03-20 04:50:29",287
"2020-03-20 06:50:57",287
"2020-03-20 07:50:32",287
"2020-03-20 08:51:40",287
"2020-03-20 09:50:55",287
"2020-03-20 10:50:23",287
"2020-03-20 11:50:14",287
"2020-03-20 13:11:25",287
"2020-03-20 13:51:20",287
"2020-03-20 14:50:27",297
"2020-03-20 15:50:18",296
"2020-03-20 16:50:23",298
"2020-03-20 17:50:25",297
"2020-03-20 18:50:12",306
"2020-03-20 19:50:31",306
"2020-03-20 20:50:25",306
"2020-03-20 21:50:06",306
"2020-03-20 22:51:03",306
"2020-03-20 23:51:10",306
"2020-03-21 00:50:34",306
"2020-03-21 01:50:23",306
"2020-03-21 02:50:58",306
"2020-03-21 03:51:05",306
"2020-03-21 04:50:10",306
"2020-03-21 05:50:03",306
"2020-03-21 06:50:18",306
"2020-03-21 07:50:47",306
"2020-03-21 09:13:52",306
"2020-03-21 09:50:17",306
"2020-03-21 10:50:25",306
"2020-03-21 11:50:38",306
"2020-03-21 12:50:05",306
"2020-03-21 13:50:12",306
"2020-03-21 14:51:27",306
"2020-03-21 15:50:57",306
"2020-03-21 16:50:45",306
"2020-03-21 17:51:15",306
"2020-03-21 18:50:26",306
"2020-03-21 19:50:30",306
"2020-03-21 20:49:58",306
"2020-03-21 21:50:30",306
"2020-03-21 22:50:10",306
"2020-03-21 23:50:16",306
"2020-03-22 00:50:03",306
"2020-03-22 01:50:50",306
"2020-03-22 02:50:10",306
"2020-03-22 03:51:21",306
"2020-03-22 04:50:30",306
"2020-03-22 05:50:32",306
"2020-03-22 06:50:59",306
"2020-03-22 07:50:52",306
"2020-03-22 09:18:07",306
"2020-03-22 09:50:18",306
"2020-03-22 10:50:49",306
"2020-03-22 11:50:03",306
"2020-03-22 12:50:48",306
"2020-03-22 22:00:12",306
"2020-03-22 22:50:57",306
"2020-03-22 23:50:23",306
"2020-03-23 00:51:45",306
"2020-03-23 01:50:51",306
"2020-03-23 02:50:09",306
"2020-03-23 03:50:17",306
"2020-03-23 04:51:08",306
"2020-03-23 05:50:54",306
"2020-03-23 06:50:45",306
"2020-03-23 07:50:20",306
"2020-03-23 08:50:25",306
"2020-03-23 09:51:02",306
"2020-03-23 10:50:23",306
"2020-03-23 11:50:55",306
"2020-03-23 13:10:54",306
"2020-03-23 13:50:40",306
"2020-03-23 14:51:03",319
"2020-03-23 15:50:37",318
"2020-03-23 16:51:14",317
"2020-03-23 17:50:28",320
"2020-03-23 18:50:19",323
"2020-03-23 19:50:56",325
"2020-03-23 20:50:57",326
"2020-03-23 21:50:25",326
"2020-03-23 22:50:23",327
"2020-03-23 23:50:22",327
"2020-03-24 00:50:15",327
"2020-03-24 01:50:16",327
"2020-03-24 02:50:06",327
"2020-03-24 03:50:29",327
"2020-03-24 04:50:55",327
"2020-03-24 05:53:08",327
"2020-03-24 06:51:17",327
"2020-03-24 07:51:26",327
"2020-03-24 09:12:26",327
"2020-03-24 09:49:56",327
"2020-03-24 10:49:56",327
"2020-03-24 11:50:05",327
"2020-03-24 12:49:40",327
"2020-03-24 13:52:00",327
"2020-03-24 14:52:21",330
"2020-03-24 15:51:35",333
"2020-03-24 16:51:43",336
"2020-03-24 17:51:08",340
"2020-03-24 18:51:01",339
"2020-03-24 19:50:36",340
"2020-03-24 20:50:14",341
"2020-03-24 21:49:59",341
"2020-03-24 22:50:56",341
"2020-03-24 23:50:48",341
"2020-03-25 00:50:18",341
"2020-03-25 01:50:29",341
"2020-03-25 02:50:13",341
"2020-03-25 03:50:12",341
"2020-03-25 04:49:52",341
"2020-03-25 06:51:18",341
"2020-03-25 07:50:10",341
"2020-03-25 09:51:51",341
"2020-03-25 10:50:18",341
"2020-03-25 11:50:49",341
"2020-03-25 12:50:54",341
"2020-03-25 13:51:25",341
"2020-03-25 14:51:22",348
"2020-03-25 15:51:45",354
"2020-03-25 16:51:16",362
"2020-03-25 17:52:08",373
"2020-03-25 18:50:23",374
"2020-03-25 19:50:26",377
"2020-03-25 20:50:37",380
"2020-03-25 21:50:11",380
"2020-03-25 22:50:13",380
"2020-03-25 23:50:22",380
"2020-03-26 02:09:19",380
"2020-03-26 02:50:23",380
"2020-03-26 03:50:53",380
"2020-03-26 04:51:48",380
"2020-03-26 05:50:35",380
"2020-03-26 06:50:42",380
"2020-03-26 07:50:41",380
"2020-03-26 08:50:12",380
"2020-03-26 09:50:53",380
"2020-03-26 10:50:02",380
"2020-03-26 11:50:25",380
"2020-03-26 12:50:29",380
"2020-03-26 13:50:36",380
"2020-03-26 14:50:50",389
"2020-03-26 15:50:44",395
"2020-03-26 16:50:32",396
"2020-03-26 17:50:59",403
"2020-03-26 18:50:23",405
"2020-03-26 19:50:24",412
"2020-03-26 20:50:27",416
"2020-03-26 21:50:47",416
"2020-03-26 22:50:13",416
"2020-03-26 23:51:06",416
"2020-03-27 00:50:27",416
"2020-03-27 01:50:41",416
"2020-03-27 02:51:00",416
"2020-03-27 03:50:31",416
"2020-03-27 04:50:46",416
"2020-03-27 05:50:24",416
"2020-03-27 06:50:57",416
"2020-03-27 07:51:06",416
"2020-03-27 08:53:37",416
"2020-03-27 09:51:30",416
"2020-03-27 10:50:36",416
"2020-03-27 11:50:12",416
"2020-03-27 12:50:07",416
"2020-03-27 13:50:58",416
"2020-03-27 14:50:26",423
"2020-03-27 15:50:29",429
"2020-03-27 16:50:48",427
"2020-03-27 17:50:26",433
"2020-03-27 18:51:10",434
"2020-03-27 19:50:25",431
"2020-03-27 20:50:24",431
"2020-03-27 21:51:10",431
"2020-03-27 22:50:26",431
"2020-03-27 23:50:43",431
"2020-03-28 00:50:56",431
"2020-03-28 01:50:00",431
"2020-03-28 02:50:08",431
"2020-03-28 03:50:30",431
"2020-03-28 04:50:16",431
"2020-03-28 05:51:40",431
"2020-03-28 06:50:32",431
"2020-03-28 07:49:59",431
"2020-03-28 08:50:18",431
"2020-03-28 09:50:43",431
"2020-03-28 10:51:10",431
"2020-03-28 11:50:17",431
"2020-03-28 12:50:55",431
"2020-03-28 13:50:52",431
"2020-03-28 14:50:23",431
"2020-03-28 15:50:21",431
"2020-03-28 16:50:10",431
"2020-03-28 17:50:26",431
"2020-03-28 18:50:36",431
"2020-03-28 19:50:08",431
"2020-03-28 20:50:24",431
"2020-03-28 21:50:05",431
"2020-03-28 22:51:34",431
"2020-03-28 23:50:28",431
"2020-03-29 00:50:37",431
"2020-03-29 01:50:56",431
"2020-03-29 02:51:36",431
"2020-03-29 03:51:47",431
"2020-03-29 04:50:53",431
"2020-03-29 05:50:37",431
"2020-03-29 06:51:48",431
"2020-03-29 07:50:46",431
"2020-03-29 08:50:24",431
"2020-03-29 09:50:20",431
"2020-03-29 10:51:12",431
"2020-03-29 11:50:25",431
"2020-03-29 12:50:11",431
"2020-03-29 13:50:14",431
"2020-03-29 14:50:12",431
"2020-03-29 15:50:14",431
"2020-03-29 16:50:24",431
"2020-03-29 17:50:53",431
"2020-03-29 18:50:18",431
"2020-03-29 19:50:15",431
"2020-03-29 20:50:12",431
"2020-03-29 21:51:30",431
"2020-03-29 22:50:28",431
"2020-03-29 23:50:32",431
"2020-03-30 00:50:26",431
"2020-03-30 01:50:19",431
"2020-03-30 02:51:12",431
"2020-03-30 03:50:22",431
"2020-03-30 04:51:08",431
"2020-03-30 05:50:12",431
"2020-03-30 06:50:34",431
"2020-03-30 07:51:06",431
"2020-03-30 08:50:16",431
"2020-03-30 09:50:00",431
"2020-03-30 10:50:08",431
"2020-03-30 11:49:45",431
"2020-03-30 12:50:08",431
"2020-03-30 13:51:18",431
"2020-03-30 14:50:20",438
"2020-03-30 15:51:04",440
"2020-03-30 16:50:30",441
"2020-03-30 17:50:56",445
"2020-03-30 18:50:34",451
"2020-03-30 19:51:05",450
"2020-03-30 20:50:20",449
"2020-03-30 21:50:53",449
"2020-03-30 22:50:09",449
"2020-03-30 23:50:06",449
"2020-03-31 00:49:56",449
"2020-03-31 01:50:17",449
"2020-03-31 02:50:12",449
"2020-03-31 03:50:44",449
"2020-03-31 04:50:14",449
"2020-03-31 05:50:17",449
"2020-03-31 06:50:10",449
"2020-03-31 07:50:27",449
"2020-03-31 08:50:19",449
"2020-03-31 09:50:15",449
"2020-03-31 10:50:12",449
"2020-03-31 11:50:56",449
"2020-03-31 13:09:58",449
"2020-03-31 13:50:34",449
"2020-03-31 14:51:23",447
"2020-03-31 15:50:19",452
"2020-03-31 16:51:22",452
"2020-03-31 17:50:27",456
"2020-03-31 18:50:53",458
"2020-03-31 19:50:16",458
"2020-03-31 20:51:00",460
"2020-03-31 21:50:16",460
"2020-03-31 22:50:28",460
"2020-03-31 23:49:39",460
"2020-04-01 00:49:07",460
"2020-04-01 01:49:08",460
"2020-04-01 02:49:04",460
"2020-04-01 03:49:13",460
"2020-04-01 04:49:35",460
"2020-04-01 05:49:56",460
"2020-04-01 06:49:20",460
"2020-04-01 07:49:51",460
"2020-04-01 08:49:04",460
"2020-04-01 09:49:24",460
"2020-04-01 10:48:45",460
"2020-04-01 11:50:14",460
"2020-04-01 13:12:59",460
"2020-04-01 13:49:07",460
"2020-04-01 14:50:16",464
"2020-04-01 15:49:42",464
"2020-04-01 16:48:52",461
"2020-04-01 17:48:48",463
"2020-04-01 18:48:54",468
"2020-04-01 19:49:04",467
"2020-04-01 20:49:09",469
"2020-04-01 21:48:53",469
"2020-04-01 22:48:54",469
"2020-04-01 23:49:50",469
"2020-04-02 00:49:02",469
"2020-04-02 01:49:46",469
"2020-04-02 02:49:00",469
"2020-04-02 03:49:42",469
"2020-04-02 04:49:05",469
"2020-04-02 05:49:15",469
"2020-04-02 06:48:40",469
"2020-04-02 07:49:43",469
"2020-04-02 08:50:35",469
"2020-04-02 09:49:41",469
"2020-04-02 10:49:09",469
"2020-04-02 11:48:57",469
"2020-04-02 13:14:01",469
"2020-04-02 13:49:54",469
"2020-04-02 14:48:50",473
"2020-04-02 15:49:14",474
"2020-04-02 16:48:43",476
"2020-04-02 17:48:53",478
"2020-04-02 19:48:55",479
"2020-04-02 20:49:31",481
"2020-04-02 21:50:23",481
"2020-04-02 22:49:55",481
"2020-04-02 23:48:54",481
"2020-04-03 00:49:14",481
"2020-04-03 01:49:39",481
"2020-04-03 02:49:05",481
"2020-04-03 03:48:52",481
"2020-04-03 04:49:31",481
"2020-04-03 05:49:44",481
"2020-04-03 06:49:02",481
"2020-04-03 08:49:04",481
"2020-04-03 09:49:03",481
"2020-04-03 10:49:40",481
"2020-04-03 11:48:56",481
"2020-04-03 13:15:01",481
"2020-04-03 13:49:15",481
"2020-04-03 14:49:19",490
"2020-04-03 15:49:47",493
"2020-04-03 16:49:44",498
"2020-04-03 17:49:47",499
"2020-04-03 18:49:47",500
"2020-04-03 19:48:57",504
"2020-04-03 20:48:55",506
"2020-04-03 21:49:12",505
"2020-04-03 22:50:16",505
"2020-04-03 23:49:06",505
"2020-04-04 00:48:51",505
"2020-04-04 01:49:37",505
"2020-04-04 02:49:09",505
"2020-04-04 03:49:13",505
"2020-04-04 04:49:26",505
"2020-04-04 05:49:38",505
"2020-04-04 06:48:51",505
"2020-04-04 07:49:49",505
"2020-04-04 08:49:29",505
"2020-04-04 09:49:27",505
"2020-04-04 10:49:01",505
"2020-04-04 11:49:00",505
"2020-04-04 12:48:58",505
"2020-04-04 13:48:55",505
"2020-04-04 14:49:23",505
"2020-04-04 15:48:45",505
"2020-04-04 16:49:01",505
"2020-04-04 17:49:02",505
"2020-04-04 18:48:55",505
"2020-04-04 19:48:59",505
"2020-04-04 20:48:49",505
"2020-04-04 21:48:54",505
"2020-04-04 22:49:48",505
"2020-04-04 23:48:52",505
"2020-04-05 00:50:07",505
"2020-04-05 01:49:37",505
"2020-04-05 02:48:49",505
"2020-04-05 03:49:02",505
"2020-04-05 04:49:38",505
"2020-04-05 05:49:25",505
"2020-04-05 06:49:32",505
"2020-04-05 07:49:03",505
"2020-04-05 08:49:11",505
"2020-04-05 09:48:55",505
"2020-04-05 10:49:47",505
"2020-04-05 11:49:37",505
"2020-04-05 12:48:51",505
"2020-04-05 13:49:44",505
"2020-04-05 14:49:00",505
"2020-04-05 15:48:47",505
"2020-04-05 16:49:39",505
"2020-04-05 17:48:43",505
"2020-04-05 18:49:04",505
"2020-04-05 19:48:52",505
"2020-04-05 20:49:02",505
"2020-04-05 21:49:08",505
"2020-04-05 22:49:31",505
"2020-04-05 23:48:52",505
"2020-04-06 00:48:49",505
"2020-04-06 01:49:06",505
"2020-04-06 02:49:30",505
"2020-04-06 03:50:22",505
"2020-04-06 04:48:38",505
"2020-04-06 05:49:20",505
"2020-04-06 06:49:22",505
"2020-04-06 07:49:01",505
"2020-04-06 08:49:39",505
"2020-04-06 09:48:54",505
"2020-04-06 10:49:20",505
"2020-04-06 11:48:44",505
"2020-04-06 12:49:17",505
"2020-04-06 13:49:05",505
"2020-04-06 14:49:02",510
"2020-04-06 15:49:03",506
"2020-04-06 16:48:52",506
"2020-04-06 17:48:51",506
"2020-04-06 18:52:12",505
"2020-04-06 19:49:38",507
"2020-04-06 20:48:56",509
"2020-04-06 21:48:45",509
"2020-04-06 22:49:03",509
"2020-04-06 23:49:23",509
"2020-04-07 00:49:04",509
"2020-04-07 01:49:19",509
"2020-04-07 02:49:06",509
"2020-04-07 03:48:54",509
"2020-04-07 04:48:56",509
"2020-04-07 05:48:45",509
"2020-04-07 06:49:17",509
"2020-04-07 07:49:04",509
"2020-04-07 08:49:32",509
"2020-04-07 09:48:52",509
"2020-04-07 10:48:37",509
"2020-04-07 11:48:51",509
"2020-04-07 12:48:52",509
"2020-04-07 13:49:01",509
"2020-04-07 14:48:33",521
"2020-04-07 15:48:47",522
"2020-04-07 16:49:09",524
"2020-04-07 17:48:40",526
"2020-04-07 18:48:45",530
"2020-04-07 19:48:44",539
"2020-04-07 20:48:59",545
"2020-04-07 21:49:08",545
"2020-04-07 22:48:49",545
"2020-04-07 23:48:55",545
"2020-04-08 00:49:06",545
"2020-04-08 01:48:46",545
"2020-04-08 02:48:30",545
"2020-04-08 03:49:07",545
"2020-04-08 04:48:38",545
"2020-04-08 06:49:00",545
"2020-04-08 07:49:14",545
"2020-04-08 09:11:23",545
"2020-04-08 09:48:55",545
"2020-04-08 10:48:47",545
"2020-04-08 11:48:43",545
"2020-04-08 12:48:43",545
"2020-04-08 13:48:53",545
"2020-04-08 14:48:38",552
"2020-04-08 15:48:58",556
"2020-04-08 16:48:44",560
"2020-04-08 17:49:15",558
"2020-04-08 18:48:43",563
"2020-04-08 19:49:12",565
"2020-04-08 20:48:54",574
"2020-04-08 21:48:45",574
"2020-04-08 22:48:37",574
"2020-04-08 23:48:50",574
"2020-04-09 00:48:42",574
"2020-04-09 02:48:50",574
"2020-04-09 03:48:43",574
"2020-04-09 04:49:19",574
"2020-04-09 05:48:58",574
"2020-04-09 06:49:24",574
"2020-04-09 07:48:33",574
"2020-04-09 08:48:38",574
"2020-04-09 09:48:35",574
"2020-04-09 10:48:45",574
"2020-04-09 11:48:44",574
"2020-04-09 12:48:40",574
"2020-04-09 13:49:01",575
"2020-04-09 14:49:00",579
"2020-04-09 15:48:26",589
"2020-04-09 16:48:45",597
"2020-04-09 17:48:44",601
"2020-04-09 18:48:24",607
"2020-04-09 19:49:12",612
"2020-04-09 20:48:43",613
"2020-04-09 21:48:40",613
"2020-04-09 22:48:38",615
"2020-04-09 23:48:36",615
"2020-04-10 00:48:45",615
"2020-04-10 01:48:33",615
"2020-04-10 02:48:52",615
"2020-04-10 03:48:46",615
"2020-04-10 04:48:38",615
"2020-04-10 05:48:55",615
"2020-04-10 06:48:37",615
"2020-04-10 07:48:39",615
"2020-04-10 08:48:55",615
"2020-04-10 09:48:41",615
"2020-04-10 10:48:48",615
"2020-04-10 11:48:45",615
"2020-04-10 12:48:42",615
"2020-04-10 13:48:50",615
"2020-04-10 14:49:03",615
"2020-04-10 15:48:45",615
"2020-04-10 16:48:32",615
"2020-04-10 17:48:42",615
"2020-04-10 18:48:43",615
"2020-04-10 19:48:43",615
"2020-04-10 20:49:16",615
"2020-04-10 21:48:17",615
"2020-04-10 22:48:13",615
"2020-04-10 23:48:16",615
"2020-04-11 00:48:24",615
"2020-04-11 01:48:07",615
"2020-04-11 02:48:15",615
"2020-04-11 03:48:15",615
"2020-04-11 04:48:23",615
"2020-04-11 05:48:10",615
"2020-04-11 06:48:16",615
"2020-04-11 07:48:13",615
"2020-04-11 08:48:04",615
"2020-04-11 09:48:06",615
"2020-04-11 10:48:24",615
"2020-04-11 11:48:05",615
"2020-04-11 12:48:13",615
"2020-04-11 13:48:24",615
"2020-04-11 14:48:05",615
"2020-04-11 15:48:26",615
"2020-04-11 16:48:20",615
"2020-04-11 17:48:19",615
"2020-04-11 18:48:18",615
"2020-04-11 19:48:12",615
"2020-04-11 20:48:04",615
"2020-04-11 21:48:13",615
"2020-04-11 22:48:12",615
"2020-04-11 23:48:14",615
"2020-04-12 00:48:24",615
"2020-04-12 01:48:11",615
"2020-04-12 02:48:12",615
"2020-04-12 03:48:07",615
"2020-04-12 04:48:31",615
"2020-04-12 05:48:19",615
"2020-04-12 06:48:18",615
"2020-04-12 07:48:09",615
"2020-04-12 08:48:11",615
"2020-04-12 09:48:17",615
"2020-04-12 10:48:17",615
"2020-04-12 11:48:08",615
"2020-04-12 12:48:14",615
"2020-04-12 13:48:23",615
"2020-04-12 14:48:16",615
"2020-04-12 15:48:14",615
"2020-04-12 16:48:13",615
"2020-04-12 17:48:05",615
"2020-04-12 18:48:19",615
"2020-04-12 19:48:14",615
"2020-04-12 20:48:36",615
"2020-04-12 21:48:21",615
"2020-04-12 22:48:27",615
"2020-04-12 23:48:35",615
"2020-04-13 00:48:49",615
"2020-04-13 01:48:28",615
"2020-04-13 02:48:33",615
"2020-04-13 03:48:55",615
"2020-04-13 04:48:39",615
"2020-04-13 05:48:37",615
"2020-04-13 06:48:15",615
"2020-04-13 07:48:04",615
"2020-04-13 08:48:17",615
"2020-04-13 09:48:11",615
"2020-04-13 10:48:11",615
"2020-04-13 11:48:23",615
"2020-04-13 13:11:52",615
"2020-04-13 13:48:10",615
"2020-04-13 14:48:08",665
"2020-04-13 15:48:12",667
"2020-04-13 16:48:18",675
"2020-04-13 17:48:31",683
"2020-04-13 18:48:06",685
"2020-04-13 19:48:08",692
"2020-04-13 20:48:16",694
"2020-04-13 21:48:21",694
"2020-04-13 22:48:07",697
"2020-04-13 23:48:18",697
"2020-04-14 00:48:52",697
"2020-04-14 01:48:47",697
"2020-04-14 02:48:38",697
"2020-04-14 03:48:39",697
"2020-04-14 04:48:40",697
"2020-04-14 05:48:47",697
"2020-04-14 06:48:25",697
"2020-04-14 07:48:17",697
"2020-04-14 08:48:20",697
"2020-04-14 09:48:18",697
"2020-04-14 10:48:17",697
"2020-04-14 11:48:18",697
"2020-04-14 12:48:14",697
"2020-04-14 13:48:21",698
"2020-04-14 14:48:33",694
"2020-04-14 15:48:34",695
"2020-04-14 16:48:39",700
"2020-04-14 17:48:05",702
"2020-04-14 18:48:42",704
"2020-04-14 19:48:14",710
"2020-04-14 20:48:13",717
"2020-04-14 21:48:16",717
"2020-04-14 22:48:13",718
"2020-04-14 23:48:33",718
"2020-04-15 00:48:32",718
"2020-04-15 01:48:34",718
"2020-04-15 02:48:28",718
"2020-04-15 03:48:30",718
"2020-04-15 04:48:32",718
"2020-04-15 05:48:11",718
"2020-04-15 06:48:08",718
"2020-04-15 07:48:17",718
"2020-04-15 08:48:21",718
"2020-04-15 09:48:16",718
"2020-04-15 10:48:08",718
"2020-04-15 11:48:06",718
"2020-04-15 13:14:56",718
"2020-04-15 14:48:16",730
"2020-04-15 15:48:08",733
"2020-04-15 16:48:28",734
"2020-04-15 17:48:10",735
"2020-04-15 18:48:14",745
"2020-04-15 19:48:25",751
"2020-04-15 20:48:12",753
"2020-04-15 21:48:22",753
"2020-04-15 22:48:23",753
"2020-04-15 23:48:26",753
"2020-04-16 00:48:33",753
"2020-04-16 01:48:40",753
"2020-04-16 02:48:43",753
"2020-04-16 03:48:43",753
"2020-04-16 04:48:45",753
"2020-04-16 05:48:21",753
"2020-04-16 06:48:37",753
"2020-04-16 07:48:18",753
"2020-04-16 08:48:17",753
"2020-04-16 09:48:10",753
"2020-04-16 10:48:18",753
"2020-04-16 11:48:17",753
"2020-04-16 12:48:17",753
"2020-04-16 13:48:18",753
"2020-04-16 14:48:13",768
"2020-04-16 15:48:42",785
"2020-04-16 16:48:43",795
"2020-04-16 17:48:20",810
"2020-04-16 18:48:38",814
"2020-04-16 19:48:12",816
"2020-04-16 20:48:21",820
"2020-04-16 21:48:46",819
"2020-04-16 22:48:19",819
"2020-04-16 23:48:45",819
"2020-04-17 00:48:34",819
"2020-04-17 01:48:34",819
"2020-04-17 02:48:43",819
"2020-04-17 03:48:25",819
"2020-04-17 04:48:20",819
"2020-04-17 05:48:25",819
"2020-04-17 06:48:25",819
"2020-04-17 07:48:40",819
"2020-04-17 08:48:22",819
"2020-04-17 09:48:18",819
"2020-04-17 10:48:22",819
"2020-04-17 11:48:09",819
"2020-04-17 13:11:55",819
"2020-04-17 13:48:37",819
"2020-04-17 14:48:21",824
"2020-04-17 15:48:27",824
"2020-04-17 16:48:08",830
"2020-04-17 17:48:16",833
"2020-04-17 18:48:42",838
"2020-04-17 19:48:34",847
"2020-04-17 20:48:42",851
"2020-04-17 21:48:37",852
"2020-04-17 22:48:27",852
"2020-04-17 23:48:38",852
"2020-04-18 00:48:36",852
"2020-04-18 01:48:32",852
"2020-04-18 02:48:27",852
"2020-04-18 03:48:27",852
"2020-04-18 04:48:41",852
"2020-04-18 05:48:40",852
"2020-04-18 06:48:19",852
"2020-04-18 07:48:12",852
"2020-04-18 08:48:38",852
"2020-04-18 09:48:04",852
"2020-04-18 10:48:16",852
"2020-04-18 11:48:21",852
"2020-04-18 12:48:05",852
"2020-04-18 13:48:31",852
"2020-04-18 14:48:14",852
"2020-04-18 15:48:23",852
"2020-04-18 16:48:05",852
"2020-04-18 17:48:22",852
"2020-04-18 18:48:21",852
"2020-04-18 19:48:14",852
"2020-04-18 20:48:23",852
"2020-04-18 21:48:13",852
"2020-04-18 22:48:30",852
"2020-04-18 23:48:48",852
"2020-04-19 00:48:47",852
"2020-04-19 01:49:05",852
"2020-04-19 02:48:39",852
"2020-04-19 03:48:41",852
"2020-04-19 04:49:07",852
"2020-04-19 05:48:33",852
"2020-04-19 06:48:40",852
"2020-04-19 07:48:30",852
"2020-04-19 08:48:18",852
"2020-04-19 09:48:17",852
"2020-04-19 10:48:16",852
"2020-04-19 11:48:06",852
"2020-04-19 12:48:09",852
"2020-04-19 13:48:36",852
"2020-04-19 14:48:07",852
"2020-04-19 15:48:26",852
"2020-04-19 16:48:24",852
"2020-04-19 17:48:47",852
"2020-04-19 18:48:19",852
"2020-04-19 19:48:15",852
"2020-04-19 20:48:08",852
"2020-04-19 21:48:56",852
"2020-04-19 22:48:46",852
"2020-04-19 23:48:34",852
"2020-04-20 00:48:57",852
"2020-04-20 01:48:46",852
"2020-04-20 02:49:00",852
"2020-04-20 03:49:01",852
"2020-04-20 04:48:39",852
"2020-04-20 05:48:58",852
"2020-04-20 06:48:42",852
"2020-04-20 07:48:17",852
"2020-04-20 08:48:14",852
"2020-04-20 09:48:16",852
"2020-04-20 10:48:15",852
"2020-04-20 11:48:14",852
"2020-04-20 12:48:16",852
"2020-04-20 13:48:13",854
"2020-04-20 14:48:50",897
"2020-04-20 15:48:22",901
"2020-04-20 16:48:31",904
"2020-04-20 17:48:28",904
"2020-04-20 18:48:40",904
"2020-04-20 20:49:31",919
"2020-04-20 21:49:13",919
"2020-04-20 22:49:41",918
"2020-04-20 23:48:42",918
"2020-04-21 00:48:56",918
"2020-04-21 01:48:44",918
"2020-04-21 02:48:40",918
"2020-04-21 03:50:47",918
"2020-04-21 04:51:19",918
"2020-04-21 05:51:21",918
"2020-04-21 06:48:43",918
"2020-04-21 07:48:29",918
"2020-04-21 08:48:25",918
"2020-04-21 09:48:21",918
"2020-04-21 10:48:20",918
"2020-04-21 11:48:18",918
"2020-04-21 12:48:20",918
"2020-04-21 13:48:55",917
"2020-04-21 14:48:42",927
"2020-04-21 15:48:06",932
"2020-04-21 16:48:06",933
"2020-04-21 17:48:41",934
"2020-04-21 18:48:06",934
"2020-04-21 19:48:16",935
"2020-04-21 20:48:49",935
"2020-04-21 21:48:56",935
"2020-04-21 22:48:48",935
"2020-04-21 23:48:14",935
"2020-04-22 00:48:35",935
"2020-04-22 01:48:47",935
"2020-04-22 02:48:51",935
"2020-04-22 03:48:34",935
"2020-04-22 04:48:13",935
"2020-04-22 05:48:16",935
"2020-04-22 06:48:41",935
"2020-04-22 07:48:29",935
"2020-04-22 08:48:09",935
"2020-04-22 09:48:24",935
"2020-04-22 10:48:55",935
"2020-04-22 11:48:09",935
"2020-04-22 12:48:17",935
"2020-04-22 13:48:06",934
"2020-04-22 14:48:36",946
"2020-04-22 15:48:12",954
"2020-04-22 16:48:46",961
"2020-04-22 17:48:57",963
"2020-04-22 18:48:37",971
"2020-04-22 19:48:15",974
"2020-04-22 20:48:23",975
"2020-04-22 21:48:41",975
"2020-04-22 22:48:33",975
"2020-04-22 23:48:40",975
"2020-04-23 00:48:15",975
"2020-04-23 01:48:36",975
"2020-04-23 02:48:45",975
"2020-04-23 03:48:44",975
"2020-04-23 04:48:30",975
"2020-04-23 05:48:07",975
"2020-04-23 06:48:17",975
"2020-04-23 07:48:22",975
"2020-04-23 08:48:15",975
"2020-04-23 09:48:04",975
"2020-04-23 10:48:15",975
"2020-04-23 11:48:31",975
"2020-04-23 12:48:07",975
"2020-04-23 13:48:06",975
"2020-04-23 14:48:09",996
"2020-04-23 15:48:15",1002
"2020-04-23 16:48:39",1011
"2020-04-23 17:48:07",1015
"2020-04-23 18:48:21",1021
"2020-04-23 19:48:07",1031
"2020-04-23 20:48:46",1043
"2020-04-23 21:48:18",1043
"2020-04-23 22:48:12",1043
"2020-04-23 23:48:22",1043
"2020-04-24 00:48:34",1043
"2020-04-24 01:49:06",1043
"2020-04-24 02:48:04",1043
"2020-04-24 03:48:47",1043
"2020-04-24 04:48:30",1043
"2020-04-24 05:48:09",1043
"2020-04-24 06:48:11",1043
"2020-04-24 07:48:04",1043
"2020-04-24 08:48:24",1043
"2020-04-24 09:48:14",1043
"2020-04-24 10:48:11",1043
"2020-04-24 11:48:04",1043
"2020-04-24 13:12:58",1042
"2020-04-24 13:48:44",1042
"2020-04-24 14:48:24",1064
"2020-04-24 15:48:14",1072
"2020-04-24 16:48:16",1071
"2020-04-24 17:48:22",1069
"2020-04-24 18:49:22",1072
"2020-04-24 19:48:16",1077
"2020-04-24 20:48:26",1075
"2020-04-24 21:48:56",1075
"2020-04-24 22:48:57",1075
"2020-04-24 23:48:26",1075
"2020-04-25 00:48:49",1075
"2020-04-25 01:48:51",1075
"2020-04-25 02:48:45",1075
"2020-04-25 03:48:49",1075
"2020-04-25 04:48:47",1075
"2020-04-25 05:48:58",1075
"2020-04-25 06:48:28",1075
"2020-04-25 07:48:17",1075
"2020-04-25 08:48:28",1075
"2020-04-25 09:48:22",1075
"2020-04-25 10:48:11",1075
"2020-04-25 11:48:20",1075
"2020-04-25 12:48:17",1075
"2020-04-25 13:48:36",1075
"2020-04-25 14:48:22",1075
"2020-04-25 15:48:28",1075
"2020-04-25 16:48:34",1075
"2020-04-25 17:48:29",1075
"2020-04-25 18:48:16",1075
"2020-04-25 19:48:28",1075
"2020-04-25 20:48:19",1075
"2020-04-25 21:48:18",1075
"2020-04-25 22:48:24",1075
"2020-04-25 23:48:27",1075
"2020-04-26 00:48:22",1075
"2020-04-26 01:48:43",1075
"2020-04-26 02:48:41",1075
"2020-04-26 03:48:51",1075
"2020-04-26 04:48:14",1075
"2020-04-26 05:48:58",1075
"2020-04-26 06:48:31",1075
"2020-04-26 07:48:24",1075
"2020-04-26 08:48:20",1075
"2020-04-26 09:48:20",1075
"2020-04-26 10:48:13",1075
"2020-04-26 11:48:26",1075
"2020-04-26 12:48:21",1075
"2020-04-26 13:48:10",1075
"2020-04-26 14:48:16",1075
"2020-04-26 15:48:25",1075
"2020-04-26 16:48:22",1075
"2020-04-26 17:48:20",1075
"2020-04-26 18:48:19",1075
"2020-04-26 19:48:11",1075
"2020-04-26 20:48:16",1075
"2020-04-26 21:48:28",1075
"2020-04-26 22:48:40",1075
"2020-04-26 23:49:01",1075
"2020-04-27 00:48:59",1075
"2020-04-27 01:48:58",1075
"2020-04-27 02:48:47",1075
"2020-04-27 03:48:51",1075
"2020-04-27 04:48:54",1075
"2020-04-27 05:48:29",1075
"2020-04-27 06:48:26",1075
"2020-04-27 07:48:14",1075
"2020-04-27 08:48:26",1075
"2020-04-27 09:48:27",1075
"2020-04-27 10:48:28",1075
"2020-04-27 11:48:06",1075
"2020-04-27 12:48:19",1075
"2020-04-27 13:49:01",1077
"2020-04-27 14:48:30",1097
"2020-04-27 15:48:23",1105
"2020-04-27 16:48:08",1114
"2020-04-27 17:48:23",1119
"2020-04-27 18:48:17",1122
"2020-04-27 19:48:16",1128
"2020-04-27 20:48:17",1135
"2020-04-27 21:48:31",1135
"2020-04-27 22:48:15",1138
"2020-04-27 23:48:43",1138
"2020-04-28 00:49:28",1138
"2020-04-28 01:48:26",1138
"2020-04-28 02:49:00",1138
"2020-04-28 03:48:55",1138
"2020-04-28 04:48:48",1138
"2020-04-28 05:48:20",1138
"2020-04-28 06:48:17",1138
"2020-04-28 07:48:57",1138
"2020-04-28 08:48:46",1138
"2020-04-28 09:48:24",1138
"2020-04-28 10:48:08",1138
"2020-04-28 11:48:24",1138
"2020-04-28 12:48:26",1138
"2020-04-28 13:48:20",1138
"2020-04-28 14:49:00",1151
"2020-04-28 15:48:50",1147
"2020-04-28 16:48:13",1145
"2020-04-28 17:48:20",1145
"2020-04-28 18:48:18",1149
"2020-04-28 19:48:17",1154
"2020-04-28 20:48:20",1159
"2020-04-28 21:48:26",1158
"2020-04-28 22:48:09",1158
"2020-04-28 23:48:30",1158
"2020-04-29 00:49:03",1158
"2020-04-29 01:49:04",1158
"2020-04-29 02:48:54",1158
"2020-04-29 03:48:17",1158
"2020-04-29 04:48:23",1158
"2020-04-29 05:48:12",1158
"2020-04-29 06:48:27",1158
"2020-04-29 07:48:25",1158
"2020-04-29 08:48:22",1158
"2020-04-29 09:48:44",1158
"2020-04-29 10:48:24",1158
"2020-04-29 11:48:06",1158
"2020-04-29 13:10:51",1158
"2020-04-29 13:48:26",1158
"2020-04-29 14:48:12",1190
"2020-04-29 15:48:10",1186
"2020-04-29 16:48:27",1189
"2020-04-29 17:48:30",1203
"2020-04-29 18:48:57",1211
"2020-04-29 19:49:00",1220
"2020-04-29 20:48:20",1229
"2020-04-29 21:48:55",1234
"2020-04-29 22:48:58",1237
"2020-04-29 23:48:34",1237
"2020-04-30 00:48:56",1237
"2020-04-30 01:49:01",1237
"2020-04-30 02:49:38",1237
"2020-04-30 03:49:28",1237
"2020-04-30 04:48:44",1237
"2020-04-30 05:48:36",1237
"2020-04-30 06:48:24",1237
"2020-04-30 07:48:22",1237
"2020-04-30 08:48:26",1237
"2020-04-30 09:48:19",1237
"2020-04-30 10:48:08",1237
"2020-04-30 11:48:42",1237
"2020-04-30 12:48:15",1237
"2020-04-30 13:48:17",1239
"2020-04-30 14:48:44",1260
"2020-04-30 15:48:20",1254
"2020-04-30 16:48:16",1256
"2020-04-30 17:52:04",1255
"2020-04-30 18:48:34",1255
"2020-04-30 20:48:21",1259
"2020-04-30 21:48:26",1259
"2020-04-30 22:48:31",1258
"2020-04-30 23:48:23",1258
"2020-05-01 00:49:02",1258
"2020-05-01 01:48:55",1258
"2020-05-01 02:48:22",1258
"2020-05-01 03:48:13",1258
"2020-05-01 04:48:26",1258
"2020-05-01 05:48:32",1258
"2020-05-01 06:48:26",1258
"2020-05-01 07:48:27",1258
"2020-05-01 08:48:20",1258
"2020-05-01 09:48:23",1258
"2020-05-01 10:48:16",1258
"2020-05-01 11:48:16",1258
"2020-05-01 13:11:55",1259
"2020-05-01 13:49:06",1259
"2020-05-01 14:48:14",1263
"2020-05-01 15:48:14",1270
"2020-05-01 16:48:15",1270
"2020-05-01 17:48:14",1269
"2020-05-01 18:48:14",1276
"2020-05-01 19:48:28",1282
"2020-05-01 20:48:21",1280
"2020-05-01 21:48:48",1283
"2020-05-01 22:48:16",1282
"2020-05-01 23:48:15",1282
"2020-05-02 00:48:17",1282
"2020-05-02 01:48:40",1282
"2020-05-02 02:48:30",1282
"2020-05-02 03:48:43",1282
"2020-05-02 04:48:22",1282
"2020-05-02 05:48:39",1282
"2020-05-02 06:48:24",1282
"2020-05-02 07:48:31",1282
"2020-05-02 08:48:27",1282
"2020-05-02 09:48:21",1282
"2020-05-02 10:48:12",1282
"2020-05-02 11:48:24",1282
"2020-05-02 12:48:11",1282
"2020-05-02 13:48:25",1282
"2020-05-02 14:48:24",1282
"2020-05-02 15:48:32",1282
"2020-05-02 16:48:24",1282
"2020-05-02 17:48:21",1282
"2020-05-02 18:48:34",1282
"2020-05-02 19:48:25",1282
"2020-05-02 20:48:38",1282
"2020-05-02 21:48:24",1282
"2020-05-02 22:48:10",1282
"2020-05-02 23:48:49",1282
"2020-05-03 00:48:23",1282
"2020-05-03 01:48:52",1282
"2020-05-03 02:48:48",1282
"2020-05-03 03:48:48",1282
"2020-05-03 04:48:33",1282
"2020-05-03 05:48:18",1282
"2020-05-03 06:48:20",1282
"2020-05-03 07:48:28",1282
"2020-05-03 08:48:23",1282
"2020-05-03 09:49:05",1282
"2020-05-03 10:48:25",1282
"2020-05-03 11:48:23",1282
"2020-05-03 12:48:20",1282
"2020-05-03 13:48:24",1282
"2020-05-03 14:48:30",1282
"2020-05-03 15:48:25",1282
"2020-05-03 16:48:52",1282
"2020-05-03 17:49:00",1282
"2020-05-03 18:48:14",1282
"2020-05-03 19:49:25",1282
"2020-05-03 20:48:55",1282
"2020-05-03 21:48:46",1282
"2020-05-03 22:48:54",1282
"2020-05-03 23:48:56",1282
"2020-05-04 00:48:50",1282
"2020-05-04 01:48:53",1282
"2020-05-04 02:48:53",1282
"2020-05-04 03:48:54",1282
"2020-05-04 04:48:20",1282
"2020-05-04 05:48:22",1282
"2020-05-04 06:48:33",1282
"2020-05-04 09:34:26",1282
"2020-05-04 10:51:59",1282
"2020-05-04 10:59:43",1282
"2020-05-04 11:07:19",1282
"2020-05-04 11:48:35",1282
"2020-05-04 13:11:01",1282
"2020-05-04 13:48:20",1282
"2020-05-04 14:48:30",1282
"2020-05-04 15:48:22",1295
"2020-05-04 16:48:24",1295
"2020-05-04 17:48:21",1297
"2020-05-04 18:49:06",1299
"2020-05-04 19:48:54",1293
"2020-05-04 20:48:49",1295
"2020-05-04 21:48:51",1295
"2020-05-04 22:48:14",1295
"2020-05-04 23:48:18",1295
"2020-05-05 00:48:14",1295
"2020-05-05 01:48:44",1295
"2020-05-05 02:48:12",1295
"2020-05-05 03:49:00",1295
"2020-05-05 04:48:23",1295
"2020-05-05 05:48:22",1295
"2020-05-05 06:48:25",1295
"2020-05-05 07:48:34",1295
"2020-05-05 08:48:48",1295
"2020-05-05 09:48:12",1295
"2020-05-05 10:48:12",1295
"2020-05-05 11:48:45",1295
"2020-05-05 12:48:31",1295
"2020-05-05 13:48:25",1295
"2020-05-05 14:48:24",1294
"2020-05-05 15:48:20",1294
"2020-05-05 16:48:30",1294
"2020-05-05 17:48:18",1295
"2020-05-05 18:48:13",1297
"2020-05-05 19:48:59",1304
"2020-05-05 20:48:30",1301
"2020-05-05 21:48:08",1304
"2020-05-05 22:48:11",1305
"2020-05-05 23:48:54",1305
"2020-05-06 00:48:26",1305
"2020-05-06 01:48:29",1305
"2020-05-06 02:48:19",1305
"2020-05-06 03:48:10",1305
"2020-05-06 04:48:27",1305
"2020-05-06 05:48:22",1305
"2020-05-06 06:48:11",1305
"2020-05-06 17:48:52",1304
"2020-05-06 18:49:00",1303
"2020-05-06 19:48:15",1302
"2020-05-06 20:48:49",1300
"2020-05-06 21:48:51",1300
"2020-05-06 22:48:58",1301
"2020-05-06 23:49:01",1301
"2020-05-07 00:48:27",1301
"2020-05-07 01:48:32",1301
"2020-05-07 02:48:08",1301
"2020-05-07 03:48:26",1301
"2020-05-07 04:48:31",1301
"2020-05-07 05:48:15",1301
"2020-05-07 06:48:24",1301
"2020-05-07 08:48:29",1301
"2020-05-07 09:48:20",1301
"2020-05-07 10:48:46",1301
"2020-05-07 11:48:29",1301
"2020-05-07 12:48:27",1301
"2020-05-07 13:48:36",1301
"2020-05-07 14:48:47",1302
"2020-05-07 15:48:20",1304
"2020-05-07 16:48:30",1304
"2020-05-07 17:48:19",1306
"2020-05-07 18:48:11",1306
"2020-05-07 19:49:11",1307
"2020-05-07 20:48:10",1306
"2020-05-07 21:48:09",1306
"2020-05-07 22:48:09",1309
"2020-05-07 23:48:27",1309
"2020-05-08 00:48:19",1309
"2020-05-08 01:48:09",1309
"2020-05-08 02:48:17",1309
"2020-05-08 03:48:26",1309
"2020-05-08 04:48:12",1309
"2020-05-08 05:48:13",1309
"2020-05-08 06:48:14",1309
"2020-05-08 07:48:23",1309
"2020-05-08 08:48:35",1309
"2020-05-08 09:48:22",1309
"2020-05-08 10:48:19",1309
"2020-05-08 11:48:27",1309
"2020-05-08 13:10:55",1309
"2020-05-08 13:48:35",1309
"2020-05-08 14:48:24",1316
"2020-05-08 15:48:25",1323
"2020-05-08 16:48:54",1330
"2020-05-08 17:48:55",1329
"2020-05-08 18:48:28",1331
"2020-05-08 19:48:15",1332
"2020-05-08 20:48:28",1327
"2020-05-08 21:48:21",1328
"2020-05-08 22:48:31",1328
"2020-05-08 23:48:23",1328
"2020-05-09 00:48:18",1328
"2020-05-09 01:48:35",1328
"2020-05-09 02:48:24",1328
"2020-05-09 03:49:06",1328
"2020-05-09 04:48:19",1328
"2020-05-09 05:48:27",1328
"2020-05-09 06:48:36",1328
"2020-05-09 07:48:16",1328
"2020-05-09 08:48:38",1328
"2020-05-09 09:48:24",1328
"2020-05-09 10:48:24",1328
"2020-05-09 11:48:12",1328
"2020-05-09 12:48:17",1328
"2020-05-09 13:48:20",1328
"2020-05-09 14:48:14",1328
"2020-05-09 15:48:23",1328
"2020-05-09 16:48:13",1328
"2020-05-09 17:48:24",1328
"2020-05-09 18:48:25",1328
"2020-05-09 19:48:20",1328
"2020-05-09 20:48:15",1328
"2020-05-09 21:48:33",1328
"2020-05-09 22:48:26",1328
"2020-05-09 23:48:17",1328
"2020-05-10 00:48:50",1328
"2020-05-10 01:48:18",1328
"2020-05-10 02:48:59",1328
"2020-05-10 03:48:30",1328
"2020-05-10 04:48:31",1328
"2020-05-10 05:48:39",1328
"2020-05-10 06:48:23",1328
"2020-05-10 07:48:34",1328
"2020-05-10 08:48:25",1328
"2020-05-10 09:48:29",1328
"2020-05-10 10:48:27",1328
"2020-05-10 11:48:33",1328
"2020-05-10 12:48:21",1328
"2020-05-10 13:48:31",1328
"2020-05-10 14:48:14",1328
"2020-05-10 15:48:25",1328
"2020-05-10 16:48:21",1328
"2020-05-10 17:48:18",1328
"2020-05-10 18:48:29",1328
"2020-05-10 19:48:21",1328
"2020-05-10 20:48:36",1328
"2020-05-10 21:48:22",1328
"2020-05-10 22:48:24",1328
"2020-05-10 23:48:27",1328
"2020-05-11 00:48:27",1328
"2020-05-11 01:48:14",1328
"2020-05-11 02:48:26",1328
"2020-05-11 03:49:03",1328
"2020-05-11 04:48:24",1328
"2020-05-11 05:48:20",1328
"2020-05-11 06:48:25",1328
"2020-05-11 07:48:35",1328
"2020-05-11 08:48:42",1328
"2020-05-11 09:48:26",1328
"2020-05-11 10:48:23",1328
"2020-05-11 11:48:13",1328
"2020-05-11 13:09:54",1329
"2020-05-11 13:48:36",1329
"2020-05-11 14:48:29",1356
"2020-05-11 15:48:58",1355
"2020-05-11 16:48:28",1353
"2020-05-11 17:48:30",1353
"2020-05-11 18:48:28",1350
"2020-05-11 19:48:17",1350
"2020-05-11 20:48:20",1350
"2020-05-11 21:48:22",1350
"2020-05-11 22:48:08",1350
"2020-05-11 23:48:35",1350
"2020-05-12 00:48:25",1350
"2020-05-12 01:48:27",1350
"2020-05-12 02:48:19",1350
"2020-05-12 03:48:13",1350
"2020-05-12 04:48:20",1350
"2020-05-12 05:48:16",1350
"2020-05-12 06:48:31",1350
"2020-05-12 07:48:19",1350
"2020-05-12 08:48:19",1350
"2020-05-12 09:49:40",1350
"2020-05-12 10:48:29",1350
"2020-05-12 11:48:12",1350
"2020-05-12 13:15:54",1350
"2020-05-12 17:48:13",1367
"2020-05-12 18:48:14",1367
"2020-05-12 19:48:45",1377
"2020-05-12 20:48:49",1381
"2020-05-12 21:48:34",1381
"2020-05-12 22:48:12",1381
"2020-05-12 23:48:13",1381
"2020-05-13 00:48:45",1381
"2020-05-13 01:48:24",1381
"2020-05-13 02:48:54",1381
"2020-05-13 03:48:50",1381
"2020-05-13 06:48:18",1381
"2020-05-13 07:48:43",1381
"2020-05-13 08:48:40",1381
"2020-05-13 09:48:10",1381
"2020-05-13 10:48:18",1381
"2020-05-13 11:48:12",1381
"2020-05-13 12:48:13",1381
"2020-05-13 13:48:14",1380
"2020-05-13 14:48:13",1372
"2020-05-13 15:48:22",1377
"2020-05-13 16:48:45",1377
"2020-05-13 17:48:17",1383
"2020-05-13 18:48:37",1385
"2020-05-13 19:48:18",1386
"2020-05-13 20:48:15",1388
"2020-05-13 21:48:14",1388
"2020-05-13 22:48:20",1388
"2020-05-13 23:48:25",1388
"2020-05-14 00:48:41",1388
"2020-05-14 01:48:21",1388
"2020-05-14 02:48:15",1388
"2020-05-14 03:48:23",1388
"2020-05-14 04:48:16",1388
"2020-05-14 05:48:21",1388
"2020-05-14 06:48:32",1388
"2020-05-14 07:48:19",1388
"2020-05-14 08:48:32",1388
"2020-05-14 09:48:13",1388
"2020-05-14 10:48:24",1388
"2020-05-14 11:48:30",1388
"2020-05-14 12:48:23",1388
"2020-05-14 13:48:28",1387
"2020-05-14 14:48:25",1388
"2020-05-14 15:48:20",1390
"2020-05-14 16:48:09",1395
"2020-05-14 17:48:13",1395
"2020-05-14 18:48:36",1396
"2020-05-14 19:48:33",1402
"2020-05-14 20:48:14",1403
"2020-05-14 21:48:20",1403
"2020-05-14 22:48:40",1403
"2020-05-14 23:48:28",1403
"2020-05-15 00:48:46",1403
"2020-05-15 01:48:41",1403
"2020-05-15 02:48:50",1403
"2020-05-15 03:48:51",1403
"2020-05-15 04:48:52",1403
"2020-05-15 05:48:22",1403
"2020-05-15 06:48:46",1403
"2020-05-15 07:48:13",1403
"2020-05-15 08:48:27",1403
"2020-05-15 09:48:32",1403
"2020-05-15 10:48:14",1403
"2020-05-15 11:48:19",1403
"2020-05-15 12:48:15",1403
"2020-05-15 13:48:24",1403
"2020-05-15 14:48:12",1404
"2020-05-15 15:48:20",1409
"2020-05-15 16:48:10",1413
"2020-05-15 17:48:34",1414
"2020-05-15 18:48:13",1414
"2020-05-15 19:48:28",1414
"2020-05-15 20:48:21",1416
"2020-05-15 21:48:23",1416
"2020-05-15 22:48:10",1417
"2020-05-15 23:48:09",1417
"2020-05-16 00:48:42",1417
"2020-05-16 01:48:35",1417
"2020-05-16 02:49:02",1417
"2020-05-16 03:48:33",1417
"2020-05-16 04:48:19",1417
"2020-05-16 05:48:18",1417
"2020-05-16 06:48:54",1417
"2020-05-16 07:48:50",1417
"2020-05-16 08:48:19",1417
"2020-05-16 09:48:30",1417
"2020-05-16 10:48:14",1417
"2020-05-16 11:48:10",1417
"2020-05-16 12:48:25",1417
"2020-05-16 13:48:19",1417
"2020-05-16 14:48:12",1417
"2020-05-16 15:48:24",1417
"2020-05-16 16:48:18",1417
"2020-05-16 17:48:15",1417
"2020-05-16 18:48:20",1417
"2020-05-16 19:48:15",1417
"2020-05-16 20:48:24",1417
"2020-05-16 21:48:21",1417
"2020-05-16 22:48:24",1417
"2020-05-16 23:48:23",1417
"2020-05-17 00:48:36",1417
"2020-05-17 01:48:29",1417
"2020-05-18 09:51:50",1417
"2020-05-18 09:59:01",1417
"2020-05-18 10:01:12",1417
"2020-05-18 10:01:54",1417
"2020-05-18 10:02:04",1417
"2020-05-18 10:02:29",1417
"2020-05-18 10:03:13",1417
"2020-05-18 10:03:19",1417
"2020-05-18 10:03:33",1417
"2020-05-18 10:14:30",1417
"2020-05-18 10:14:40",1417
"2020-05-18 10:14:52",1417
"2020-05-18 10:15:15",1417
"2020-05-18 10:15:18",1417
"2020-05-18 10:16:29",1417
"2020-05-18 10:17:05",1417
"2020-05-18 10:20:21",1417
"2020-05-18 10:31:32",1417
"2020-05-18 10:36:46",1417
"2020-05-18 10:42:25",1417
"2020-05-18 11:00:21",1417
"2020-05-18 11:04:53",1417
"2020-05-18 11:13:38",1417
"2020-05-18 11:13:47",1417
"2020-05-18 11:14:32",1417
"2020-05-18 11:22:19",1417
"2020-05-18 11:27:36",1417
"2020-05-18 11:32:52",1417
"2020-05-18 11:37:14",1417
"2020-05-18 11:38:44",1417
"2020-05-18 11:47:34",1417
"2020-05-18 11:55:10",1417
"2020-05-18 12:02:47",1417
"2020-05-18 12:10:25",1417
"2020-05-18 13:10:23",1417
"2020-05-18 13:48:28",1417
"2020-05-18 14:48:20",1413
"2020-05-18 15:49:00",1418
"2020-05-18 16:49:13",1431
"2020-05-18 17:48:19",1433
"2020-05-18 18:48:53",1439
"2020-05-18 19:48:48",1439
"2020-05-18 20:48:26",1441
"2020-05-18 21:48:53",1442
"2020-05-18 22:48:59",1442
"2020-05-18 23:49:02",1442
"2020-05-19 01:48:14",1442
"2020-05-19 02:48:34",1442
"2020-05-19 03:48:29",1442
"2020-05-19 04:48:22",1442
"2020-05-19 05:48:28",1442
"2020-05-19 06:48:27",1442
"2020-05-19 07:48:29",1442
"2020-05-19 08:48:41",1442
"2020-05-19 09:49:10",1442
"2020-05-19 10:48:25",1442
"2020-05-19 11:48:45",1442
"2020-05-19 13:10:56",1443
"2020-05-19 13:48:29",1443
"2020-05-19 14:48:21",1449
"2020-05-19 15:48:17",1473
"2020-05-19 16:48:28",1480
"2020-05-19 17:48:18",1493
"2020-05-19 18:48:28",1498
"2020-05-19 19:48:25",1507
"2020-05-19 20:48:31",1522
"2020-05-19 21:48:31",1523
"2020-05-19 22:48:50",1525
"2020-05-19 23:48:23",1525
"2020-05-20 00:48:56",1525
"2020-05-20 01:49:06",1525
"2020-05-20 02:48:56",1525
"2020-05-20 03:48:57",1525
"2020-05-20 04:48:34",1525
"2020-05-20 05:48:25",1525
"2020-05-20 06:48:20",1525
"2020-05-20 07:48:39",1525
"2020-05-20 08:48:19",1525
"2020-05-20 09:48:29",1525
"2020-05-20 10:48:17",1525
"2020-05-20 11:48:19",1525
"2020-05-20 12:48:15",1525
"2020-05-20 13:48:28",1524
"2020-05-20 14:48:19",1532
"2020-05-20 15:49:04",1529
"2020-05-20 16:48:18",1527
"2020-05-20 17:48:56",1534
"2020-05-20 18:48:26",1537
"2020-05-20 19:48:26",1540
"2020-05-20 20:48:15",1543
"2020-05-20 21:48:30",1543
"2020-05-20 22:48:10",1542
"2020-05-20 23:48:21",1542
"2020-05-21 00:48:53",1542
"2020-05-21 01:48:15",1542
"2020-05-21 02:48:26",1542
"2020-05-21 03:48:25",1542
"2020-05-21 04:48:18",1542
"2020-05-21 05:48:22",1542
"2020-05-21 06:48:25",1542
"2020-05-21 07:48:27",1542
"2020-05-21 08:48:29",1542
"2020-05-21 09:48:16",1542
"2020-05-21 10:48:23",1542
"2020-05-21 11:48:27",1542
"2020-05-21 12:48:22",1542
"2020-05-21 13:48:28",1542
"2020-05-21 14:48:25",1559
"2020-05-21 15:48:18",1562
"2020-05-21 16:48:39",1559
"2020-05-21 17:48:30",1561
"2020-05-21 18:48:26",1557
"2020-05-21 19:48:16",1556
"2020-05-21 20:48:26",1558
"2020-05-21 21:48:29",1558
"2020-05-21 22:48:31",1559
"2020-05-21 23:48:58",1559
"2020-05-22 00:49:56",1559
"2020-05-22 01:48:28",1559
"2020-05-22 02:48:29",1559
"2020-05-22 03:49:03",1559
"2020-05-22 04:48:29",1559
"2020-05-22 05:48:35",1559
"2020-05-22 06:48:22",1559
"2020-05-22 07:48:26",1559
"2020-05-22 08:48:43",1559
"2020-05-22 09:48:30",1559
"2020-05-22 10:48:25",1559
"2020-05-22 11:48:21",1559
"2020-05-22 12:48:27",1559
"2020-05-22 13:48:35",1559
"2020-05-22 14:48:19",1576
"2020-05-22 15:48:20",1582
"2020-05-22 16:48:24",1586
"2020-05-22 17:48:24",1590
"2020-05-22 18:48:53",1592
"2020-05-22 19:48:22",1593
"2020-05-22 20:48:14",1597
"2020-05-22 21:48:16",1597
"2020-05-22 22:48:22",1599
"2020-05-22 23:48:16",1599
"2020-05-23 00:48:26",1599
"2020-05-23 01:48:18",1599
"2020-05-23 02:48:35",1599
"2020-05-23 03:48:28",1599
"2020-05-23 04:48:40",1599
"2020-05-23 05:48:24",1599
"2020-05-23 06:48:36",1599
"2020-05-23 07:48:36",1599
"2020-05-23 08:48:36",1599
"2020-05-23 09:48:28",1599
"2020-05-23 10:48:20",1599
"2020-05-23 11:48:38",1599
"2020-05-23 12:48:23",1599
"2020-05-23 13:48:30",1599
"2020-05-23 14:48:26",1599
"2020-05-23 15:48:17",1599
"2020-05-23 16:48:34",1599
"2020-05-23 17:48:28",1599
"2020-05-23 18:48:38",1599
"2020-05-23 19:48:22",1599
"2020-05-23 20:48:14",1599
"2020-05-23 21:48:16",1599
"2020-05-23 22:48:23",1599
"2020-05-23 23:48:22",1599
"2020-05-24 00:48:35",1599
"2020-05-24 01:48:38",1599
"2020-05-24 02:48:17",1599
"2020-05-24 03:48:24",1599
"2020-05-24 04:48:25",1599
"2020-05-24 05:48:17",1599
"2020-05-24 06:48:20",1599
"2020-05-24 07:48:19",1599
"2020-05-24 08:48:29",1599
"2020-05-24 09:48:16",1599
"2020-05-24 10:48:34",1599
"2020-05-24 11:48:29",1599
"2020-05-24 12:48:23",1599
"2020-05-24 13:48:32",1599
"2020-05-24 14:48:27",1599
"2020-05-24 15:48:13",1599
"2020-05-24 16:48:34",1599
"2020-05-24 17:48:30",1599
"2020-05-24 18:48:33",1599
"2020-05-24 19:48:27",1599
"2020-05-24 20:48:27",1599
"2020-05-24 21:48:39",1599
"2020-05-24 22:48:31",1599
"2020-05-24 23:48:15",1599
"2020-05-25 00:48:19",1599
"2020-05-25 01:48:40",1599
"2020-05-25 02:48:28",1599
"2020-05-25 03:48:48",1599
"2020-05-25 04:48:23",1599
"2020-05-25 06:49:46",1599
"2020-05-25 07:48:30",1599
"2020-05-25 08:48:38",1599
"2020-05-25 09:48:27",1599
"2020-05-25 10:48:23",1599
"2020-05-25 11:48:39",1599
"2020-05-25 12:48:24",1599
"2020-05-25 13:48:15",1599
"2020-05-25 14:48:35",1599
"2020-05-25 15:48:21",1599
"2020-05-25 16:48:11",1599
"2020-05-25 17:48:23",1599
"2020-05-25 18:48:24",1599
"2020-05-25 19:48:30",1599
"2020-05-25 20:48:29",1599
"2020-05-25 21:48:14",1599
"2020-05-25 22:48:13",1599
"2020-05-25 23:48:15",1599
"2020-05-26 00:48:28",1599
"2020-05-26 01:48:15",1599
"2020-05-26 02:48:12",1599
"2020-05-26 03:48:28",1599
"2020-05-26 04:48:36",1599
"2020-05-26 05:48:23",1599
"2020-05-26 06:48:28",1599
"2020-05-26 07:48:33",1599
"2020-05-26 08:48:36",1599
"2020-05-26 09:48:27",1599
"2020-05-26 10:48:24",1599
"2020-05-26 11:48:31",1599
"2020-05-26 12:48:21",1599
"2020-05-26 13:48:29",1599
"2020-05-26 14:48:25",1607
"2020-05-26 15:48:21",1607
"2020-05-26 16:48:18",1612
"2020-05-26 17:48:26",1613
"2020-05-26 18:48:17",1612
"2020-05-26 19:48:19",1614
"2020-05-26 20:48:26",1620
"2020-05-26 21:48:43",1622
"2020-05-26 22:48:17",1624
"2020-05-26 23:48:19",1624
"2020-05-27 00:49:07",1624
"2020-05-27 01:48:16",1624
"2020-05-27 02:48:19",1624
"2020-05-27 03:48:23",1624
"2020-05-27 04:48:25",1624
"2020-05-27 05:48:20",1624
"2020-05-27 06:48:30",1624
"2020-05-27 07:48:28",1624
"2020-05-27 08:48:20",1624
"2020-05-27 09:48:16",1624
"2020-05-27 10:48:19",1624
"2020-05-27 11:48:12",1624
"2020-05-27 13:11:25",1623
"2020-05-27 13:48:40",1623
"2020-05-27 14:48:27",1630
"2020-05-27 15:48:16",1630
"2020-05-27 16:48:18",1647
"2020-05-27 17:48:15",1656
"2020-05-27 18:48:15",1658
"2020-05-27 19:48:29",1663
"2020-05-27 20:48:24",1676
"2020-05-27 21:48:19",1676
"2020-05-27 22:48:21",1676
"2020-05-27 23:48:17",1676
"2020-05-28 00:48:28",1676
"2020-05-28 01:48:33",1676
"2020-05-28 02:48:20",1676
"2020-05-28 03:48:20",1676
"2020-05-28 04:48:22",1676
"2020-05-28 05:48:16",1676
"2020-05-28 06:48:22",1676
"2020-05-28 07:48:37",1676
"2020-05-28 08:48:29",1676
"2020-05-28 09:48:18",1676
"2020-05-28 10:48:34",1676
"2020-05-28 11:48:38",1676
"2020-05-28 13:12:01",1676
"2020-05-28 13:48:29",1676
"2020-05-28 14:48:35",1707
"2020-05-28 15:48:29",1716
"2020-05-28 16:48:42",1720
"2020-05-28 17:48:25",1719
"2020-05-28 18:48:24",1725
"2020-05-28 19:48:21",1724
"2020-05-28 20:48:41",1725
"2020-05-28 21:48:45",1725
"2020-05-28 22:48:23",1726
"2020-05-28 23:48:44",1726
"2020-05-29 00:48:30",1726
"2020-05-29 01:48:30",1726
"2020-05-29 02:49:05",1726
"2020-05-29 03:48:25",1726
"2020-05-29 04:48:32",1726
"2020-05-29 05:48:44",1725
"2020-05-29 06:48:41",1725
"2020-05-29 07:48:49",1725
"2020-05-29 08:48:39",1725
"2020-05-29 09:54:25",1725
"2020-05-29 10:48:32",1725
"2020-05-29 11:48:28",1725
"2020-05-29 12:49:00",1725
"2020-05-29 13:48:42",1725
"2020-05-29 14:48:30",1746
"2020-05-29 15:48:26",1753
"2020-05-29 16:48:17",1753
"2020-05-29 17:48:33",1759
"2020-05-29 18:48:33",1764
"2020-05-29 19:48:28",1772
"2020-05-29 20:48:43",1783
"2020-05-29 21:48:24",1784
"2020-05-29 22:48:27",1785
"2020-05-29 23:48:40",1785
"2020-05-30 00:48:22",1785
"2020-05-30 01:48:17",1785
"2020-05-30 02:48:26",1785
"2020-05-30 03:48:29",1785
"2020-05-30 04:48:24",1785
"2020-05-30 05:48:30",1785
"2020-05-30 06:48:32",1785
"2020-05-30 07:49:02",1785
"2020-05-30 08:48:31",1785
"2020-05-30 09:48:23",1785
"2020-05-30 10:48:32",1785
"2020-05-30 11:48:29",1785
"2020-05-30 12:48:27",1785
"2020-05-30 13:48:26",1785
"2020-05-30 14:48:19",1785
"2020-05-30 15:48:23",1785
"2020-05-30 16:48:45",1785
"2020-05-30 17:48:29",1785
"2020-05-30 18:48:26",1785
"2020-05-30 19:48:35",1785
"2020-05-30 20:48:23",1785
"2020-05-30 21:48:35",1785
"2020-05-30 22:48:25",1785
"2020-05-30 23:48:36",1785
"2020-05-31 00:48:34",1785
"2020-05-31 01:48:37",1785
"2020-05-31 02:48:31",1785
"2020-05-31 03:48:31",1785
"2020-05-31 04:48:24",1785
"2020-05-31 05:48:35",1785
"2020-05-31 06:48:33",1785
"2020-05-31 07:48:36",1785
"2020-05-31 09:32:30",1785
"2020-05-31 09:48:27",1785
"2020-05-31 13:14:28",1785
"2020-05-31 13:22:12",1785
"2020-05-31 13:23:40",1785
"2020-06-01 05:21:29",1785
"2020-06-01 05:38:59",1785
"2020-06-01 05:39:09",1785
"2020-06-01 05:40:08",1785
"2020-06-01 05:52:55",1785
"2020-06-01 05:54:52",1785
"2020-06-01 06:06:07",1785
"2020-06-01 06:06:28",1785
"2020-06-01 06:16:09",1785
"2020-06-01 06:20:15",1785
"2020-06-01 06:22:16",1785
"2020-06-01 06:23:32",1785
"2020-06-01 06:28:24",1785
"2020-06-01 06:30:07",1785
"2020-06-01 06:32:23",1785
"2020-06-01 06:41:01",1785
"2020-06-01 06:48:37",1785
"2020-06-01 06:56:13",1785
"2020-06-01 07:48:28",1785
"2020-06-01 08:48:43",1785
"2020-06-01 09:48:49",1785
"2020-06-01 10:48:23",1785
"2020-06-01 11:48:26",1785
"2020-06-01 13:09:59",1783
"2020-06-01 13:49:21",1783
"2020-06-01 14:48:33",1804
"2020-06-01 15:48:29",1813
"2020-06-01 16:49:06",1818
"2020-06-01 17:49:01",1827
"2020-06-01 18:48:58",1842
"2020-06-01 19:48:35",1849
"2020-06-01 20:48:31",1861
"2020-06-01 21:48:27",1865
"2020-06-01 22:48:20",1867
"2020-06-01 23:48:32",1867
"2020-06-02 00:48:33",1867
"2020-06-02 01:48:20",1867
"2020-06-02 02:48:20",1867
"2020-06-02 03:48:28",1867
"2020-06-02 04:48:26",1867
"2020-06-02 05:48:29",1867
"2020-06-02 06:48:42",1867
"2020-06-02 07:48:33",1867
"2020-06-02 08:48:40",1867
"2020-06-02 09:48:25",1867
"2020-06-02 10:48:39",1867
"2020-06-02 11:48:27",1867
"2020-06-02 12:48:37",1867
"2020-06-02 13:48:39",1869
"2020-06-02 14:49:10",1869
"2020-06-02 15:49:05",1889
"2020-06-02 16:48:27",1890
"2020-06-02 17:49:04",1896
"2020-06-02 18:48:22",1878
"2020-06-02 19:48:49",1877
"2020-06-02 20:49:07",1874
"2020-06-02 21:48:18",1877
"2020-06-02 22:48:31",1877
"2020-06-02 23:48:19",1877
"2020-06-03 00:48:38",1877
"2020-06-03 01:49:08",1877
"2020-06-03 02:48:17",1877
"2020-06-03 03:48:56",1877
"2020-06-03 04:48:50",1877
"2020-06-03 05:48:18",1877
"2020-06-03 06:48:27",1877
"2020-06-03 07:49:01",1877
"2020-06-03 09:24:51",1877
"2020-06-03 09:48:30",1877
"2020-06-03 10:48:28",1877
"2020-06-03 11:48:31",1877
"2020-06-03 13:13:33",1873
"2020-06-03 13:48:31",1873
"2020-06-03 14:48:22",1901
"2020-06-03 15:49:08",1908
"2020-06-03 16:48:59",1909
"2020-06-03 17:49:00",1921
"2020-06-03 18:49:15",1935
"2020-06-03 19:48:52",1939
"2020-06-03 20:48:28",1939
"2020-06-03 21:48:27",1948
"2020-06-03 22:48:26",1949
"2020-06-03 23:48:18",1949
"2020-06-04 00:49:01",1949
"2020-06-04 01:48:35",1949
"2020-06-04 02:48:27",1949
"2020-06-04 03:48:34",1949
"2020-06-04 04:48:34",1949
"2020-06-04 05:48:28",1949
"2020-06-04 06:48:28",1949
"2020-06-04 07:48:42",1949
"2020-06-04 08:48:49",1949
"2020-06-04 09:48:37",1949
"2020-06-04 10:48:26",1949
"2020-06-04 11:48:37",1949
"2020-06-04 12:48:25",1949
"2020-06-04 13:49:06",1950
"2020-06-04 14:49:28",1946
"2020-06-04 15:49:09",1940
"2020-06-04 17:12:05",1948
"2020-06-04 17:48:36",1948
"2020-06-04 18:48:58",1958
"2020-06-04 19:48:23",1961
"2020-06-04 20:49:06",1966
"2020-06-04 21:49:02",1964
"2020-06-04 22:48:28",1966
"2020-06-04 23:48:32",1966
"2020-06-05 00:48:38",1966
"2020-06-05 01:48:25",1966
"2020-06-05 02:48:21",1966
"2020-06-05 03:48:27",1966
"2020-06-05 04:48:36",1966
"2020-06-05 05:48:37",1966
"2020-06-05 06:48:31",1966
"2020-06-05 07:48:32",1966
"2020-06-05 09:28:34",1966
"2020-06-05 09:48:23",1966
"2020-06-05 10:48:23",1966
"2020-06-05 11:48:27",1966
"2020-06-05 13:14:33",1966
"2020-06-05 13:48:59",1966
"2020-06-05 14:48:32",2011
"2020-06-05 15:48:34",2027
"2020-06-05 16:49:14",2038
"2020-06-05 17:48:34",2044
"2020-06-05 18:48:36",2051
"2020-06-05 19:48:35",2044
"2020-06-05 20:49:10",2083
"2020-06-05 21:48:34",2084
"2020-06-05 22:48:34",2085
"2020-06-05 23:48:36",2085
"2020-06-06 00:48:40",2085
"2020-06-06 01:48:24",2085
"2020-06-06 02:48:29",2085
"2020-06-06 03:48:40",2085
"2020-06-06 04:48:40",2085
"2020-06-06 05:48:45",2085
"2020-06-06 06:48:35",2085
"2020-06-06 07:49:20",2085
"2020-06-06 08:48:41",2085
"2020-06-06 09:57:48",2085
"2020-06-06 10:48:25",2085
"2020-06-06 11:48:33",2085
"2020-06-06 12:48:36",2085
"2020-06-06 13:48:25",2085
"2020-06-06 14:49:11",2085
"2020-06-06 15:48:32",2085
"2020-06-06 16:49:03",2085
"2020-06-06 18:48:33",2085
"2020-06-06 19:48:22",2085
"2020-06-06 20:48:30",2085
"2020-06-06 21:48:29",2085
"2020-06-06 22:48:30",2085
"2020-06-06 23:48:41",2085
"2020-06-07 00:48:46",2085
"2020-06-07 01:48:28",2085
"2020-06-07 02:48:32",2085
"2020-06-07 03:48:32",2085
"2020-06-07 04:48:33",2085
"2020-06-07 05:48:33",2085
"2020-06-07 06:48:32",2085
"2020-06-07 07:48:39",2085
"2020-06-07 08:48:38",2085
"2020-06-08 04:48:24",2085
"2020-06-08 05:48:19",2085
"2020-06-08 06:48:49",2085
"2020-06-08 07:48:16",2085
"2020-06-08 08:48:34",2085
"2020-06-08 09:48:26",2085
"2020-06-08 10:48:24",2085
"2020-06-08 11:48:29",2085
"2020-06-08 12:49:11",2085
"2020-06-08 13:48:34",2087
"2020-06-08 14:49:24",2160
"2020-06-08 15:48:28",2208
"2020-06-08 16:48:49",2248
"2020-06-08 17:48:47",2280
"2020-06-08 18:49:20",2293
"2020-06-08 19:49:16",2305
"2020-06-08 20:48:56",2341
"2020-06-08 21:48:42",2352
"2020-06-08 22:48:41",2359
"2020-06-08 23:48:37",2359
"2020-06-09 00:48:41",2359
"2020-06-09 01:48:52",2359
"2020-06-09 02:48:52",2359
"2020-06-09 03:48:27",2359
"2020-06-09 04:49:08",2359
"2020-06-09 05:49:19",2359
"2020-06-09 06:49:23",2359
"2020-06-09 07:48:53",2359
"2020-06-09 08:49:29",2359
